Feature	Gain	Cover	Frequency
ctrx_quarter_normalizado	0.0929426800423629	0.00682351486809952	0.00756828252099729
mcuentas_saldo	0.0613592371486887	0.00646081219151529	0.0056080947027313
cproductos	0.0267682572750462	0.00326075798299138	0.00197076912902586
cprestamos_personales_lag1	0.0207424354207668	0.00107077758774461	0.000489385622644005
vm_status06_avg6	0.0177552283701823	0.000835591314866749	0.000452351034984459
ccomisiones_mantenimiento_tend6	0.0151043148718315	0.00565009032459253	0.00367436016136499
mpayroll_sobre_edad	0.0125839544626608	0.0027238022811982	0.00137027974340321
ccajas_transacciones	0.0104169781628161	0.000784091386001123	0.000296276701276371
ccajas_consultas	0.00847504072982717	0.00523556379106288	0.000338601944315852
mpasivos_margen_avg6	0.00795884839213455	0.00422239035113308	0.00563454797963098
vm_status01_delta1	0.00770787314976269	0.000977991605388166	0.000161364989088023
cliente_edad	0.00741517355036114	0.00729518834147446	0.00612128827458501
mcuenta_corriente_avg6	0.00719069180724839	0.00788476178477358	0.00495205343561934
ctrx_quarter_normalizado_delta1	0.00697182309763444	0.00261580790446913	0.00362409893525561
cprestamos_personales_avg6	0.00692012936340359	0.00482273976325496	0.00109252033595662
ctransferencias_recibidas_avg6	0.00656746299483686	0.00249667596478171	0.00407909529793003
ctrx_quarter_normalizado_tend6	0.00642009556381223	0.00222958654264934	0.00306064413729251
mpayroll_lag1	0.0063880777946732	0.00240805468924014	0.00163216718471001
numero_de_cliente	0.00634681126486825	0.00773967329682429	0.00597050459625686
cliente_edad_lag1	0.00600474972577309	0.00866587987027838	0.00744395211956881
Visa_mpagominimo	0.00572611514371458	0.001499337914184	0.00283050062826533
mcuenta_corriente_tend6	0.00488740641290761	0.00724309908370516	0.00457641690364394
mv_status07_delta1	0.00481609220593521	0.00263119014217617	0.00076979035778057
ctrx_quarter_normalizado_lag1	0.00475088705738086	0.00399250572047717	0.00663448184643873
mrentabilidad_annual_tend6	0.00453862371651477	0.00801422465434765	0.00545202036902321
mrentabilidad_annual_lag1	0.00449702682689431	0.0042274625201536	0.0045552542821242
ccomisiones_otras_tend6	0.00441441729346727	0.00440495946198279	0.00489650155413002
cliente_edad_avg6	0.00427978858992013	0.00694735448528296	0.00607896303154553
mrentabilidad_annual_avg6	0.00425475761051635	0.00490639781159891	0.00435685470537663
mactivos_margen	0.00423416473749527	0.00365864597098393	0.00545731102440315
mcuenta_corriente_lag1	0.00421386088010422	0.0072491111656871	0.00498908802327888
Visa_mconsumospesos_avg6	0.00415149557757542	0.00135437285500215	0.0024733813901197
Master_delinquency_lag1	0.00412611826562923	1.67434310155321e-05	3.43892599695787e-05
Visa_mlimitecompra	0.00389099816988689	0.000862626850757579	0.00179882282917796
mcaja_ahorro_tend6	0.00384178768959139	0.0021478181713505	0.00431717479002712
ccomisiones_otras_avg6	0.00375412330166354	0.00338849690616581	0.00590966205938761
mrentabilidad_lag1	0.00374475022692962	0.00338584000053813	0.00450499305601481
mactivos_margen_delta1	0.00374162074984477	0.00371611220308677	0.00365848819522518
mpasivos_margen_lag1	0.00368623704030063	0.00272318629631658	0.00495998941868924
mcuentas_saldo_avg6	0.00361550508372825	0.00376464926205614	0.00622181072680378
mcaja_ahorro	0.00360662464651459	0.00500794202114331	0.00815289994048013
Visa_msaldototal_avg6	0.00357526519692623	0.00116299973821975	0.00205012895972489
mprestamos_personales	0.00357028396966074	0.00970755028906368	0.00133589048343364
cpayroll_trx	0.00352263636408217	0.00218119551208088	0.000663977250181866
mrentabilidad_avg6	0.00350913997279279	0.00323539192258874	0.00473778189273196
vmr_mpagominimo_tend6	0.00346506215664031	0.000822817886131531	0.00157661530322069
mrentabilidad_annual_delta1	0.00343196133649902	0.00648746585154819	0.00510019178625752
Master_mfinanciacion_limite_tend6	0.0034159584635508	0.00277897667867563	0.00400767145030091
Visa_mfinanciacion_limite_tend6	0.00341236589917954	0.0036086596380833	0.00290456980358442
Visa_msaldototal	0.00340653438649075	0.00197317515759466	0.00275378612525627
ctrx_quarter_avg6	0.00339115378850671	0.00577964938747831	0.00659215660339925
mactivos_margen_avg6	0.00333185909663576	0.00411325498265245	0.00372726671516434
mcomisiones_avg6	0.00328758790404656	0.00449662357535445	0.00513722637391707
Visa_Fvencimiento_lag1	0.0032717491669947	0.00309841148775668	0.0035024138615171
mcaja_ahorro_avg6	0.00324325558839886	0.00272868148411751	0.00455260895443423
mpasivos_margen_tend6	0.00321538265739182	0.00256832781297302	0.00432511077309702
Visa_mfinanciacion_limite	0.00314549646432772	0.00202246321976872	0.00269029826069704
Visa_fechaalta	0.00314389297098039	0.00256035767556776	0.00382249851200317
vmr_Visa_mlimitecompra	0.00311055791853148	0.00135231339096708	0.0019019906090867
Master_mfinanciacion_limite_delta1	0.00310519292505126	0.00158817475546026	0.00310826003571192
mcuenta_corriente	0.0030716456134659	0.00677742552327875	0.00506315719859798
ctrx_quarter	0.00306014838159036	0.00365007143825268	0.00434098273923682
mcuenta_corriente_delta1	0.00304505992815659	0.00655379809370631	0.00676410290324714
vm_Fvencimiento_avg6	0.00301594024859855	0.00322176028725928	0.00377752794127373
ctrx_quarter_tend6	0.00300333195970867	0.00317946246556216	0.00526949275841545
Visa_cconsumos_tend6	0.00300143967061823	0.00124186666426717	0.00258713048078831
cproductos_avg6	0.00298228736984227	0.00358770745994152	0.00348654189537729
mcuentas_saldo_delta1	0.00293227449761585	0.00302932324927025	0.00326433436942001
mcomisiones_mantenimiento_tend6	0.00285613820114427	0.00611456668392259	0.00433304675616692
ctrx_quarter_delta1	0.00282920326170632	0.00183049845617152	0.00365584286753522
mpasivos_margen	0.00282733930253508	0.00632382306451651	0.00695721182461478
mpasivos_margen_delta1	0.00280055005261157	0.00220863146711865	0.00396270087957146
vm_fechaalta	0.00279822150251031	0.002058764605384	0.00328285166324979
cliente_antiguedad_avg6	0.00270598229350735	0.00450721584972051	0.0043595000330666
Master_fechaalta_lag1	0.00269790779572984	0.00145285220656076	0.00340718206467826
chomebanking_transacciones_lag1	0.00269726415851311	0.00100366015319269	0.00204748363203492
active_quarter_avg6	0.00269622041506316	0.00417597186293248	0.00272204219297666
chomebanking_transacciones_tend6	0.00268471728726654	0.00131697857429116	0.00292573242510416
Master_mfinanciacion_limite_avg6	0.00266619255521571	0.00155672591678635	0.00249983466701938
cliente_antiguedad	0.0026630019915953	0.00448250401973306	0.00490443753719992
ctrx_quarter_lag1	0.00265458461209041	0.00520563955843181	0.00844388598637656
mcomisiones_otras_avg6	0.00265422363607599	0.00317936569277267	0.00311355069109186
Master_Fvencimiento	0.00261317311398674	0.00272693435860662	0.00363732557370544
Visa_mlimitecompra_tend6	0.00260458957270862	0.00235394131558043	0.00311355069109186
Master_status_delta1	0.00259947242833613	0.00033116633676533	0.000164010316777991
ccomisiones_mantenimiento_avg6	0.00259734938833579	0.00387530460075736	0.00231730705641161
cliente_antiguedad_lag1	0.00257883196294319	0.00334300905928212	0.00434891872230673
mpayroll	0.00257046425907378	0.00227825050725283	0.000920574036108723
vmr_msaldopesos_tend6	0.00254313276278852	0.00107141906964861	0.00175914291382845
vm_Fvencimiento	0.00252538927067156	0.00291918944057229	0.00362938959063554
Master_Fvencimiento_avg6	0.00250620791577426	0.00342198260924131	0.00390450367039217
Visa_mpagospesos_tend6	0.00247682409053806	0.00127982535633723	0.00287018054361484
Visa_mconsumospesos_tend6	0.00247114456893252	0.00111017280523474	0.00234905098869122
mprestamos_personales_lag1	0.00246321422957857	0.0031709284962756	0.00109516566364658
Visa_msaldopesos	0.00244915817106332	0.00233059473524594	0.00267707162224721
chomebanking_transacciones_avg6	0.00241934541719053	0.00390028936477984	0.00538853250446399
Visa_mfinanciacion_limite_delta1	0.00237114243479196	0.00187975174967869	0.00262681039613782
cpayroll_trx_avg6	0.00228356797146214	0.00234667002837953	0.00228820845182197
mrentabilidad	0.00226810925044071	0.0026600660995007	0.00321936379869056
mcomisiones_tend6	0.00226111638682496	0.0034284258226926	0.00510019178625752
Master_fultimo_cierre	0.00225397442354383	0.00104602461483468	0.00179088684610806
mcaja_ahorro_lag1	0.00224117132019076	0.00365321742312786	0.0062773626082931
Visa_fultimo_cierre_tend6	0.00223583887904828	0.00146686919461485	0.00154487137094108
vm_mpagominimo_avg6	0.0021985432036022	0.00137023605926775	0.00317703855565108
mprestamos_personales_tend6	0.00217862142167825	0.00726609739789304	0.00118246147741551
mprestamos_personales_delta1	0.00217748022361811	0.00315331932545467	0.000931155346868593
mautoservicio_avg6	0.00217601837355208	0.00245515869965612	0.00324846240328021
mttarjeta_visa_debitos_automaticos_tend6	0.00217494084179996	0.00114064348541366	0.0019839957674757
mcuentas_saldo_tend6	0.00216501645016777	0.0043270446179302	0.00434362806692679
mactivos_margen_lag1	0.00215444434199515	0.00359863409298745	0.00406057800410026
Master_fechaalta	0.00213054522956881	0.00141313190203527	0.00300773758349316
mcomisiones_mantenimiento_lag1	0.0021214546596359	0.00253301327801944	0.00255803187619866
vmr_msaldototal_avg6	0.00208340690964351	0.00178372011226867	0.0021797500165333
Master_mlimitecompra_tend6	0.00208022636392005	0.00151075536491077	0.00239666688711064
ctarjeta_debito_avg6	0.00206878223109681	0.00260260971852015	0.00165068447853978
mrentabilidad_tend6	0.00204878269433857	0.00535134055439604	0.00487798426030025
vmr_msaldopesos2_delta1	0.00203313032269218	0.000745743864339745	0.00193108921367634
mcomisiones_otras_delta1	0.00203266152832298	0.00280140478672661	0.00328285166324979
ctransferencias_recibidas_tend6	0.0020209966773032	0.00168815321603934	0.00317174790027115
mtransferencias_recibidas	0.00201725263925957	0.00194053780999112	0.0035024138615171
Master_fechaalta_avg6	0.00200717087313988	0.00264018131943225	0.00342305403081807
mcomisiones	0.00199206535172435	0.00170936384127162	0.00343628066926791
vm_mlimitecompra	0.00198689572572471	0.000690666819129589	0.00159777792474043
mactivos_margen_tend6	0.00198291816061307	0.00324011061016261	0.00265061834534753
Visa_fechaalta_avg6	0.0019472399429483	0.00250882935229084	0.00297863897890351
ccomisiones_otras	0.00192505762459084	0.000910556037534269	0.00168242841081939
vm_msaldopesos_lag1	0.00191485430037736	0.000671145371630065	0.00159513259705046
vm_mconsumospesos_lag1	0.00191332936181537	0.00059107776761961	0.00173004430923881
Master_Fvencimiento_lag1	0.00190524444296349	0.00443466465201249	0.00456054493750413
mtransferencias_recibidas_lag1	0.00187330451774814	0.00121122503814273	0.00287811652668474
mcomisiones_otras	0.0018298708452724	0.00213962551447718	0.00316645724489121
vmr_Master_mlimitecompra	0.0018175538365762	0.00134553408040258	0.00174591627537861
Visa_fechaalta_lag1	0.00180513284389136	0.00199640700132844	0.00314793995106144
Visa_mfinanciacion_limite_avg6	0.00179776031889109	0.0019513224709806	0.00199722240592553
Visa_msaldopesos_delta1	0.00179509691174373	0.000623536056588703	0.0014284769525825
ccajas_consultas_tend6	0.00177239413607139	0.00843582661158809	0.000878248793069242
mcomisiones_lag1	0.00174263239385051	0.00131363556697031	0.00289134316513458
cliente_edad_tend6	0.00172740573593968	0.00168130436814107	0.00157661530322069
mtransferencias_recibidas_delta1	0.00169633783900307	0.00114455553991584	0.00226175517492229
mcaja_ahorro_dolares_lag1	0.00166470911183845	0.00241055919221131	0.00224059255340255
mpagomiscuentas_avg6	0.00165961021317478	0.00071717387128379	0.00162158587395014
mcomisiones_otras_lag1	0.00164999974830917	0.00189322750548495	0.00353415779379671
ctarjeta_visa_transacciones_tend6	0.00164261540550171	0.000647643491250161	0.00141525031413266
Visa_mpagado_tend6	0.00162687245854027	0.000732149315588296	0.00197870511209576
vm_mlimitecompra_tend6	0.00162213788721201	0.00152813969835252	0.00282520997288539
mcaja_ahorro_dolares	0.00161434919294603	0.00322490221578999	0.0014205409695126
mtransferencias_emitidas_avg6	0.00161143984164166	0.00105519890706967	0.00227233648568216
vm_mfinanciacion_limite	0.00160982008037185	0.00100024471114917	0.0018041134845579
Visa_mconsumospesos_lag1	0.00160535470598204	0.000619465804652208	0.00135176244957344
vmr_mpagominimo	0.00160503550789492	0.00147741047493614	0.00184643872759738
mtarjeta_visa_consumo_tend6	0.00159004702743183	0.000860464819155206	0.00191257191984657
Visa_cconsumos_avg6	0.00158250421518748	0.00103813212745212	0.00256067720388863
chomebanking_transacciones_delta1	0.0015707981040488	0.00184372677496513	0.00275643145294623
vmr_mpagospesos_tend6	0.0015684087277254	0.000890813809000034	0.00166920177236955
Visa_mlimitecompra_delta1	0.00156762414916434	0.0016765480145114	0.00281462866212552
vmr_mpagominimo_lag1	0.00156677385610977	0.00126597583736197	0.00241782950863038
vm_cconsumos_tend6	0.00156099745282372	0.00095071616569584	0.00199722240592553
Master_mlimitecompra_avg6	0.00155594015412841	0.00120940605738695	0.00233053369486145
mpayroll_sobre_edad_avg6	0.00155295150894428	0.00217255144201586	0.0021956219826731
mttarjeta_visa_debitos_automaticos_avg6	0.00153642163440281	0.000474596359304281	0.00144699424641227
Master_mfinanciacion_limite	0.00153546086239163	0.00121566441742598	0.00194696117981615
Visa_Fvencimiento_avg6	0.00151012632979815	0.00185597287891928	0.00222207525957278
mrentabilidad_delta1	0.00150785944880875	0.00316961655857853	0.00371139474902454
vm_fultimo_cierre_avg6	0.00150100889365903	0.00160120083650817	0.00150783678328153
vm_mlimitecompra_delta1	0.0014835927323127	0.00137714980867753	0.00250247999470934
ccallcenter_transacciones_delta1	0.00146906513694201	0.00297597246837086	0.00107664836981681
Visa_mpagado_avg6	0.00146191773961215	0.00109845344658387	0.00224588320878249
vm_mfinanciacion_limite_avg6	0.00145938546361102	0.00130185304524127	0.00178824151841809
vm_mconsumospesos_avg6	0.00145360946397507	0.00123032404633962	0.00221149394881291
Visa_msaldototal_tend6	0.00144031348487586	0.000826840620889952	0.00155809800939091
Visa_mpagominimo_avg6	0.00143274894088112	0.00121655623373154	0.00279611136829575
Visa_msaldopesos_avg6	0.00143160007337088	0.00126731906685923	0.00203954764896502
mextraccion_autoservicio_avg6	0.00142008620267152	0.00089238593222095	0.00205277428741485
Visa_mconsumospesos	0.00141964683232236	0.00122621207200287	0.00311619601878183
Visa_mpagominimo_delta1	0.00141386072698793	0.00109611235634705	0.00210568084121421
mcomisiones_mantenimiento_avg6	0.0014105913858281	0.00391955468309999	0.0033225315785993
Visa_mconsumototal_delta1	0.00140090297958159	0.000453693436773919	0.00127504794656438
ctarjeta_visa_transacciones	0.00138649933384542	0.0023756195793823	0.00225910984723233
ccallcenter_transacciones_avg6	0.0013758950757018	0.00160939870868151	0.00149990080021163
Master_mlimitecompra	0.00136232895466313	0.00121522807065659	0.00232259771179155
ccallcenter_transacciones_tend6	0.00136018240328089	0.0028968766485998	0.00190728126446664
Visa_cconsumos_lag1	0.00135939450674823	0.000900929752629789	0.00168771906619933
mrentabilidad_annual	0.00135441113906903	0.00448154208661595	0.00495734409099927
mcuenta_debitos_automaticos_tend6	0.00134001741919412	0.00197998054465933	0.00114807221744594
Visa_mlimitecompra_lag1	0.00133960800611746	0.000851368756420701	0.00123801335890483
ctarjeta_visa_transacciones_avg6	0.00133774043506897	0.00122348968538589	0.00246809073473977
cproductos_lag1	0.00130465143663724	0.00172252957646484	0.00157396997553072
cmobile_app_trx_tend6	0.00130336019985152	0.00373047919572081	0.0014284769525825
ccajas_consultas_delta1	0.00129962424560821	0.00425492339273597	0.000439124396534621
thomebanking_tend6	0.00128995582994798	0.00370850713668378	0.00197341445671583
vm_mfinanciacion_limite_delta1	0.00128954613516706	0.00141946327627475	0.00253686925467892
Visa_mpagospesos	0.00127598252614166	0.00143389574989809	0.00286753521592487
vmr_mconsumospesos_delta1	0.00127301634581869	0.000929682860664665	0.00156603399246082
vmr_mpagado_tend6	0.00127226929225146	0.000572688619704925	0.00151577276635143
vmr_mpagospesos_avg6	0.00127129274283712	0.0011320475120045	0.00232524303948152
vm_fechaalta_lag1	0.00127015189001234	0.00144732862434854	0.00252628794391905
vmr_mpagado_avg6	0.0012672954248826	0.00170042887336034	0.00192844388598638
Visa_mpagospesos_delta1	0.00126522497229895	0.00123852133903519	0.00280140202367568
vmr_mconsumototal_avg6	0.00126225484252941	0.000744061060862584	0.0016242312016401
matm_tend6	0.00125568255459801	0.00117189182477521	0.00169036439388929
Visa_mfinanciacion_limite_lag1	0.00125461612696603	0.00176078959698122	0.00167713775543946
vmr_Visa_mlimitecompra_lag1	0.0012542416506288	0.00125411392717688	0.001796177501488
ctarjeta_debito_transacciones_tend6	0.00124921315287255	0.00106939669219155	0.00196547847364592
ctrx_quarter_normalizado_avg6	0.00124618762418415	0.00413829653549751	0.00565041994577078
vm_status01_tend6	0.0012323187197074	0.000702465566236505	0.000436479068844653
Visa_mconsumototal_tend6	0.00123210190701817	0.000645642554471016	0.00186760134911712
ccuenta_debitos_automaticos_avg6	0.00122921026073387	0.000586457011790792	0.00119304278817539
vmr_msaldopesos2_avg6	0.00121170176911668	0.00124762725289198	0.00244428278553006
Visa_mconsumototal_avg6	0.00121116612699557	0.000776169924729499	0.00145228490179221
vm_cconsumos_avg6	0.00119222903819192	0.000768002764878564	0.00131737318960386
Visa_mpagosdolares_delta1	0.00119151319951668	0.00047473369553847	0.000399444481185107
ccaja_seguridad	0.00118392244275772	0.00267488218741533	6.87785199391575e-05
mextraccion_autoservicio_tend6	0.00118053797513446	0.00101411161445787	0.00164539382315984
vm_mconsumospesos_tend6	0.0011801730666517	0.000678355234186141	0.00158190595860062
vm_cconsumos_lag1	0.00117102349230983	0.000566981343035998	0.00152106342173137
mcaja_ahorro_dolares_delta1	0.00116081609358004	0.00126340817131262	0.00138350638185305
vm_Finiciomora_avg6	0.00114412748483178	0.00153189992967597	0.000235434164407116
vmr_mpagospesos_lag1	0.00113376192316488	0.000721765073745756	0.00211097149659414
tcallcenter_tend6	0.00112593239652245	0.00135917035155429	0.00110045631902652
vmr_Master_mlimitecompra_avg6	0.00112522667517015	0.00156018366070792	0.0019839957674757
mcomisiones_mantenimiento_delta1	0.00112221334343708	0.00262660763188093	0.00354209377686661
mpayroll_tend6	0.00112213371348695	0.00102941852005334	0.00114542688975597
mtransferencias_emitidas_tend6	0.00111300385525637	0.00122625263544757	0.00194167052443621
Visa_Fvencimiento	0.00111259715881815	0.0023922361047637	0.00328814231862972
mautoservicio	0.00110238629047265	0.00180714550158143	0.00198664109516566
Visa_mconsumosdolares_avg6	0.00110142928057209	0.000379844208835578	0.000875603465379274
Master_mconsumototal_avg6	0.00110021307521774	0.000776497329675985	0.00083592355002976
Master_msaldopesos_avg6	0.00109686064036816	0.000557281464453282	0.000830632894649825
vm_mconsumototal_avg6	0.00108613873832667	0.000749919001754673	0.000896766086899015
vm_mpagominimo_tend6	0.00108609879329177	0.000574665797895034	0.00137292507109318
mcaja_ahorro_delta1	0.0010837627544646	0.00123537419520445	0.00255009589312876
vmr_mconsumospesos_avg6	0.00107751626207882	0.000778586347077902	0.00212419813504398
mautoservicio_tend6	0.0010701986438734	0.000493213821464833	0.00112426426823623
chomebanking_transacciones	0.00107006346214053	0.00122425169866842	0.00259506646385821
mpayroll_sobre_edad_delta1	0.00106889707157395	0.00254706329630707	0.00131208253422393
vm_mfinanciacion_limite_tend6	0.00106821131616199	0.00167982322293183	0.00240989352556048
vmr_msaldopesos_lag1	0.0010625914400423	0.000858656848477264	0.00161100456319027
Master_mlimitecompra_delta1	0.00105986118000615	0.00086785721721242	0.00190728126446664
ctarjeta_debito_transacciones_delta1	0.00105786889173535	0.000681247987270848	0.000923219363798691
ctransferencias_emitidas_delta1	0.00105437837951199	0.000879770700920053	0.000777726340850473
vmr_msaldopesos2_lag1	0.00105273221924079	0.0017204411385407	0.00245486409628993
Master_mlimitecompra_lag1	0.00104928404482017	0.00117722997409739	0.00197076912902586
vmr_msaldopesos2_tend6	0.00104928090862379	0.00151279454722348	0.00205012895972489
mcuenta_debitos_automaticos	0.00104107101204739	0.00103605064326136	0.0010369684544673
ccomisiones_mantenimiento_delta1	0.00103836319584406	0.00316320173953852	0.00091263805303882
matm_other_avg6	0.00103509134916799	0.00106298998584048	0.00115336287282587
cprestamos_personales	0.00103255097669166	0.00481687544810727	0.000603134713312612
mcomisiones_mantenimiento	0.0010315207609956	0.00357692917320764	0.002367568282521
Visa_mpagominimo_lag1	0.00101788678436581	0.000764699741524631	0.00153693538787117
vmr_mconsumospesos_tend6	0.0010104371605137	0.000570459948157693	0.00134911712188347
mcuenta_debitos_automaticos_avg6	0.00101022876451616	0.000907301110836191	0.00109516566364658
vm_fultimo_cierre	0.00100938905870674	0.00159679390798068	0.00187024667680709
cprestamos_personales_delta1	0.00100220841170037	0.000872879551143742	0.000203690232127505
Master_fultimo_cierre_lag1	0.00100197311651615	0.00081782510556706	0.00108987500826665
vm_status02	0.00100178005517416	0.000884144019736216	0.000380927187355334
vm_msaldopesos	0.00099896697372177	0.00151522487703864	0.00235698697176113
ctransferencias_emitidas_tend6	0.000997174849600794	0.000613834439572643	0.00103432312677733
mv_status07	0.000994540573599097	0.0014196579808093	0.00089147543151908
catm_trx_other_tend6	0.000991091949393609	0.00183885858212366	0.00102638714370743
vm_fultimo_cierre_lag1	0.000976814614415846	0.000876875050446438	0.00135176244957344
Master_mpagospesos_avg6	0.000974926036996503	0.000671644881477625	0.000947027313008399
cprestamos_personales_tend6	0.000965127958000372	0.00286853496978971	0.000764499702400635
vm_mpagospesos_avg6	0.00095869103450017	0.00110698973378156	0.00178559619072813
cdescubierto_preacordado_avg6	0.000950992772791859	0.00208558109867346	0.000505257588783811
vmr_mconsumospesos_lag1	0.000949361801515618	0.000652827499482492	0.00148138350638185
ccomisiones_otras_delta1	0.000947912763536664	0.00075078821842676	0.0010528404206071
vmr_msaldototal_tend6	0.000944214463338412	0.00127381095644416	0.00176972422458832
Master_mpagado_tend6	0.000937038838157002	0.000469892738152724	0.000923219363798691
mtransferencias_recibidas_tend6	0.000934460721927583	0.00189377279407724	0.00176178824151842
Master_msaldototal_tend6	0.000926596115323548	0.000621105726773547	0.000722174459361153
cmobile_app_trx_avg6	0.00092434788935629	0.00285994942698061	0.00245221876859996
Visa_cconsumos_delta1	0.00092043777635528	0.00097713977304952	0.00157396997553072
vm_status04_avg6	0.000920337507895498	0.000840170927773087	0.00090205674227895
Master_msaldototal_delta1	0.000918005432750232	0.000217297793766296	0.000513193571853713
Visa_msaldototal_lag1	0.000913266249176701	0.00149936862650642	0.00226440050261226
vm_msaldototal	0.000905903430690884	0.00158346302161976	0.00302360954963296
vmr_Visa_mlimitecompra_avg6	0.000897832560706297	0.00101950597312485	0.00167978308312942
Visa_fultimo_cierre_avg6	0.000897732764303498	0.00134536545236819	0.00138350638185305
vm_fultimo_cierre_tend6	0.000895736384128261	0.00242537412117037	0.00151312743866146
mv_status07_avg6	0.00089385927445245	0.00206266449085277	0.00115600820051584
thomebanking_delta1	0.000888546109803674	0.00268660618188844	0.000497321605713908
Visa_cconsumos	0.000883418425107635	0.000578630584875316	0.00147873817869189
Master_fultimo_cierre_tend6	0.000880212434564865	0.000718533905636716	0.00134911712188347
vmr_msaldototal	0.0008759353228029	0.00110417578967512	0.00146551154024205
Visa_mconsumototal_lag1	0.00087357142710716	0.000811588186205941	0.00175914291382845
ctarjeta_visa_debitos_automaticos_avg6	0.000870781741476135	0.000777816800584214	0.00145493022948218
vm_fechaalta_avg6	0.000870304676415254	0.00147403965268179	0.00158455128629059
Master_status_tend6	0.000863176028862276	0.000923675414504977	0.000251306130546922
Master_mfinanciacion_limite_lag1	0.000860470648514682	0.002357399059502	0.00186495602142715
ctransferencias_recibidas	0.00085700341062916	0.00065013292779902	0.00114807221744594
ctarjeta_debito_transacciones_avg6	0.000854048235483285	0.0010286628810264	0.002285563124132
vm_mfinanciacion_limite_lag1	0.000849779156409137	0.000727657783304729	0.00147080219562198
mcomisiones_delta1	0.000849568695325942	0.00251879637013078	0.00283050062826533
Visa_mconsumospesos_delta1	0.000845305515399547	0.000749640852419605	0.0018120494676278
vm_msaldopesos_delta1	0.000837332525751584	0.000763048809325446	0.00110045631902652
vm_cconsumos_delta1	0.000832610711733363	0.00050208562629794	0.00078037166854044
mtransferencias_emitidas	0.000830003070219463	0.000913141087917057	0.00155016202632101
mtarjeta_visa_consumo	0.000826367531814444	0.0022086297286853	0.00269294358838701
vm_msaldopesos_avg6	0.00082460789640509	0.000855671958425316	0.00168507373850936
ccajas_transacciones_tend6	0.000822000232059252	0.00512601873179081	0.000854440843859533
Visa_fultimo_cierre	0.00081726221391881	0.000962451170246803	0.00158190595860062
ctarjeta_debito_transacciones	0.000813258412462183	0.00128419403933114	0.00215594206732359
vm_mconsumototal_delta1	0.000812967014959361	0.000428909751541577	0.00101316050525759
mtarjeta_visa_consumo_avg6	0.000810043141788919	0.000822124251227205	0.00187553733218702
thomebanking_avg6	0.000803384656870172	0.00251166241916407	0.00268500760531711
ctransferencias_emitidas_avg6	0.000799364752050893	0.000789856610448189	0.00196547847364592
cmobile_app_trx	0.000796339678654923	0.00058159287529379	0.000640169300972158
ccomisiones_otras_lag1	0.000794287627412523	0.00160345036925553	0.00254215991005886
Master_mpagospesos	0.000791680093079566	0.000333344593745581	0.000677203888631704
vm_Fvencimiento_lag1	0.000789587907087551	0.00277936434931138	0.00286488988823491
vm_msaldototal_tend6	0.000779851850737436	0.00109563602561075	0.0013226638449838
vm_mlimitecompra_lag1	0.000778664264784914	0.000728019377440317	0.00126975729118445
vmr_Master_mlimitecompra_tend6	0.000768255359222812	0.0016593740315043	0.00101051517756762
cpayroll_trx_tend6	0.000759119174712281	0.00158315647787341	0.00127240261887441
mpayroll_avg6	0.000757734607296096	0.0017382131426182	0.00192315323060644
Master_mpagospesos_lag1	0.000757544071366267	0.000526629407728786	0.000777726340850473
vmr_msaldopesos_delta1	0.000757226780772693	0.000943389828105704	0.00149196481714172
vmr_msaldopesos2	0.000756052594092453	0.00109847662569513	0.00161100456319027
vmr_mconsumototal_tend6	0.000749944751164462	0.000473020759216676	0.000933800674558561
Visa_mconsumototal	0.000743297089571709	0.00062560421279049	0.00159777792474043
ctransferencias_emitidas_lag1	0.000741658965996339	0.000489721308876386	0.000894120759209047
mcuentas_saldo_lag1	0.000737013720620072	0.00408821980406299	0.00531181800145493
ctarjeta_visa_transacciones_lag1	0.000736657934000421	0.000820709745962828	0.00169565504926923
mcomisiones_otras_tend6	0.000734030956575599	0.00255720531643699	0.00321407314331063
mtransferencias_recibidas_avg6	0.00073297720898869	0.00378370886576389	0.00396005555188149
vm_msaldototal_avg6	0.000731797879237638	0.00109261810532526	0.00211361682428411
Visa_mpagominimo_tend6	0.000728599015421032	0.000722634290417844	0.0013226638449838
vm_mpagado_tend6	0.000727709007791434	0.000607377318654596	0.00159248726936049
mpayroll_sobre_edad_tend6	0.000726203733072287	0.00109990793581517	0.00144699424641227
ctarjeta_debito	0.000716574862716983	0.00263745024064855	0.00120626942662522
catm_trx_avg6	0.000713280087214251	0.000534722394423703	0.00109516566364658
vm_mpagominimo_lag1	0.000703247588748513	0.00101376624570016	0.00178295086303816
vm_mpagospesos_delta1	0.000702488931492764	0.000490195901179345	0.00112426426823623
catm_trx_other_avg6	0.000696070782764173	0.000500180882830506	0.000777726340850473
cproductos_tend6	0.000687993715995655	0.00335958154435214	0.00123801335890483
Visa_msaldopesos_tend6	0.000680984408378114	0.0012085727683373	0.00199722240592553
Master_mconsumototal_tend6	0.000676300877468156	0.00036734139622427	0.000518484227233649
vm_mpagominimo_delta1	0.000666038870914828	0.000666212277277077	0.00135176244957344
ctarjeta_debito_transacciones_lag1	0.000661322045940286	0.000858774482466887	0.00175914291382845
vm_mpagado_avg6	0.000657425876020328	0.000843452510449109	0.00163481251239997
cpagomiscuentas_avg6	0.000649970739220024	0.000937068884466284	0.00137027974340321
mplazo_fijo_dolares_avg6	0.000635809495145171	0.000696077982652225	0.000499966933403875
Master_fultimo_cierre_avg6	0.000634808131708824	0.0016967150002594	0.00120626942662522
Visa_mlimitecompra_avg6	0.000634325842843515	0.000839050797221657	0.00129356524039415
mcuenta_debitos_automaticos_lag1	0.00063034250609415	0.000922409835030417	0.000862376826929436
mcaja_ahorro_dolares_avg6	0.000627150080551138	0.00181222230642421	0.00148402883407182
cseguro_accidentes_personales_avg6	0.000624403543694735	0.000739793207002634	0.000335956616625885
ccallcenter_transacciones	0.000621490148963833	0.00196977883831793	0.000706302493221348
Master_msaldopesos_delta1	0.000617212599585453	0.000710288516285294	0.000909992725348853
tcallcenter_avg6	0.000614063744656181	0.00125714749336246	0.00108722968057668
Visa_msaldodolares_tend6	0.000609290267790492	0.000381654497424645	0.000402089808875074
Master_cconsumos_tend6	0.000609053038371801	0.00059891404565737	0.000793598306990278
vm_mpagominimo	0.000599079430370194	0.00146103501231179	0.00237021361021097
vmr_mconsumosdolares_tend6	0.000596160235580916	0.00105111880401089	0.000730110442431056
cdescubierto_preacordado_tend6	0.000593932922529564	0.00575526438295957	0.000179882282917796
cpayroll_trx_lag1	0.000591322960928612	0.00147670119413172	0.0010449044375372
vm_msaldopesos_tend6	0.000589458389668211	0.000379389318777185	0.000888830103829112
Visa_fultimo_cierre_lag1	0.000589083821266318	0.000820371910416277	0.001224786720455
ctarjeta_visa_debitos_automaticos	0.000583366458037007	0.000290375157299823	0.000761854374710667
mpagomiscuentas_delta1	0.000580692433336758	0.000398641309108362	0.000669267905561802
mttarjeta_visa_debitos_automaticos_lag1	0.000580137760683304	0.000397656196879996	0.00113220025130613
Visa_mpagospesos_avg6	0.000577861220556986	0.00142172729596665	0.0024733813901197
vmr_mpagospesos_delta1	0.000576857867045856	0.000572586052137619	0.00128033860194432
ccaja_ahorro_delta1	0.000574865750617449	0.00141235366337486	6.34878645592223e-05
mttarjeta_visa_debitos_automaticos_delta1	0.000572285407255915	0.000556733857949867	0.00150519145559156
ctransferencias_recibidas_lag1	0.000571330565278504	0.000781918923798686	0.00107135771443688
Master_cconsumos_avg6	0.000570537618689324	0.00132912732597804	0.000772435685470538
mpagomiscuentas_tend6	0.000561302087693132	0.000662554034043151	0.000917928708418755
Master_mpagominimo_delta1	0.000561061123052746	0.000673330002865912	0.000745982408570862
Visa_Fvencimiento_tend6	0.000558685286290452	0.00101316938358533	0.000677203888631704
vm_mpagospesos_tend6	0.000555686203540915	0.00102903432628427	0.00189669995370677
thomebanking_lag1	0.000553775297212922	0.000228028563322108	0.00048409496726407
mpagomiscuentas_lag1	0.000544669585037099	0.000871496917157342	0.00113220025130613
mautoservicio_delta1	0.000544444826772205	0.000742370724174264	0.00137292507109318
cplazo_fijo_tend6	0.000543988670784722	0.000633896539842206	0.000277759407446597
Visa_mconsumosdolares_delta1	0.000538344950681621	0.000361204726519332	0.00063752397328219
Master_msaldopesos	0.000536344886727413	0.000511734510835894	0.000574036108722968
Visa_mconsumosdolares_tend6	0.000532712738460457	0.00052881693635354	0.000999933866807751
Master_mconsumototal	0.000529146465180061	0.000417643544515759	0.00040738046425501
ctransferencias_emitidas	0.000525317237934453	0.000452921572369105	0.000880894120759209
Master_msaldopesos_tend6	0.000516841355378457	0.000770314301748535	0.000777726340850473
vm_msaldototal_lag1	0.000516394419792554	0.000827413144937968	0.00157661530322069
matm_other_tend6	0.000514555065677137	0.00137770263048098	0.00084650486078963
ctarjeta_debito_lag1	0.000512519740248935	0.00165388463848117	0.000748627736260829
ctarjeta_visa_debitos_automaticos_tend6	0.00050795226364177	0.000949837097901469	0.00135440777726341
vmr_mconsumototal	0.000506825112059531	0.000712919345412812	0.000883539448449177
vm_Fvencimiento_tend6	0.00050154242663259	0.00134939108451552	0.000743337080880894
Visa_fultimo_cierre_delta1	0.000499898290601557	0.000262913125761889	0.000544937504133325
vm_fultimo_cierre_delta1	0.000498906690576891	0.000515505752237191	0.000793598306990278
mpayroll_delta1	0.000494999418457194	0.00217632210393937	0.00133589048343364
Master_mpagado_avg6	0.000492708055723335	0.000282114122048303	0.00055022815951326
vm_mpagospesos_lag1	0.00048987647653103	0.000910336415455121	0.00182792143376761
ccajas_otras_tend6	0.000481601645636339	0.00201959828161751	0.000457641690364394
Visa_msaldopesos_lag1	0.000481353859354469	0.000985665629647136	0.00138350638185305
vm_mconsumospesos_delta1	0.000480639358452855	0.000353050315179588	0.000925864691488658
cmobile_app_trx_lag1	0.000480189971121034	0.000177561843340704	0.000380927187355334
cdescubierto_preacordado	0.000476760915648822	0.00275353180929472	0.000523774882613584
Visa_mconsumosdolares	0.000469311079795383	0.000708138074238549	0.00069307585477151
catm_trx_tend6	0.000465874556934675	0.000923594287615582	0.000872958137689306
mtarjeta_visa_consumo_delta1	0.00046365920928288	0.000557164409941441	0.000878248793069242
ccajas_otras_avg6	0.00046250299587658	0.00109756047132275	0.000346537927385755
vm_cconsumos	0.000457625033608641	0.00060147070162887	0.00121420540969513
vmr_msaldototal_lag1	0.000456112375009827	0.000651605380841536	0.00140466900337279
vm_mconsumosdolares_avg6	0.000455794884942987	0.000384098155228774	0.00062694266252232
vm_mpagospesos	0.000451540742245277	0.000589466819387341	0.00151312743866146
mpayroll_sobre_edad_lag1	0.000450295323037697	0.00159081079988781	0.00216123272270353
ccomisiones_mantenimiento	0.00045009005952193	0.00360996809891369	0.000624297334832352
Visa_mpagado_delta1	0.000447351526730809	0.000363140761786962	0.000383572515045301
vm_status05_tend6	0.000444938090676913	0.00172603309913113	0.000444415051914556
ccaja_ahorro_avg6	0.000444349616820784	0.000902677457618467	0.000441769724224588
vmr_Visa_mlimitecompra_delta1	0.000441077862183109	0.000352243682107891	0.000378281859665366
Master_mconsumospesos_tend6	0.000440926190677086	0.000468852575535126	0.000751273063950797
vm_mconsumototal_tend6	0.000437946625745425	0.000302242862262725	0.000698366510151445
mcaja_ahorro_dolares_tend6	0.000437783427067642	0.00167272230219866	0.00190728126446664
mplazo_fijo_dolares_tend6	0.000437450290427015	0.00041310971035415	0.000314793995106144
Visa_mpagospesos_lag1	0.000437369037015397	0.00108871474298981	0.00238079492097084
ccajas_transacciones_avg6	0.000436277163133807	0.00108701339622364	0.000671913233251769
Master_Fvencimiento_tend6	0.000430126850596055	0.000371885660985944	0.000574036108722968
vmr_msaldopesos_avg6	0.000428300969485799	0.00125945033806572	0.00183585741683751
vmr_msaldopesos	0.000426022640731894	0.00104618397122456	0.00173533496461874
vm_fechaalta_tend6	0.00042586613591668	0.000843015004724158	0.000410025791944977
Master_mpagospesos_delta1	0.000418833792418587	0.000240598015878275	0.000478804311884135
ctransferencias_recibidas_delta1	0.000415292233265557	0.00068624540365757	0.00102638714370743
active_quarter_tend6	0.000413403275119467	0.00411400308846823	0.000650750611732028
cextraccion_autoservicio	0.00041236529138507	0.00086861053832823	0.00069307585477151
matm_other_lag1	0.000409438623748991	0.000477730754623828	0.000335956616625885
mtarjeta_master_consumo_tend6	0.000406000407249036	0.000558836782818538	0.000542292176443357
mtransferencias_emitidas_lag1	0.000405899827521233	0.000497232499878785	0.00115865352820581
vmr_Master_mlimitecompra_lag1	0.000404017317941958	0.000959496992517268	0.00116923483896568
mplazo_fijo_dolares	0.000402432535094072	0.000993216225138671	0.000177236955227829
mextraccion_autoservicio_lag1	0.000399117311669471	0.000451761457850759	0.000761854374710667
cpagomiscuentas	0.000396717155826878	0.000307488874617665	0.000542292176443357
Visa_mpagosdolares_tend6	0.000395733253148096	0.000290816719369244	0.000365055221215528
ccaja_seguridad_lag1	0.000394793153220988	0.00190896843993868	5.81972091792871e-05
vmr_mpagominimo_delta1	0.000394408440176267	0.000609921805592687	0.00110839230209642
Master_mconsumototal_lag1	0.000392252202892107	0.000160982404537305	0.00040738046425501
vmr_Visa_mlimitecompra_tend6	0.00038595601120358	0.00177014410680623	0.00128827458501422
tcallcenter_delta1	0.000385445065031065	0.000224891850091434	0.000317439322796111
mextraccion_autoservicio	0.000381552336266999	0.000461195935609597	0.000849150188479598
Master_fultimo_cierre_delta1	0.000378213056175285	0.000289715132106818	0.000788307651610343
Master_msaldototal_lag1	0.000377496551945139	0.000688335000537269	0.000679849216321672
matm_lag1	0.000377044855717207	0.000565636375105388	0.000544937504133325
vm_status04	0.000376161589519048	0.000417157362657171	0.000335956616625885
Master_mpagominimo	0.000374061969869981	0.000259239236627865	0.000452351034984459
mtransferencias_emitidas_delta1	0.000372655556141326	0.00049229650813689	0.000790952979300311
Visa_status_tend6	0.000372333473326841	0.000992462904022861	0.000283050062826533
Master_mpagospesos_tend6	0.000370548135162783	0.00114034041853399	0.00082534223926989
vm_mconsumospesos	0.000368244932146043	0.000651633195775043	0.00175120693075855
vmr_mpagospesos	0.00036484921275627	0.000712508495665805	0.00188347331525693
Visa_mpagado	0.000364359306579054	0.00023257630495047	0.000314793995106144
vmr_mconsumototal_lag1	0.000362210911802666	0.000336532301021017	0.00100786984987765
ctarjeta_visa_debitos_automaticos_delta1	0.000361170941305929	0.000323681222263093	0.000412671119634945
vmr_mpagominimo_avg6	0.000357112785932294	0.0008384608888402	0.00139144236492295
Master_msaldototal_avg6	0.000356388840338312	0.000725136475477893	0.000656041267111964
mprestamos_personales_avg6	0.000355917514210364	0.00228743928643236	0.000738046425500959
Visa_delinquency_tend6	0.000355060448190334	0.00164764366277558	0.000481449639574102
ctarjeta_visa_transacciones_delta1	0.000352782711013613	0.000757431931190416	0.0007592090470207
vm_status06_tend6	0.000352120877996149	0.00164184946443945	0.000343892599695787
ccajas_consultas_avg6	0.000351876293909964	0.00164258134487735	0.000708947820911315
ctarjeta_visa_descuentos_tend6	0.000351260665108383	0.000462589579673844	0.000431188413464718
catm_trx_lag1	0.000349746172481495	0.000256210885742312	0.00036240989352556
vm_mconsumototal	0.000349694508606964	0.000421209071304662	0.00096818993452814
Master_msaldototal	0.000347176538472546	0.000310337007913205	0.000555518814893195
ccuenta_debitos_automaticos_lag1	0.000346105181201506	0.000310580388581389	0.000346537927385755
mpagomiscuentas	0.000345200586539049	0.000360851245072683	0.000735401097810991
vm_status04_tend6	0.000340090005062934	0.00109066990102422	0.000367700548905496
ctarjeta_master_debitos_automaticos_avg6	0.000337098703677832	0.000109430322671355	0.000182527610607764
cextraccion_autoservicio_avg6	0.000333106176626322	0.000786824203218167	0.00114542688975597
Master_mpagominimo_tend6	0.000328359343767464	0.00081245392601134	0.000621652007142385
ccaja_ahorro_lag1	0.000325969424292858	0.000736446722815097	0.00036240989352556
thomebanking	0.000325504290888363	0.00120187226675107	0.000542292176443357
ccuenta_debitos_automaticos	0.000324056223211898	0.000230017331067844	0.000410025791944977
cdescubierto_preacordado_lag1	0.00032383383545492	0.00143032037198691	0.000365055221215528
mtarjeta_master_consumo_avg6	0.000323803065297351	0.000245824905466429	0.00048409496726407
vm_status03_tend6	0.000320630651764166	0.00117354275697439	0.000269823424376695
ccaja_ahorro_tend6	0.000312675187768541	0.0036216329866531	0.000145493022948218
active_quarter	0.000312365856346333	0.0013383462380022	0.000745982408570862
matm_other	0.000310832614339368	0.000348705390774713	0.000338601944315852
ccuenta_debitos_automaticos_tend6	0.000309754236011861	0.00234351882820432	0.000499966933403875
cextraccion_autoservicio_tend6	0.000307612598924842	0.00090372805083613	0.00113749090668607
ccaja_ahorro	0.000304789113010916	0.00142997732114032	0.00034124727200582
vmr_mconsumototal_delta1	0.000304135761777893	0.000244563382336339	0.000640169300972158
Master_mpagominimo_lag1	0.000302862973634724	0.000179485709574924	0.000433833741154686
mcheques_depositados_tend6	0.000302244251739049	0.000489583972642196	8.4650486078963e-05
mv_status07_tend6	0.000296936158218568	0.00275521577172744	0.000820051583889954
Master_mconsumospesos_avg6	0.000296333280981329	0.000615735126695608	0.000814760928510019
Master_mpagominimo_avg6	0.000295388174003716	0.000550098837352932	0.00090205674227895
ctarjeta_debito_tend6	0.000294768309441147	0.000897495187819481	0.000354473910455658
Visa_msaldototal_delta1	0.000294562937244058	0.000636094499067025	0.0010369684544673
ctarjeta_visa_debitos_automaticos_lag1	0.000285653317478995	0.000179412115896687	0.000521129554923616
mtarjeta_visa_descuentos_avg6	0.000285473313785385	0.00010098849035204	0.000227498181337213
cpagomiscuentas_lag1	0.000283892515906125	0.000159146039448075	0.000317439322796111
cpayroll_trx_delta1	0.000281950408187745	0.000927116353570881	0.00034124727200582
Master_mconsumospesos_delta1	0.00028032553333758	0.000161560143885353	0.000481449639574102
vmr_mpagosdolares_tend6	0.000279754101230129	0.000619906207766066	0.00040738046425501
Visa_msaldodolares_avg6	0.000277531880072074	0.00042361911939747	0.00040738046425501
vmr_msaldototal_delta1	0.000276488421404587	0.000538658207514915	0.000970835262218107
active_quarter_lag1	0.000273137480993629	0.000725250053123046	0.000817406256199987
vm_status01_avg6	0.000269124350150492	0.00138864143256031	0.000454996362674426
mcheques_depositados_avg6	0.000267641943144222	0.000754704908751187	0.000137557039878315
ctarjeta_master_transacciones_tend6	0.000264581477858672	0.000384507266542437	0.000359764565835593
catm_trx_other_delta1	0.000263520510325558	0.000264072081324672	0.000230143509027181
mforex_sell_tend6	0.000262687781841266	0.000447148235233099	0.00027511407975663
vm_mconsumosdolares_tend6	0.000260902930008983	0.000314826801763428	0.000415316447324912
Visa_fechaalta_tend6	0.000259181225694675	0.000815182686883914	0.000576681436412936
Master_mconsumospesos_lag1	0.00025805330430364	0.00030381034966139	0.000563454797963098
Master_status	0.000255148006373994	0.00115520576206003	0.000367700548905496
matm	0.000251741249389159	0.000439138693338703	0.00063752397328219
ctarjeta_visa_descuentos_avg6	0.000249461342106805	0.000229044387872887	0.000227498181337213
vmr_msaldodolares2_avg6	0.000248571182272296	0.000436294036909851	0.00040738046425501
mprestamos_prendarios_avg6	0.000246620771037374	0.000700371913012337	6.87785199391575e-05
ccallcenter_transacciones_lag1	0.000246510683594693	0.000639042882018746	0.000454996362674426
Visa_Finiciomora	0.000246437349935334	0.000906872297277962	0.000100522452218769
mcajeros_propios_descuentos_avg6	0.000244154842126843	0.000129888785743389	0.000145493022948218
Visa_delinquency_avg6	0.000240936293710784	0.000794339450565036	0.000365055221215528
cproductos_delta1	0.000240291120741514	0.00176692800511951	0.000314793995106144
vm_mlimitecompra_avg6	0.00023982605091538	0.000852358504471318	0.00143112228027247
cextraccion_autoservicio_lag1	0.000237624019817289	0.000236769985654402	0.000558164142583163
vmr_Master_mlimitecompra_delta1	0.000236273624555281	0.000226608263279917	0.000386217842735269
Visa_mconsumosdolares_lag1	0.000232646747925598	0.000246390475781067	0.000518484227233649
vmr_msaldodolares2_delta1	0.000232472336252081	0.000343679000498921	0.00021956219826731
ccajas_extracciones_avg6	0.000226601970864584	0.000740012829081781	0.000330665961245949
Visa_madelantopesos_lag1	0.000225790323201838	0.000188981032500809	8.4650486078963e-05
ctarjeta_master_transacciones_lag1	0.000225436484206694	0.000147730327154658	0.000156074333708088
mtarjeta_visa_consumo_lag1	0.000225011058752942	0.000496194075694531	0.00123007737583493
mcaja_ahorro_adicional	0.000224622996159385	0.00112454153630213	0.000150783678328153
foto_mes	0.000224135303762244	0.000619044524305136	0.000711593148601283
cpagomiscuentas_tend6	0.000223540355141934	0.000407174698917136	0.000740691753190927
Master_fechaalta_tend6	0.000221587892272458	0.00078369850006534	0.000523774882613584
Master_cconsumos	0.000220253668034827	0.000169211568510849	0.000330665961245949
ctarjeta_master_transacciones_avg6	0.000218048594881433	0.000296601066583096	0.000333311288935917
Master_msaldopesos_lag1	0.000217290636049577	0.000292246870533719	0.000486740294954038
mttarjeta_visa_debitos_automaticos	0.000215422302079331	0.0004144378734291	0.00108987500826665
vmr_msaldodolares_tend6	0.000214006697939958	0.000879700584108504	0.000460287018054362
mplazo_fijo_dolares_delta1	0.000212566961210561	0.000205177436490707	0.000174591627537861
vm_status02_avg6	0.00020994210899036	0.000594103800594037	0.000293631373586403
vm_mconsumototal_lag1	0.000207914711891006	0.000319914037206266	0.00105019509291714
Visa_Finiciomora_tend6	0.000207857295965072	0.000945537372763542	0.000171946299847894
vmr_msaldodolares2	0.000207756115447315	0.000572911139172979	0.000224852853647246
mv_status07_lag1	0.000207297555560847	0.00147250171864997	0.000886184776139144
vm_status01_lag1	0.000205600455139084	0.00101679749397462	0.000119039746048542
vmr_msaldodolares2_tend6	0.000205533156435991	0.000232782019562864	0.000304212684346273
cforex_tend6	0.000203395714462193	0.000269887140860938	0.000187818265987699
vm_msaldodolares_avg6	0.000203002957294187	0.000391268613295715	0.000402089808875074
catm_trx_delta1	0.000199469334585882	0.000240994378680747	0.000402089808875074
ccajas_transacciones_delta1	0.000196358499922309	0.000435836249462552	0.00013226638449838
ccomisiones_mantenimiento_lag1	0.000195646739506879	0.00101878104642033	0.000478804311884135
mforex_sell_avg6	0.000194046245123951	0.000218537876218474	0.000161364989088023
matm_delta1	0.000191559417246017	0.000299778343258467	0.000555518814893195
vmr_mconsumosdolares_lag1	0.000189925646673426	0.000221639820782264	0.000190463593677667
Visa_Finiciomora_avg6	0.000189218901532472	0.00334314233917184	0.000238079492097084
Master_Fvencimiento_delta1	0.000188466396023122	0.000209521781417801	0.000304212684346273
matm_avg6	0.000184805804830101	0.000747249347615801	0.00111897361285629
vm_status03_avg6	0.000184578021587765	0.000126622848967465	0.000201044904437537
Visa_mpagado_lag1	0.000184546760951297	0.000269382415713346	0.000288340718206468
vm_status02_tend6	0.000182356262724494	0.000335014648711552	0.000349183255075723
vm_mpagado_lag1	0.000181942962949904	0.000183110922575311	0.000216916870577343
vm_status05_delta1	0.000174098439087628	0.00130276224588028	0.000158719661398056
vm_Finiciomora_tend6	0.000173467805783827	0.00108112937883139	0.00021956219826731
vm_msaldototal_delta1	0.000170902768517093	0.000780188023665669	0.000954963296078302
ctarjeta_master_avg6	0.000170592186850211	0.000112839390459282	0.000140202367568283
ctarjeta_master_debitos_automaticos_tend6	0.000170167766203803	0.000244220331489755	0.000156074333708088
mtarjeta_master_consumo	0.000169836658039362	0.000118601717517441	0.000195754249057602
cdescubierto_preacordado_delta1	0.000169805342113539	0.0022502339154781	7.67145030090603e-05
tcallcenter	0.000169537560675196	0.000644018857727556	0.000272468752066662
vm_status05_avg6	0.000167392214337212	0.000448438732252259	0.000367700548905496
cprestamos_prendarios_avg6	0.00016627837458875	0.00347421615697818	8.99411414588982e-05
ccajeros_propios_descuentos_avg6	0.000164560910661275	0.000176815475958271	0.000179882282917796
Visa_madelantopesos_tend6	0.000163493587577433	0.00053216863584111	9.7877124528801e-05
Visa_mpagosdolares_avg6	0.000161479490244044	0.000356780413658406	0.000439124396534621
mttarjeta_master_debitos_automaticos_tend6	0.000159797739162252	0.000217068320564865	0.000195754249057602
catm_trx_other_lag1	0.000159439225137309	9.83570817467406e-05	0.00014284769525825
vm_mpagosdolares_tend6	0.000158735402657727	0.000317420544312937	0.000214271542887375
mtarjeta_visa_descuentos_delta1	0.000157981696298654	0.000212354848291025	0.000171946299847894
cseguro_accidentes_personales_tend6	0.000156258971915894	0.000626814162398036	0.000158719661398056
ccajas_consultas_lag1	0.000152546842997258	0.00149382997787188	0.000145493022948218
mcaja_ahorro_adicional_delta1	0.000151219669761139	0.00115694245697087	0.00014284769525825
vmr_msaldodolares_avg6	0.000149745912116856	0.000350119316561309	0.00034124727200582
Master_mconsumosdolares_tend6	0.000148507294877764	0.00041684038831075	0.000203690232127505
ctarjeta_visa_avg6	0.000146604800696394	0.000414312126750538	0.000140202367568283
vm_mpagado	0.00014636183519207	9.81531055676907e-05	0.000214271542887375
Master_mconsumosdolares_avg6	0.000145457799585523	0.000133482127465799	0.000174591627537861
vm_Finiciomora	0.000145104051090614	0.000209171197360059	7.40691753190927e-05
mautoservicio_lag1	0.000138480783752387	0.000524204872691443	0.00128827458501422
vmr_mconsumosdolares_avg6	0.000137929386015846	0.000461144362087053	0.000436479068844653
vm_mpagosdolares_avg6	0.000137413857615265	0.000173719326172295	0.000304212684346273
ccajas_extracciones_tend6	0.000137065610433516	0.000527350857566619	0.000280404735136565
mcuenta_debitos_automaticos_delta1	0.000136244000077184	0.000325992179655283	0.000492030950333973
vmr_mpagado	0.000136201073177974	0.000456463340568971	0.000272468752066662
Visa_Fvencimiento_delta1	0.000133987908595429	0.000392597355848447	0.000322729978176047
Master_fechaalta_delta1	0.000131666007345316	7.85227162452651e-05	0.000214271542887375
cseguro_vivienda_lag1	0.000129563914923491	0.0003107264169823	0.000126975729118445
ccajas_depositos_avg6	0.000129131830921503	0.000422716293014062	0.00019839957674757
tcuentas	0.000127088566928394	0.00019170052172888	7.14238476291251e-05
Visa_status_lag1	0.000126616135397331	0.000489885880566301	6.34878645592223e-05
vmr_mconsumospesos	0.000125386612033943	0.000472514875113521	0.00125388532504464
mttarjeta_master_debitos_automaticos_delta1	0.00012480037185385	0.000142220072931405	0.000201044904437537
Visa_madelantopesos_delta1	0.000124595347541505	0.000513756888292951	0.000113749090668607
Master_status_avg6	0.000123008721453639	0.000865372995963594	0.000293631373586403
cpagomiscuentas_delta1	0.00012201243242375	0.000303025157267604	0.000367700548905496
ccaja_seguridad_avg6	0.00012162811975085	0.000725904283538237	4.76158984194167e-05
vmr_mconsumosdolares	0.000121410877841628	0.000140982308390352	0.00020898088750744
Visa_msaldodolares_lag1	0.000121289884376753	0.000223574697094331	0.000214271542887375
vmr_mpagado_lag1	0.000120683383086207	0.0003544793073885	0.000301567356656306
cinversion1_tend6	0.000118801074535902	0.000217023121297916	5.02612261093843e-05
mplazo_fijo_dolares_lag1	0.000115497116629657	0.000274104580153907	0.000169300972157926
ccajas_otras_delta1	0.000113791318471231	0.000360165143379515	0.000140202367568283
Visa_mpagosdolares_lag1	0.00011297339431879	0.000326072727066897	0.000190463593677667
vmr_msaldodolares2_lag1	0.000111193416068599	0.000437687680974098	0.000230143509027181
Master_mconsumototal_delta1	0.000110765541689629	0.000108109692807563	0.000251306130546922
mttarjeta_master_debitos_automaticos	0.000110569863353533	9.1869248506279e-05	7.93598306990278e-05
cforex_sell_avg6	0.000108543640409306	0.000235072115754924	0.000174591627537861
vm_mconsumosdolares	0.00010813094764833	0.000142843011546401	0.000164010316777991
vm_status04_delta1	0.000107635292759494	0.00177866532758159	0.000246015475166986
vm_Fvencimiento_delta1	0.000106666861062188	0.000336699190622058	0.000203690232127505
vm_msaldodolares_tend6	0.000106486634789162	0.000632089728119826	0.00020898088750744
cpagodeservicios_tend6	0.000106382182861586	0.000192927276192086	3.43892599695787e-05
mcheques_emitidos_rechazados_avg6	0.000106202418333509	0.00179948422583365	4.49705707294491e-05
Master_madelantopesos_lag1	0.000105706369278786	7.9063948493085e-06	2.11626215197408e-05
cmobile_app_trx_delta1	0.000104618258679594	0.000544559029762827	0.000251306130546922
catm_trx_other	0.000103779584658146	0.000424881222005341	0.000230143509027181
ctarjeta_master_transacciones	0.000102888341607654	0.000266646701107396	0.00019839957674757
mcaja_ahorro_adicional_tend6	0.000102402176912881	0.000647426766559921	0.000150783678328153
cextraccion_autoservicio_delta1	0.000101892857426714	0.000246865068084027	0.000465577673434297
ccajeros_propios_descuentos_tend6	0.000101265648907377	0.000365359002734129	0.000214271542887375
vm_status03_delta1	9.91221359247764e-05	0.000287000278700998	0.000126975729118445
minversion2	9.81547975977505e-05	0.00158492388510665	3.96799153495139e-05
mttarjeta_master_debitos_automaticos_avg6	9.7533607018954e-05	0.000145887587809833	0.000134911712188347
mtarjeta_visa_descuentos_lag1	9.62596928066107e-05	0.000334166293239595	0.000145493022948218
cforex_sell_tend6	9.62218211972038e-05	0.000269433409758108	0.000177236955227829
vm_mconsumosdolares_delta1	9.60585312736151e-05	0.000136473391773343	0.000248660802856954
ctarjeta_master_descuentos_tend6	9.51829464275371e-05	0.000109592576450144	9.52317968388334e-05
active_quarter_delta1	9.51760288784882e-05	0.000718257494734992	0.000179882282917796
Master_mpagado_delta1	9.40014778230297e-05	0.000150667120550752	0.000150783678328153
vmr_mpagado_delta1	9.38706272819175e-05	0.000486643702379414	0.000296276701276371
vm_mconsumosdolares_lag1	8.8817128543945e-05	0.000157302141147687	0.000224852853647246
Visa_madelantopesos_avg6	8.86389403423519e-05	0.00039862798111939	8.99411414588982e-05
vm_Finiciomora_lag1	8.79051997551351e-05	0.000536913979392926	9.52317968388334e-05
vmr_msaldodolares_delta1	8.7624268946935e-05	0.000178189417777951	0.000121685073738509
mcaja_ahorro_adicional_lag1	8.73557871897783e-05	0.000941884344829649	0.000164010316777991
Master_Finiciomora_lag1	8.67150090078932e-05	0.000196354887269018	2.64532768996759e-05
cseguro_auto_avg6	8.56456911762984e-05	0.000414538123085281	0.000126975729118445
Master_mconsumospesos	8.5375581596619e-05	0.000183798183224041	0.000370345876595463
cseguro_vida_avg6	8.49952912169782e-05	0.000587028376883244	0.000174591627537861
Master_mpagado	8.49128464297086e-05	5.17207099003357e-05	9.7877124528801e-05
cplazo_fijo_avg6	8.44989149297531e-05	0.00027809486415657	0.000169300972157926
mcaja_ahorro_adicional_avg6	8.44620149592564e-05	0.000611635321392262	0.000156074333708088
ccheques_depositados_avg6	8.39385148226684e-05	0.000799031482160964	7.40691753190927e-05
vm_status05_lag1	8.30214634683645e-05	0.000164068123723216	7.67145030090603e-05
cseguro_auto_tend6	8.29567184736213e-05	0.000730294407210061	5.02612261093843e-05
tcuentas_tend6	8.2455111425028e-05	0.00389004245917149	0.000203690232127505
cseguro_vida_lag1	8.1602745823904e-05	0.000391550818975253	8.72958137689306e-05
Visa_fechaalta_delta1	8.13941525591036e-05	3.82316261050995e-05	8.4650486078963e-05
ccheques_depositados	8.10560798833423e-05	8.69546974422959e-05	2.38079492097084e-05
vmr_mpagosdolares_delta1	8.06847570909041e-05	0.000210082136432406	8.99411414588982e-05
mcheques_emitidos_tend6	7.97848503752286e-05	0.000644984267711355	7.14238476291251e-05
vmr_mconsumosdolares_delta1	7.97493422115212e-05	9.6286607633828e-05	0.000187818265987699
ccuenta_debitos_automaticos_delta1	7.92136958820229e-05	0.000276040615421537	0.000140202367568283
vm_mpagado_delta1	7.74209097755237e-05	0.000190474926221237	0.000298922028966338
mcheques_emitidos_rechazados_tend6	7.69158862376823e-05	0.000500090484296609	2.11626215197408e-05
mtarjeta_visa_descuentos	7.6336742706431e-05	4.93535431633506e-05	6.08425368692547e-05
cforex_sell_delta1	7.61009670155455e-05	7.96312572410674e-05	2.38079492097084e-05
mforex_buy	7.52134370509039e-05	0.000344535468659818	2.38079492097084e-05
tcuentas_avg6	7.42567297720778e-05	0.00199826538657336	0.000211626215197408
Visa_status_avg6	7.35627994987956e-05	0.00119225583296888	0.000216916870577343
cplazo_fijo_lag1	7.2827358438937e-05	9.15244592263509e-05	6.08425368692547e-05
cseguro_vida	7.26107022631072e-05	8.19862549446433e-05	4.76158984194167e-05
ctarjeta_master_descuentos_avg6	7.16767187290029e-05	0.000109880576907496	6.87785199391575e-05
catm_trx	6.99272052602163e-05	0.000151856208958167	0.00026453276899676
minversion1_pesos_delta1	6.93468337856127e-05	5.16668184666663e-05	2.64532768996759e-05
mttarjeta_master_debitos_automaticos_lag1	6.92386429858977e-05	5.93414222034181e-05	9.7877124528801e-05
cseguro_vivienda_avg6	6.89995305301428e-05	0.000328703556194415	0.000193108921367634
cseguro_vida_tend6	6.84493270185983e-05	0.00178134483284275	0.000137557039878315
ccheques_emitidos_tend6	6.57707063335524e-05	0.000105612143569765	4.76158984194167e-05
tcuentas_lag1	6.50431011501855e-05	0.000307419337283898	7.93598306990278e-05
cseguro_vivienda	6.44097526051694e-05	0.000163449820930471	0.000158719661398056
Master_Finiciomora	6.40053069269322e-05	0.000101573183433465	3.43892599695787e-05
mtarjeta_master_consumo_delta1	6.38933199842415e-05	0.00010696348575597	0.00019839957674757
mforex_buy_avg6	6.07921747267449e-05	9.45533895896854e-05	2.90986045896435e-05
vm_fechaalta_delta1	6.03973258535434e-05	0.000149564953810545	0.000230143509027181
ctarjeta_visa_delta1	5.96269294462311e-05	0.000196697938115602	6.34878645592223e-05
mtarjeta_master_consumo_lag1	5.94667036584313e-05	5.34829018335479e-05	0.000166655644467958
ctarjeta_master_tend6	5.89026202580208e-05	0.000378189220291923	8.72958137689306e-05
vm_mpagosdolares	5.88561368921482e-05	3.31751029846754e-05	5.81972091792871e-05
minversion2_lag1	5.8241457156181e-05	0.000428629863773164	3.96799153495139e-05
ctarjeta_visa_descuentos_lag1	5.81328748679323e-05	5.27585546068083e-05	3.43892599695787e-05
Visa_msaldodolares_delta1	5.78419797579901e-05	0.000135488279544977	0.000187818265987699
Visa_cadelantosefectivo_delta1	5.76678965544593e-05	0.000332574467774112	4.49705707294491e-05
ctarjeta_master_debitos_automaticos_delta1	5.71629568141216e-05	4.25400434097468e-05	6.34878645592223e-05
ctarjeta_master	5.6865038999863e-05	2.64873499096337e-05	8.20051583889955e-05
mcheques_depositados_delta1	5.66376322975567e-05	4.30488249018088e-05	2.64532768996759e-05
mtarjeta_master_descuentos_avg6	5.63156225556295e-05	0.00017753518736276	6.08425368692547e-05
vmr_msaldodolares_lag1	5.54358748807088e-05	0.00039271556931585	0.000166655644467958
mforex_buy_delta1	5.53198560553803e-05	0.000230916680584564	4.49705707294491e-05
Master_msaldodolares_avg6	5.46896516114529e-05	0.00026286792649494	0.000166655644467958
ccajas_extracciones_lag1	5.38064560405529e-05	0.000502445482000185	9.7877124528801e-05
minversion1_pesos	5.37479939478641e-05	0.000263401046053821	4.76158984194167e-05
ctarjeta_master_delta1	5.35027525325499e-05	0.000242550856001565	7.93598306990278e-05
mcheques_emitidos_rechazados	5.34290270423013e-05	3.83701212948521e-05	1.05813107598704e-05
Master_cconsumos_lag1	5.30956124277162e-05	0.000142284394965139	0.000306858012036241
Master_msaldodolares_delta1	5.23311040745062e-05	0.000126957207647328	9.52317968388334e-05
cplazo_fijo_delta1	5.15910346690782e-05	0.000118307342804494	3.17439322796111e-05
vmr_mpagosdolares	5.08357283154583e-05	7.01620108153455e-05	7.40691753190927e-05
matm_other_delta1	5.05231527578641e-05	0.00015294388875384	0.000240724819787051
vm_status06_delta1	5.00784674510959e-05	0.000957074775391051	9.52317968388334e-05
Master_mpagosdolares_avg6	4.99628198270675e-05	0.000253452571502888	0.00014284769525825
cseguro_vivienda_tend6	4.98555574244939e-05	0.000742611207453542	8.99411414588982e-05
tcallcenter_lag1	4.96868118329456e-05	0.000232644683328674	0.00014284769525825
cplazo_fijo	4.95871284586325e-05	0.00038202710163808	2.64532768996759e-05
mforex_sell	4.86897704273275e-05	4.98907190667007e-05	2.38079492097084e-05
ccheques_emitidos_avg6	4.82187849370372e-05	0.00014557003398563	6.61331922491899e-05
Master_mpagosdolares_tend6	4.79057204961813e-05	0.000291610024451969	0.000177236955227829
Visa_cadelantosefectivo_avg6	4.77632674739551e-05	0.000389210887693993	7.14238476291251e-05
mcheques_depositados_rechazados_avg6	4.77292349565866e-05	5.60847570719967e-05	1.85172938297732e-05
mforex_sell_delta1	4.76067204466842e-05	0.000101860604413035	5.81972091792871e-05
cinversion1_avg6	4.74273617497111e-05	0.000210110530843695	6.08425368692547e-05
minversion2_tend6	4.69858888244149e-05	0.000126220111909398	3.43892599695787e-05
mextraccion_autoservicio_delta1	4.68712305198834e-05	0.000392374836380392	0.0004735136565042
Visa_status_delta1	4.60460128093539e-05	0.000262637873815728	0.000100522452218769
vm_msaldodolares_delta1	4.57502817935671e-05	0.00023243896871628	0.000148138350638185
Master_msaldodolares_lag1	4.55080754667809e-05	0.000302351804085627	8.4650486078963e-05
Visa_mpagosdolares	4.5392555870186e-05	0.000226666211058056	0.000179882282917796
cforex_avg6	4.50818613463762e-05	9.60264221099831e-05	0.000119039746048542
cseguro_accidentes_personales	4.40831589036719e-05	0.000143714546129614	0.000105813107598704
mtarjeta_visa_descuentos_tend6	4.33510243828314e-05	0.000155100125578398	0.000158719661398056
vmr_msaldodolares	4.33161993930929e-05	0.000145414733940217	0.000148138350638185
Master_mconsumosdolares_delta1	4.2596434996029e-05	2.98448441750173e-05	6.34878645592223e-05
ccajeros_propios_descuentos_delta1	4.22794564628204e-05	0.00058709733473923	9.52317968388334e-05
minversion1_pesos_tend6	4.20947045145972e-05	6.63281858136579e-05	5.02612261093843e-05
Master_msaldodolares_tend6	4.14073963380463e-05	0.000337118153058004	0.000174591627537861
ccajas_depositos_tend6	4.03764911661387e-05	0.000461522761078302	0.000161364989088023
Visa_status	4.00038102211795e-05	0.00130817746574738	0.000296276701276371
cliente_edad_delta1	3.97594737535037e-05	0.000637833511888981	0.000171946299847894
mcheques_emitidos	3.88564388500634e-05	0.00053171896108275	2.90986045896435e-05
Master_delinquency_tend6	3.82057199263581e-05	0.000505052552538666	0.000140202367568283
vmr_madelantopesos_delta1	3.80261332233863e-05	0.000418483207820996	3.70345876595463e-05
vm_status05	3.79149772890318e-05	0.000213895100233964	0.000272468752066662
Master_madelantopesos	3.7668138993497e-05	4.44053823880468e-06	2.90986045896435e-05
Visa_delinquency	3.75656380311964e-05	8.56439187007878e-05	7.40691753190927e-05
mforex_buy_lag1	3.73607350254667e-05	6.17027941625893e-05	1.3226638449838e-05
mcajeros_propios_descuentos_delta1	3.66291731145031e-05	0.000211654839131104	8.4650486078963e-05
vm_msaldodolares	3.60938626713934e-05	0.000250638047918668	8.99411414588982e-05
Master_mpagado_lag1	3.54584000127731e-05	0.00011613603955762	0.000105813107598704
cseguro_auto	3.41619968242638e-05	8.84648165406027e-05	4.49705707294491e-05
cpagodeservicios_avg6	3.34563888627843e-05	3.83863466727311e-05	2.64532768996759e-05
vm_status04_lag1	3.28564499373105e-05	0.000106675485298619	9.52317968388334e-05
mprestamos_hipotecarios_tend6	3.22003675704401e-05	0.000349358462234341	2.64532768996759e-05
Master_delinquency_avg6	3.11899019684371e-05	0.00189686430804097	0.000140202367568283
mtarjeta_master_descuentos_delta1	3.11296707149686e-05	6.80805266245865e-05	5.02612261093843e-05
ccajas_otras	3.07017273171537e-05	0.000595260438245695	0.000129621056808412
mplazo_fijo_pesos_tend6	3.05861959825644e-05	3.44609641815836e-05	1.05813107598704e-05
Visa_cadelantosefectivo_tend6	3.0110182066947e-05	0.000349779163103632	4.49705707294491e-05
cseguro_auto_lag1	2.97176007998071e-05	8.62859800825698e-05	3.17439322796111e-05
Master_mpagosdolares	2.93535182743666e-05	2.76040035943755e-05	7.40691753190927e-05
Visa_madelantodolares	2.74953689644321e-05	4.14123796471586e-05	8.4650486078963e-05
cinversion2_tend6	2.72405586363537e-05	3.13456916288218e-05	1.05813107598704e-05
ccajeros_propios_descuentos_lag1	2.71478495895613e-05	0.000233535920156455	6.61331922491899e-05
Master_cconsumos_delta1	2.67615318254773e-05	0.000115990011156709	0.000240724819787051
minversion1_pesos_avg6	2.65028654302976e-05	2.45090127639624e-05	3.17439322796111e-05
ctarjeta_visa	2.61721301148549e-05	9.6663847669514e-05	0.000100522452218769
Master_mconsumosdolares_lag1	2.58024153083415e-05	3.60209183690901e-05	7.40691753190927e-05
ccajas_extracciones	2.53402744232395e-05	0.000122769321721211	6.87785199391575e-05
mcheques_emitidos_delta1	2.53171751024984e-05	7.02083690378568e-05	1.85172938297732e-05
mcheques_depositados_lag1	2.5183780447381e-05	7.24289278961499e-06	7.93598306990279e-06
cforex_buy_tend6	2.47535503036145e-05	0.00020225165317246	1.85172938297732e-05
minversion2_avg6	2.46690546893233e-05	8.75515595571293e-05	2.38079492097084e-05
ctarjeta_master_transacciones_delta1	2.44693689732811e-05	0.000136323886505744	0.000129621056808412
vm_madelantopesos_avg6	2.42539040546592e-05	0.000277092947072544	6.34878645592223e-05
cliente_vip	2.40315828674322e-05	9.56335361741995e-05	7.93598306990279e-06
mprestamos_prendarios_lag1	2.37886808036366e-05	0.00113026561782672	5.02612261093843e-05
ccajas_depositos_delta1	2.36404903274133e-05	0.000268055411593959	4.49705707294491e-05
ctarjeta_master_debitos_automaticos_lag1	2.29999808921886e-05	3.55046036658701e-05	5.55518814893195e-05
vm_mpagosdolares_lag1	2.29852117336578e-05	0.000134187931403534	0.000105813107598704
vm_status06	2.28495102774579e-05	0.000312144978591147	0.000187818265987699
vm_status02_delta1	2.27403982533299e-05	0.000411443132254868	0.000137557039878315
mcheques_emitidos_avg6	2.210250795096e-05	0.000408148221589874	5.55518814893195e-05
mcheques_emitidos_lag1	2.16542273285375e-05	2.29021208761632e-05	1.3226638449838e-05
mpagodeservicios_avg6	2.1541020155234e-05	0.00013393238170194	1.58719661398056e-05
Master_Finiciomora_tend6	2.13663613931312e-05	0.00034969513882533	5.29065537993519e-05
Master_msaldodolares	2.12195522954774e-05	0.00042415629530082	0.000105813107598704
cseguro_accidentes_personales_delta1	2.00543152059201e-05	0.000131974905756399	1.3226638449838e-05
mprestamos_prendarios_tend6	1.99437812342158e-05	0.000730353513943763	6.34878645592223e-05
mpagodeservicios_tend6	1.98830309157402e-05	0.00018936870313656	1.3226638449838e-05
cinversion1_lag1	1.98314166011795e-05	6.50898417948239e-05	2.38079492097084e-05
Visa_madelantopesos	1.89674995089146e-05	7.35930987589658e-05	7.40691753190927e-05
Master_mpagosdolares_delta1	1.86784370336299e-05	8.2234271435079e-05	6.08425368692547e-05
ccajas_otras_lag1	1.81541416558088e-05	0.000241926178953225	5.81972091792871e-05
vm_msaldodolares_lag1	1.79006328449651e-05	6.9428971421885e-05	6.08425368692547e-05
vm_cadelantosefectivo_delta1	1.71204742701864e-05	0.000211326275229054	1.05813107598704e-05
vm_status01	1.69069964829522e-05	0.00244578796445324	0.000238079492097084
tcuentas_delta1	1.63272708598046e-05	9.22221504751465e-05	2.64532768996759e-05
minversion2_delta1	1.59801996013676e-05	0.000229407140964039	2.64532768996759e-05
cforex_delta1	1.52818567666552e-05	4.50746792255542e-05	1.85172938297732e-05
ccaja_seguridad_tend6	1.51682592591137e-05	8.63578353274624e-05	1.05813107598704e-05
vm_mpagosdolares_delta1	1.51176317130638e-05	0.000177532289973853	0.000134911712188347
ccheques_depositados_tend6	1.51166278051083e-05	0.000112132427565984	5.55518814893195e-05
ctarjeta_debito_delta1	1.48627419519794e-05	0.000412017394736227	3.17439322796111e-05
mcheques_depositados	1.43018096921552e-05	1.5938536377179e-05	1.85172938297732e-05
mplazo_fijo_pesos_avg6	1.42637335140792e-05	2.94345739057919e-05	5.29065537993519e-06
ctarjeta_visa_descuentos_delta1	1.39935671696997e-05	6.03954922877696e-05	7.40691753190927e-05
cforex_sell	1.39381608368352e-05	6.09338271466825e-05	1.3226638449838e-05
mtarjeta_master_descuentos_lag1	1.3323648348378e-05	1.92067910642282e-05	1.85172938297732e-05
vmr_madelantopesos_tend6	1.29951786409544e-05	0.000104154177471783	7.93598306990279e-06
ccheques_emitidos_rechazados_tend6	1.2827511867332e-05	0.000849940923167352	3.43892599695787e-05
ctarjeta_visa_lag1	1.22841643332271e-05	4.54994364393143e-05	1.05813107598704e-05
ctarjeta_visa_descuentos	1.20770252137423e-05	2.77071506394632e-05	2.64532768996759e-05
mplazo_fijo_pesos_lag1	1.19032029906587e-05	3.82246723717228e-05	1.05813107598704e-05
Master_Finiciomora_avg6	1.18493725075211e-05	0.000569939577110003	5.55518814893195e-05
cforex_buy_delta1	1.16756797959824e-05	0.000149402700031755	1.85172938297732e-05
mcajeros_propios_descuentos_tend6	1.15415043736744e-05	0.000163278295507179	9.7877124528801e-05
ccajas_depositos_lag1	1.12095724955753e-05	0.000260062674555223	4.49705707294491e-05
ctarjeta_master_descuentos_delta1	1.10747974646782e-05	1.99670659134142e-05	2.38079492097084e-05
cprestamos_prendarios_lag1	1.09884108026759e-05	9.85575810591021e-06	1.3226638449838e-05
vmr_mpagosdolares_avg6	1.08107976611844e-05	0.000329339243320602	0.000145493022948218
ctarjeta_master_debitos_automaticos	1.06320364872048e-05	1.47876935033351e-05	2.38079492097084e-05
minversion1_pesos_lag1	1.04744433521077e-05	0.000261462113397284	3.70345876595463e-05
mcheques_emitidos_rechazados_lag1	1.04655062250939e-05	3.51012871300215e-05	1.05813107598704e-05
Master_mconsumosdolares	1.04262123998568e-05	1.56209825529763e-05	3.43892599695787e-05
cinversion1	9.90933567605418e-06	6.78974116456667e-05	2.11626215197408e-05
Master_cadelantosefectivo_avg6	9.85821107443835e-06	8.85951990414158e-05	2.64532768996759e-05
mcajeros_propios_descuentos	9.8529225855941e-06	6.57475490767035e-06	7.93598306990279e-06
Visa_delinquency_delta1	9.67590287117531e-06	0.000208787003590996	9.52317968388334e-05
ccajas_transacciones_lag1	8.99663116020706e-06	0.000213680693454849	0.000100522452218769
cseguro_accidentes_personales_lag1	8.8271103391036e-06	6.25389806011376e-05	8.72958137689306e-05
cprestamos_hipotecarios_delta1	8.77088248791725e-06	0.000105904200371586	2.64532768996759e-06
ccajas_extracciones_delta1	8.72072751255385e-06	6.7628533955101e-05	7.40691753190927e-05
Visa_cadelantosefectivo_lag1	8.68071694735723e-06	9.15818275267087e-05	3.17439322796111e-05
cpagodeservicios_lag1	8.51430624616015e-06	1.22269811873651e-05	2.64532768996759e-06
Visa_madelantodolares_lag1	8.47152734001358e-06	4.27527117555176e-05	4.49705707294491e-05
cprestamos_prendarios_tend6	8.38144266300446e-06	0.000133890079823899	3.17439322796111e-05
vm_status03	7.60695709984528e-06	2.18851373698207e-05	6.34878645592223e-05
Visa_msaldodolares	7.50385436970953e-06	0.000181169092529867	9.7877124528801e-05
ccheques_depositados_lag1	7.35352536088651e-06	5.13301418756777e-06	1.3226638449838e-05
mtarjeta_master_descuentos_tend6	7.19717704582791e-06	6.92261541983979e-05	3.43892599695787e-05
Master_delinquency_delta1	7.1854679468979e-06	1.5154502938956e-05	3.17439322796111e-05
Master_cadelantosefectivo_tend6	6.99081555044863e-06	3.89762550541878e-05	1.05813107598704e-05
mforex_sell_lag1	6.97575869640588e-06	2.36403755696562e-05	1.3226638449838e-05
cinversion2_lag1	6.67736271876758e-06	5.04557099035576e-05	1.58719661398056e-05
mtarjeta_master_descuentos	6.52185294378703e-06	5.6898923354852e-05	2.11626215197408e-05
vm_status02_lag1	5.9997384952669e-06	0.000177750753097437	3.70345876595463e-05
vm_Finiciomora_delta1	5.99258502273362e-06	0.000240555714000234	1.85172938297732e-05
cseguro_vida_delta1	5.86264037053489e-06	0.000144778467336249	1.58719661398056e-05
vm_madelantopesos_tend6	5.71587772882809e-06	0.000171740409548843	1.85172938297732e-05
Master_status_lag1	5.70496784790628e-06	0.000296313645603526	5.29065537993519e-05
mpagodeservicios_lag1	5.50878732635396e-06	2.85682546226113e-05	7.93598306990279e-06
cprestamos_hipotecarios_tend6	5.48699717381101e-06	6.10995577921606e-05	2.64532768996759e-06
vmr_madelantopesos	5.33478787811335e-06	8.11529658950021e-05	1.05813107598704e-05
ccheques_emitidos	5.1558255944716e-06	0.000276536068924626	5.29065537993519e-06
ccajeros_propios_descuentos	5.12507803186191e-06	2.59072926504606e-05	7.93598306990279e-06
cinversion2_avg6	4.77112717071776e-06	3.74516490113462e-05	2.64532768996759e-05
ctarjeta_master_lag1	4.50874699118369e-06	2.81191593420327e-05	1.05813107598704e-05
mprestamos_prendarios	4.42175474904257e-06	0.000306015262619586	2.64532768996759e-05
cprestamos_hipotecarios	4.37951687560283e-06	4.63448945223648e-05	1.05813107598704e-05
mcuenta_corriente_adicional_tend6	4.3532878956167e-06	0.00139025064235923	2.11626215197408e-05
ccheques_emitidos_rechazados_avg6	4.24456772541014e-06	0.000193056499737337	2.64532768996759e-05
ctarjeta_visa_tend6	4.008567052542e-06	0.000134526925905648	8.72958137689306e-05
cliente_vip_lag1	3.98604665435193e-06	4.14749632475489e-05	1.05813107598704e-05
Visa_Finiciomora_delta1	3.95792482097226e-06	2.87554259460008e-05	1.85172938297732e-05
cseguro_vivienda_delta1	3.89669424857277e-06	4.56211267734066e-05	2.64532768996759e-05
vmr_madelantopesos_lag1	3.83549844190463e-06	2.90132935587202e-05	1.05813107598704e-05
Master_madelantopesos_avg6	3.78423673946013e-06	2.04729500165691e-06	7.93598306990279e-06
mforex_buy_tend6	3.69163375257169e-06	0.000297682951600954	2.11626215197408e-05
Master_mpagosdolares_lag1	3.60909788926534e-06	9.00543240949601e-05	5.55518814893195e-05
ccheques_emitidos_lag1	3.56563980717309e-06	0.000102663181140262	1.05813107598704e-05
vmr_mpagosdolares_lag1	3.46263053770824e-06	9.89128009390952e-05	9.52317968388334e-05
Master_cadelantosefectivo_lag1	3.06866059842556e-06	9.42810350324313e-06	7.93598306990279e-06
mcheques_depositados_rechazados	2.93578144941209e-06	1.12748991925385e-05	2.64532768996759e-06
vm_status06_lag1	2.7125462205965e-06	2.05401694392106e-05	2.64532768996759e-05
mprestamos_prendarios_delta1	2.64797802024381e-06	0.000765831461631689	2.64532768996759e-05
cprestamos_hipotecarios_lag1	2.64335451711741e-06	0.000467837330462128	1.05813107598704e-05
Visa_madelantodolares_tend6	2.54797284920737e-06	2.24026110286035e-06	1.85172938297732e-05
vmr_madelantopesos_avg6	2.43967911778379e-06	3.01896334549453e-05	1.05813107598704e-05
cforex_lag1	2.35633041812977e-06	9.40492439198746e-06	1.3226638449838e-05
Master_cadelantosefectivo_delta1	2.23767101792406e-06	1.70615643175161e-05	5.29065537993519e-06
Visa_delinquency_lag1	2.15100062712051e-06	1.19360833411064e-05	3.17439322796111e-05
mcuenta_corriente_adicional_delta1	2.02359478089314e-06	0.000152978077942942	2.64532768996759e-06
cforex_buy	1.74582795962205e-06	8.82081078834461e-06	7.93598306990279e-06
mcheques_depositados_rechazados_delta1	1.64997845226015e-06	4.79691707436058e-06	2.64532768996759e-06
ctarjeta_master_descuentos_lag1	1.45679354408194e-06	4.37650594396089e-05	7.93598306990279e-06
Master_delinquency	1.36212027558229e-06	2.80444067082332e-05	5.81972091792871e-05
mcuenta_corriente_adicional_avg6	1.30640977283543e-06	1.05198396433851e-05	5.29065537993519e-06
cforex_buy_avg6	1.22943234458055e-06	2.53411428580409e-05	2.90986045896435e-05
Master_madelantodolares_lag1	1.17615217712285e-06	6.68137881944642e-07	2.64532768996759e-06
cforex	1.1262818222536e-06	2.40193540386864e-05	2.90986045896435e-05
mcheques_depositados_rechazados_tend6	1.10001536721688e-06	0.000150547748127785	1.05813107598704e-05
Master_madelantopesos_delta1	9.99272352036974e-07	4.81082454111398e-06	7.93598306990279e-06
cseguro_auto_delta1	8.51188359784323e-07	0.000674237465071571	1.05813107598704e-05
cinversion2	8.37737156141235e-07	2.50473476228753e-05	1.85172938297732e-05
cprestamos_prendarios	7.39451908765682e-07	0.000145140640949619	1.3226638449838e-05
ctarjeta_master_descuentos	6.92467320589475e-07	2.21105542267821e-05	7.93598306990279e-06
mpayroll2_delta1	6.80894487198496e-07	0.000571736537710098	2.11626215197408e-05
cinversion1_delta1	6.27695269427465e-07	2.35957557804891e-05	5.29065537993519e-06
ccajas_depositos	5.36149269865632e-07	2.75773476164315e-06	5.29065537993519e-06
Visa_Finiciomora_lag1	4.55682238635877e-07	0.000738681768617925	4.76158984194167e-05
mpayroll2_avg6	4.50407490953147e-07	2.45640631531946e-06	2.64532768996759e-06
Master_madelantopesos_tend6	4.13108675786347e-07	1.87217681612034e-05	2.11626215197408e-05
Visa_madelantodolares_avg6	4.01104861274966e-07	1.10883073469304e-05	2.38079492097084e-05
mprestamos_hipotecarios_delta1	3.49799215449115e-07	1.64699175027152e-05	1.3226638449838e-05
ccheques_depositados_delta1	3.12739828867464e-07	7.633460814273e-06	1.05813107598704e-05
vm_madelantopesos	2.39388951321993e-07	1.71670292737294e-05	2.64532768996759e-06
cpagodeservicios	2.34652936150115e-07	2.53985111583987e-06	2.64532768996759e-06
mpagodeservicios	2.07727759010864e-07	4.2429363153501e-06	2.64532768996759e-06
mprestamos_hipotecarios_avg6	1.83118236374064e-07	1.5786133720673e-05	5.29065537993519e-06
vm_madelantopesos_delta1	1.79708221894935e-07	3.63205083820696e-05	1.05813107598704e-05
Visa_madelantodolares_delta1	1.70586046089848e-07	3.48770292286229e-05	2.38079492097084e-05
ccheques_emitidos_rechazados_lag1	1.14439331167456e-07	3.64781263386082e-06	5.29065537993519e-06
ccheques_depositados_rechazados_avg6	1.11200491873148e-07	4.59467932865487e-06	5.29065537993519e-06
vm_cadelantosefectivo_avg6	8.77702269478311e-08	0.000104935313521099	3.17439322796111e-05
Master_cadelantosefectivo	8.31222100655771e-08	8.10109938385611e-07	7.93598306990279e-06
minversion1_dolares_lag1	8.2275596626025e-08	4.93193539742485e-06	7.93598306990279e-06
cliente_antiguedad_tend6	5.94786423595841e-08	5.56298670136042e-06	5.29065537993519e-06
ccheques_depositados_rechazados_tend6	4.23911082623759e-08	4.01189852390923e-05	5.29065537993519e-06
vm_status03_lag1	3.42029113309302e-08	8.09820199494915e-06	1.3226638449838e-05
mpagodeservicios_delta1	1.9948435591248e-08	1.8555458037944e-05	2.64532768996759e-06
ccheques_emitidos_delta1	1.07561224457679e-08	1.07950915895462e-05	7.93598306990279e-06
Master_madelantodolares_avg6	8.44233378178833e-09	2.05135134612665e-06	7.93598306990279e-06
Master_madelantodolares_tend6	8.38556870000667e-09	1.32236829713588e-06	1.05813107598704e-05
mcuenta_corriente_adicional_lag1	8.28489594431766e-09	1.00748007072763e-05	2.64532768996759e-06
mcheques_depositados_rechazados_lag1	3.08312501092041e-09	3.87149105747802e-06	2.64532768996759e-06
Visa_cadelantosefectivo	1.85680433102371e-09	6.00901074969762e-05	1.05813107598704e-05
cpayroll2_trx_avg6	1.65908618994015e-09	7.21681628945236e-06	5.29065537993519e-06
Master_Finiciomora_delta1	1.43348793710234e-09	0.000228556467580956	5.29065537993519e-06
cprestamos_hipotecarios_avg6	4.76968088450115e-10	1.14197686378864e-05	7.93598306990279e-06
mprestamos_hipotecarios	1.85379429411747e-10	8.374612896673e-06	7.93598306990279e-06
minversion1_dolares_delta1	1.00738895958513e-10	4.27248968220108e-06	2.64532768996759e-06
vm_cadelantosefectivo_lag1	7.23884611107149e-11	2.24431744733009e-06	2.64532768996759e-06
vm_cadelantosefectivo_tend6	7.19602915592715e-11	5.69916397998747e-05	1.05813107598704e-05
vm_cadelantosefectivo	6.03046951302863e-11	4.80010420215823e-05	7.93598306990279e-06
cpayroll2_trx_tend6	1.47595608642762e-11	6.82045348698043e-07	2.64532768996759e-06
cforex_sell_lag1	1.41145617293146e-11	2.98442646972359e-05	5.29065537993519e-06
mcajeros_propios_descuentos_lag1	8.9846900987665e-13	4.56680644736993e-05	2.11626215197408e-05
mplazo_fijo_pesos	4.31050192190868e-13	1.29281493028491e-06	2.64532768996759e-06
cpagodeservicios_delta1	3.54243474836394e-13	2.18631172141278e-05	2.64532768996759e-06
vm_madelantopesos_lag1	3.31763822212584e-13	1.50415047715846e-05	7.93598306990279e-06
minversion1_dolares_tend6	2.08350156749537e-16	7.2278263672988e-06	2.64532768996759e-06
Master_madelantodolares	4.48510154972528e-17	2.35267979245034e-07	2.64532768996759e-06
