Feature	Gain	Cover	Frequency
ctrx_quarter_normalizado	0.0853561621434083	0.00636147433631357	0.00747768280301466
mcuentas_saldo	0.049934401765154	0.00540871824127562	0.00559878334941211
cproductos	0.0228786353572886	0.00273312703038635	0.00184941000029489
cprestamos_personales_lag1	0.0184061983641785	0.00219886121802039	0.000501320706230279
mcuenta_corriente_avg6	0.0159629371154951	0.00573870888167094	0.00520278211928063
vm_status06_avg6	0.0152677948643485	0.000737284001572632	0.000425490683439144
mpayroll_sobre_edad	0.0141993343266091	0.00254761965733954	0.00114166312091097
ccomisiones_mantenimiento_tend6	0.012499372534772	0.0051927446318267	0.00356822385022728
ctrx_quarter_lag1	0.0119341722456586	0.00595486227060076	0.00796215239306914
ctrx_quarter_normalizado_lag1	0.00914908693236361	0.00399622671752202	0.00587682676631293
mpasivos_margen_avg6	0.0076067626133065	0.0029253476443223	0.00561563446558791
cpayroll_trx	0.00727077727885054	0.00194820736078516	0.000421277904395192
vm_status01_delta1	0.00678787232520085	0.000716785702344974	0.000160085603670173
cliente_edad_lag1	0.00628025755857238	0.00679159477955715	0.00642448804202669
cliente_edad	0.00606249118352849	0.00566471587166024	0.00524490990972015
mcaja_ahorro	0.00566823815270328	0.00592046790166112	0.00806747186916793
Visa_mpagominimo	0.00555490416321062	0.00171213037752564	0.00296579644694215
numero_de_cliente	0.00535195217744924	0.00662436253106438	0.00505112207369836
mpayroll_lag1	0.0052408203068745	0.00183015020352624	0.00125540815509767
mpasivos_margen	0.00515093790445871	0.00498451627607939	0.00661406309900452
mrentabilidad_annual_avg6	0.00503896939938897	0.00543740289249408	0.00486997257480842
Visa_msaldopesos	0.0049141202217134	0.00180649839537137	0.00292788143554659
mcuenta_corriente_lag1	0.00470217908711621	0.00737660457840828	0.00495844093473141
mrentabilidad_annual_lag1	0.004686936890614	0.0042254077332069	0.00443184355423742
mprestamos_personales	0.00461601537085668	0.0103068730720192	0.00173987774515214
ccomisiones_otras_tend6	0.00449557975418649	0.00431238956511205	0.00463405694834712
ctransferencias_recibidas_avg6	0.00416092025408228	0.00258889280182695	0.00368196888441398
mactivos_margen	0.0041126941768746	0.00501037652288484	0.00461720583217131
mrentabilidad_avg6	0.00407986858104228	0.00309838244748129	0.00421277904395192
mcuentas_saldo_avg6	0.00400156714913558	0.0041105703969788	0.00599899735858754
Visa_msaldototal	0.00397271629637597	0.00191878934682086	0.00270881692526109
mcuenta_corriente_tend6	0.0039466599283095	0.00712721703675162	0.00431809852005072
ccomisiones_otras_avg6	0.00391795453228593	0.00455760288264668	0.00527439936302781
cliente_edad_avg6	0.00390576556385657	0.00965969002722519	0.00748610836110257
mrentabilidad_annual_delta1	0.00387241337561151	0.0051275858676191	0.00520278211928063
mrentabilidad_annual_tend6	0.00375743815775684	0.00614649197001342	0.00650874362290572
mcuenta_corriente	0.00375673345473431	0.00572893644240195	0.0041538001373366
Master_mfinanciacion_limite_tend6	0.00375443282275657	0.00269298070045954	0.00399792731271038
mrentabilidad_lag1	0.00367481217183476	0.0026752508087574	0.0045919291579076
ctrx_quarter_normalizado_tend6	0.00365867639933465	0.00208801095842191	0.00327332931715065
mcomisiones_avg6	0.00360815172422171	0.00371876213999627	0.00491210036524794
mcuenta_corriente_delta1	0.0035496469171124	0.00576882783913044	0.00494158981855561
Visa_fechaalta	0.00354769390695184	0.00285628432521401	0.0039515867432269
Visa_Fvencimiento_lag1	0.00353675758613028	0.00381959141273741	0.00426333239247935
ctrx_quarter_normalizado_delta1	0.00350797375365439	0.002231168474899	0.00306269036495305
ccomisiones_mantenimiento_avg6	0.00346014059760556	0.0034559427133529	0.00254873132159091
Visa_mfinanciacion_limite	0.00339425070224596	0.0021769978718599	0.00302898813260143
mcaja_ahorro_tend6	0.00338469789893516	0.00264203679526202	0.00436443908953419
cliente_antiguedad	0.00337531256082192	0.00483847295509336	0.00507639874796207
ctrx_quarter_tend6	0.00335874682314543	0.00292051717597491	0.00478571699392939
Master_status_tend6	0.00333997799258129	0.000560594173502833	0.000324383986384298
vm_fechaalta	0.00332802271614189	0.00205510738381157	0.00329018043332645
mprestamos_personales_lag1	0.00332331090185254	0.00332415649464294	0.00113323756282307
mpasivos_margen_lag1	0.00331982383350009	0.0037304158782047	0.00511852653840159
mcomisiones_mantenimiento_tend6	0.0032887640424482	0.0058320085378474	0.0043728646476221
cliente_antiguedad_lag1	0.00328025159115704	0.0025091488132306	0.00389682061565553
mcomisiones_tend6	0.00327086488140389	0.00382449605240069	0.00532073993251128
mactivos_margen_avg6	0.00325442296347372	0.00397616656937895	0.00396001230131481
mprestamos_personales_tend6	0.00323264323799635	0.00603833005221536	0.00112902478377912
cproductos_avg6	0.00322499196075569	0.00284751688271528	0.00381677781382044
cliente_antiguedad_avg6	0.00321680869484694	0.00408843689039621	0.00446554578658904
Master_Fvencimiento	0.00316897780304509	0.0034753588972898	0.00425069405534749
mcuentas_saldo_delta1	0.00316547493662478	0.00322037608769079	0.00357243662927123
ctrx_quarter_delta1	0.00314656042367058	0.00223162676521506	0.00345447881604058
chomebanking_transacciones_avg6	0.00310570427018752	0.00378588718087608	0.00580520952256575
Master_Fvencimiento_lag1	0.00302843812978291	0.00433842467939073	0.00443605633328138
mcaja_ahorro_avg6	0.00296536393531292	0.00403231572910945	0.00476465309870963
Master_Fvencimiento_avg6	0.00293564277420178	0.00286256727423083	0.0042591196134354
mcomisiones_otras_avg6	0.00292913245734429	0.00284342468912142	0.00275937027378851
mpayroll	0.00290165583123669	0.00206381539101744	0.000935236947757327
Visa_mpagospesos_tend6	0.00289970311525298	0.00181040245907129	0.00286468974988731
Visa_mlimitecompra_tend6	0.00289640799030387	0.00257671544360038	0.00370303277963374
vm_Fvencimiento_avg6	0.0028887646162586	0.00342978136047698	0.00432231129909467
ctrx_quarter	0.00287979222454234	0.00353235636074574	0.00420014070682007
mpasivos_margen_tend6	0.00287381506079563	0.00346324490396224	0.00386311838330391
vm_Fvencimiento	0.00285468479031426	0.00230346929826574	0.00380413947668859
mcuentas_saldo_tend6	0.00282927342825346	0.0038205914975	0.00456243970459993
Visa_fechaalta_avg6	0.00281323124115365	0.00272741927746825	0.00356401107118333
mrentabilidad_annual	0.00277385513923491	0.00559924666856759	0.00487839813289633
mactivos_margen_lag1	0.00274672552044742	0.00376641696485476	0.00421277904395192
Visa_cconsumos_tend6	0.00273902867315284	0.000873890864614627	0.00234651792748122
Master_fechaalta	0.0027389598690602	0.00200101488169451	0.00363141553588656
mpasivos_margen_delta1	0.00268475381833961	0.00214361390289897	0.00364405387301841
chomebanking_transacciones_tend6	0.00264234768622591	0.00221959529361643	0.00386733116234787
mrentabilidad_tend6	0.00261446975795617	0.00582185099717671	0.00477729143584148
mactivos_margen_tend6	0.00260531504625012	0.0036454376542301	0.00305005202782119
Visa_fechaalta_lag1	0.00254255189297287	0.00240988401493388	0.00356401107118333
cpayroll_trx_avg6	0.00247439191290272	0.00170880347472751	0.00156294102530616
mcomisiones_mantenimiento_avg6	0.00246273860744081	0.00284431818331746	0.00341656380464501
Master_fechaalta_lag1	0.00241180642709276	0.00176259290597104	0.00337443601420549
mpayroll_sobre_edad_lag1	0.00238499381098043	0.00152808580036438	0.00153766435104245
Master_fechaalta_avg6	0.002341572443828	0.00229883776622918	0.00358086218735914
Visa_mconsumospesos	0.00232965477982331	0.00106651475438067	0.00281413640135989
ctransferencias_recibidas_tend6	0.00232940652004445	0.00322478756178352	0.00364405387301841
ctrx_quarter_avg6	0.00232630199239012	0.00450413224070124	0.00735129943169611
vm_fechaalta_lag1	0.00231617510586093	0.00206654352008002	0.00287311530797521
mcaja_ahorro_lag1	0.00231314473294615	0.0031053874616263	0.00658036086665291
Master_mfinanciacion_limite_delta1	0.00222385985633277	0.00175774131599065	0.00255294410063487
Master_mfinanciacion_limite_avg6	0.00222315831656707	0.00167738529123803	0.00267090191386552
mcomisiones	0.00221498422233705	0.00154845982579787	0.00298264756311796
Visa_mconsumospesos_tend6	0.00220551204533316	0.00118280997448665	0.00266247635577762
vmr_Master_mlimitecompra	0.00220142439503976	0.00118129412891821	0.00149132378155898
mtransferencias_recibidas	0.00219814728823986	0.00220690266578478	0.00333230822376597
vm_mlimitecompra_tend6	0.00217308368970065	0.00276091867860954	0.0030584775859091
Visa_mfinanciacion_limite_delta1	0.00216008304198914	0.00247986686187889	0.00232545403226146
mactivos_margen_delta1	0.00214807925445685	0.0039855092079764	0.00400214009175433
Master_mlimitecompra_avg6	0.00212616147694576	0.00211204344717158	0.00249396519401954
Visa_mpagominimo_avg6	0.0021131047025267	0.00151901233978751	0.00297843478407401
vmr_mpagominimo_tend6	0.00209624071055291	0.000880781920181587	0.00151238767677874
Master_mlimitecompra	0.0020783411240569	0.00156492978753143	0.00232124125321751
mrentabilidad_delta1	0.00204682590917116	0.00234788661886578	0.00379150113955673
mtransferencias_recibidas_delta1	0.00203619694437804	0.00120685965526318	0.00200107004587716
Visa_mlimitecompra_delta1	0.00203458521541923	0.00199588576328049	0.00278885972709617
Master_mlimitecompra_tend6	0.002013860490436	0.00176305021388556	0.00272988082048085
ccomisiones_mantenimiento_delta1	0.00200437902100069	0.00221220075726281	0.000859406924966192
mrentabilidad	0.00199645673367786	0.00298777484106195	0.00401056564984223
ctrx_quarter_normalizado_avg6	0.00197880190523324	0.00437823601039412	0.00649189250672992
mcaja_ahorro_dolares_lag1	0.00197404112984302	0.00167940068798699	0.00193787836021788
mttarjeta_visa_debitos_automaticos_tend6	0.00197007044247157	0.00110682760136766	0.00204741061536063
Master_status_delta1	0.00196997431679102	0.000105869483816241	0.000126383371318558
chomebanking_transacciones_delta1	0.00195939580733572	0.00165113552222396	0.00233387959034937
mcomisiones_otras_delta1	0.00195668173269882	0.00219811704885765	0.00300792423738167
Visa_mconsumospesos_avg6	0.00194915254923313	0.00173380215538681	0.00287311530797521
Visa_Fvencimiento_avg6	0.00194721863255333	0.0019824234238462	0.003066903143997
mcomisiones_otras	0.00191725103707493	0.00180670617329601	0.00274673193665665
mcomisiones_lag1	0.00190019851858015	0.00154988136081895	0.00349239382743615
mtransferencias_recibidas_lag1	0.00188220638036488	0.00156031544752174	0.00304162646973329
Visa_msaldototal_avg6	0.00187663033985055	0.00121156683221793	0.00238864571792074
thomebanking_tend6	0.00187246616973925	0.00325481319109719	0.00227068790469009
cmobile_app_trx_avg6	0.00184888375070092	0.00191837673817618	0.00305005202782119
mtransferencias_emitidas_tend6	0.00183752143880467	0.00113905626612348	0.00195051669734974
vmr_Visa_mlimitecompra	0.00182076707732754	0.00159764326744475	0.00191260168595417
vmr_msaldopesos2_delta1	0.00181726589615324	0.000925809803335601	0.0015418771300864
ccajas_consultas_tend6	0.0017891822164748	0.00787654086033592	0.000745661890779491
Visa_mpagospesos_delta1	0.00178012325173111	0.00138636209892756	0.0028394130756236
mautoservicio	0.00177094823179621	0.0015723675495526	0.00198843170874531
vm_cconsumos_tend6	0.00175019215007391	0.00097268165417073	0.00166826050140496
mcuentas_saldo_lag1	0.00174625308442282	0.00370126900706405	0.00424648127630354
mautoservicio_avg6	0.00174187859319035	0.00240595588239635	0.00323962708479903
vm_msaldototal	0.00174099581433146	0.00151406693046054	0.0028562641917994
vm_status04_avg6	0.00172950752150922	0.000622523783865025	0.000737236332691587
Visa_mpagado_avg6	0.00172689962495665	0.00105726151432291	0.00214009175432758
thomebanking_avg6	0.00167340187338033	0.00315753775590876	0.00269196580908528
Visa_mfinanciacion_limite_avg6	0.0016728304689924	0.00161185321444715	0.00195051669734974
mcomisiones_delta1	0.00166969230554293	0.00238880069559216	0.00300371145833772
ctarjeta_visa_transacciones_avg6	0.00166953523889939	0.00112161667407491	0.00222013455616266
Visa_msaldototal_tend6	0.001665306511493	0.000922678889643691	0.00190838890691022
Visa_Fvencimiento	0.00165432672319472	0.00291556145143182	0.00437707742666605
ccaja_seguridad	0.0016399345254056	0.00208195789136427	0.000101106697054846
Visa_cconsumos_avg6	0.00163376807847646	0.00119347639915245	0.00234651792748122
cliente_edad_tend6	0.00163120223814863	0.00234512950895792	0.00206847451058039
Visa_mfinanciacion_limite_tend6	0.0016256610030841	0.00251018966765689	0.00309217981826071
Visa_mpagado_tend6	0.00162562180890465	0.000673060483626314	0.00191260168595417
mtransferencias_recibidas_avg6	0.00161232906178664	0.00432867532655781	0.00589789066153269
ctarjeta_visa_transacciones	0.00161011385000952	0.00204130120384005	0.00216958120763524
vmr_msaldopesos2_avg6	0.0016025496334722	0.00112428389424232	0.00220749621903081
Visa_msaldopesos_avg6	0.00159734573666051	0.00153728599073926	0.00214009175432758
Master_fultimo_cierre	0.00159038744135204	0.000929558156392232	0.00192102724404208
Visa_mpagospesos	0.00158801778724263	0.00112522798211741	0.00273830637856875
mttarjeta_visa_debitos_automaticos_avg6	0.00158112884691696	0.0009260514741132	0.00165140938522915
mtransferencias_emitidas_avg6	0.00157870078983316	0.00114630295104609	0.0024181351712284
vmr_Visa_mlimitecompra_avg6	0.00157072267797502	0.00156167803845072	0.0015334515719985
chomebanking_transacciones_lag1	0.00157052299160961	0.00181298421030516	0.00256136965872277
vmr_mpagominimo_lag1	0.00156245067550083	0.00139809786766417	0.00218643232381105
mcomisiones_mantenimiento_delta1	0.00156112001943149	0.00299258811738247	0.00331966988663412
vm_Fvencimiento_lag1	0.0015606073911624	0.00313336183653499	0.00362720275684261
vmr_msaldototal_avg6	0.0015577317241717	0.00180851379212033	0.00191260168595417
vm_mconsumospesos_lag1	0.00155653178224925	0.000542289085701968	0.00133545095693276
tcallcenter_tend6	0.00155305448699709	0.00149590281727994	0.0010868969933396
vmr_Visa_mlimitecompra_lag1	0.00154621559974272	0.00129568054284177	0.00152923879295455
matm_tend6	0.00154321502143531	0.00144315178445886	0.00144919599111946
mcomisiones_mantenimiento_lag1	0.0015403453756138	0.00246645020411597	0.00251081631019535
cprestamos_personales	0.00152452286698131	0.00374379274870545	0.000644555193724644
ctarjeta_debito_avg6	0.00152424224819071	0.00249723670341848	0.00187047389551465
mcaja_ahorro_dolares	0.00150480797135556	0.00361522389502248	0.00168932439662472
Visa_mconsumototal_tend6	0.00146941006449161	0.000788194505117973	0.00202213394109692
mtarjeta_visa_consumo_tend6	0.00146028825436074	0.00111713348467013	0.00188732501169046
Visa_fultimo_cierre_tend6	0.00145992092294716	0.00252660854451064	0.00163034549000939
active_quarter_avg6	0.00145119378811856	0.00458497160700906	0.00213587897528363
Master_mlimitecompra_lag1	0.00145081797632436	0.00123498875841362	0.00220749621903081
mextraccion_autoservicio_tend6	0.00145069844094459	0.00103313324142358	0.00129753594553719
vmr_mpagospesos_tend6	0.00144880475991548	0.000848134752371876	0.00172302662897634
vm_cconsumos_avg6	0.00144648550981513	0.00089356984096213	0.00208111284771225
vm_mlimitecompra_delta1	0.00144538236376946	0.0015228353553608	0.00214851731241548
ccallcenter_transacciones_avg6	0.00142191443019232	0.00166358107606957	0.0015334515719985
mcomisiones_otras_lag1	0.00142023359743417	0.001913917617609	0.00371145833772165
ccomisiones_otras	0.0014182711925828	0.00105009243912155	0.00165562216427311
mcaja_ahorro_dolares_avg6	0.00141254300527572	0.00207396900208199	0.00155451546721826
vmr_mpagominimo	0.00141142207229457	0.00139901985150472	0.00171038829184448
vm_fultimo_cierre_avg6	0.00140838614378424	0.00164442866694481	0.0015250260139106
chomebanking_transacciones	0.00140531237818886	0.00197097648116088	0.00279307250614013
cprestamos_personales_delta1	0.00140396740462994	0.000916364012576983	0.00010953225514275
vm_mconsumospesos_avg6	0.00138869664801495	0.00117764450721584	0.00201370838300902
vm_mpagominimo_tend6	0.0013819783272928	0.000623669755255553	0.00138600430546018
vmr_Master_mlimitecompra_avg6	0.00136376941649464	0.00221592258547799	0.00223277289329452
cdescubierto_preacordado_avg6	0.00136374331029996	0.00237709881970851	0.000480256811010519
vm_mpagominimo_avg6	0.00135917968895764	0.00137605621562509	0.00261613578629415
mtransferencias_recibidas_tend6	0.00135290345225022	0.00201114442392145	0.00219485788189895
mcomisiones_mantenimiento	0.00134365187376779	0.00337700478521599	0.00274673193665665
ctarjeta_visa_transacciones_tend6	0.00133988598912298	0.00102377341079927	0.00160085603670173
mcaja_ahorro_delta1	0.00133477774434179	0.00132648816377727	0.0026203485653381
ccallcenter_transacciones_tend6	0.00133220821630719	0.00370324314294854	0.00140285542163599
vmr_msaldototal_lag1	0.00132193450504085	0.000898941612555278	0.0015250260139106
vmr_msaldopesos2_tend6	0.00131843304186335	0.000899403832477475	0.00189575056977837
Visa_msaldopesos_tend6	0.00131838617857211	0.00116101244922901	0.00217800676572314
mpayroll_sobre_edad_delta1	0.00131264578479392	0.00155576201640721	0.00113745034186702
vmr_mpagospesos_avg6	0.00130564630777542	0.00129078376239077	0.00249396519401954
cprestamos_personales_avg6	0.00130181950816804	0.00514287547390841	0.0010953225514275
Master_mfinanciacion_limite	0.00128886766138616	0.00136349522959912	0.00230017735799775
mpagomiscuentas_avg6	0.00128517342885408	0.00100922846487346	0.0016387710480973
vm_msaldopesos_lag1	0.00127787199148251	0.000841440668312675	0.00138179152641623
mcomisiones_otras_tend6	0.00127443102889232	0.00295644703851368	0.00386311838330391
ctarjeta_visa_debitos_automaticos_avg6	0.00126775891773398	0.00057897097661575	0.00151238767677874
mpayroll_sobre_edad_avg6	0.00126429894420296	0.00195161825891454	0.00195894225543764
Master_msaldototal_tend6	0.00126132883645589	0.000567371761692506	0.000518171822406087
vm_mfinanciacion_limite_tend6	0.00124851000432343	0.0015371086672622	0.00246026296166792
vm_fultimo_cierre	0.00124813372433227	0.00144249799623734	0.00222856011425057
cproductos_lag1	0.00124212822626915	0.00122726118793964	0.00143655765398761
Visa_mlimitecompra	0.00124168665625596	0.000779738483905825	0.00147025988633922
vmr_msaldototal_tend6	0.00123852883024927	0.00117728200104944	0.00172302662897634
mtransferencias_emitidas	0.00123707894998406	0.000834098199240401	0.00150817489773479
vm_mpagospesos_tend6	0.00123400714387051	0.00113294621977681	0.0017440905241961
Visa_mpagospesos_avg6	0.0012338966099236	0.00171633309129219	0.00254030576350301
ccallcenter_transacciones_delta1	0.00123362453522285	0.00222349493650945	0.000876258041142
Visa_fultimo_cierre_avg6	0.00122921210769824	0.00133283447769309	0.00139442986354809
vmr_mconsumospesos_avg6	0.00122614558029571	0.0011833227880879	0.00215273009145943
vmr_mpagado_avg6	0.00121370051868287	0.00255727126121973	0.00203898505727273
ccomisiones_otras_lag1	0.0012064842834977	0.0016629297438519	0.00265405079768971
Visa_mconsumototal_lag1	0.00119867769170471	0.000873097575375148	0.0018578355583828
Visa_mpagominimo_delta1	0.00119855161624055	0.000780407008150364	0.0016471966061852
vmr_msaldopesos2_lag1	0.00119557980416247	0.00183628186270668	0.00276779583187641
vm_mpagospesos_avg6	0.0011930084048351	0.00092009173520138	0.0017440905241961
vm_fechaalta_avg6	0.00119296190302681	0.00167121630079926	0.00214430453337153
Visa_cconsumos_delta1	0.0011870973432361	0.000938967598294055	0.00144077043303156
mextraccion_autoservicio_avg6	0.00118095274871134	0.00081114389617535	0.00184941000029489
mcuenta_debitos_automaticos_avg6	0.00117127369573128	0.00113728990816362	0.00114587589995492
vm_mfinanciacion_limite_delta1	0.00115717867964447	0.00141105918231563	0.00246447574071188
ctransferencias_emitidas_avg6	0.00115427487474784	0.000901139244788978	0.00208111284771225
Visa_mfinanciacion_limite_lag1	0.00115418106218355	0.00150292502345182	0.00198421892970136
vmr_mconsumototal_avg6	0.00115015214488692	0.000748667088158186	0.0016471966061852
Visa_mconsumototal_avg6	0.00114490770497135	0.00104642857259693	0.00214851731241548
vmr_msaldopesos_tend6	0.00114372077108479	0.000892156656354093	0.00188311223264651
vm_mconsumospesos_tend6	0.00114158640046353	0.000876406303744886	0.00185362277933885
Master_fultimo_cierre_tend6	0.0011363772989016	0.00192195857417263	0.00148711100251503
ctarjeta_debito_transacciones_avg6	0.00113509071311474	0.00107606959170967	0.00258664633298648
mprestamos_personales_delta1	0.00113245410743264	0.00334885456043254	0.000926811389669423
cproductos_tend6	0.00112735432482762	0.00280169227191642	0.00123855703892187
mcuenta_debitos_automaticos_tend6	0.0011271251591853	0.00117080650133177	0.000960513622021039
vm_mlimitecompra	0.00112267842276604	0.000837956581268947	0.00163455826905335
Visa_mpagominimo_lag1	0.00111328666862168	0.000620523123139084	0.00150396211869084
Visa_msaldototal_lag1	0.00111222051208853	0.00125693904710994	0.00211481508006387
Visa_msaldopesos_delta1	0.00110724400799633	0.000605457013198974	0.00160928159478963
Visa_mconsumospesos_lag1	0.00109815594709693	0.000687948778888597	0.00155451546721826
vm_cconsumos_lag1	0.00109284845442047	0.000426896201405848	0.00112059922569121
vm_msaldopesos_delta1	0.0010911085012579	0.000598401896575676	0.00119642924848235
cprestamos_personales_tend6	0.00107472416572599	0.00357020337987998	0.000796215239306914
Visa_mlimitecompra_avg6	0.00106974377818918	0.00112761718265043	0.00138179152641623
vmr_mpagado_tend6	0.00106800508437932	0.000710347042684862	0.00157136658339407
ctarjeta_debito_lag1	0.00106728351945845	0.00205073815298485	0.000779364123131106
ctarjeta_debito_transacciones_tend6	0.00106653554593361	0.00125608534017607	0.00212745341719572
mtarjeta_visa_consumo_avg6	0.00106642086357809	0.00118051066369408	0.00208953840580015
ccajas_transacciones_tend6	0.00105003352197599	0.0045299954347113	0.000994215854372654
mpayroll_delta1	0.00104357534348357	0.0019664932917561	0.000931024168713375
ccuenta_debitos_automaticos_avg6	0.00104217586899295	0.00056442897789454	0.0013059615036251
vm_mpagado_avg6	0.00104010360766157	0.00175223495538722	0.00235073070652517
vm_fultimo_cierre_tend6	0.00103940337820623	0.00311277512116918	0.00142391931685575
vm_fultimo_cierre_lag1	0.0010385652316463	0.000885772519979171	0.00147025988633922
Visa_mconsumototal	0.00103239808248573	0.000845612927631639	0.00211902785910782
vm_mfinanciacion_limite	0.00103123309228185	0.000767984049540057	0.00165983494331706
vmr_mconsumototal	0.00102999559628596	0.000657085161065601	0.00106583309811984
mcaja_ahorro_dolares_tend6	0.00102376671849244	0.00218035621150716	0.00211481508006387
vm_msaldopesos	0.00101978930517922	0.00148269884944934	0.00213166619623967
ctarjeta_visa_debitos_automaticos_tend6	0.00101777216193981	0.000855412382942842	0.00122170592274606
vmr_msaldopesos2	0.00101657075742294	0.000956710752416925	0.00231281569512961
Visa_mconsumototal_delta1	0.00101477352176732	0.000650909785016858	0.00148711100251503
cpayroll_trx_lag1	0.00101255495555428	0.0011720158376213	0.000758300227911346
vm_msaldopesos_avg6	0.00100718884638642	0.00101018974477541	0.00158400492052592
mpayroll_tend6	0.00100349576595752	0.000683928300606783	0.000960513622021039
Visa_cconsumos_lag1	0.00100069706856865	0.000936453632766099	0.00195051669734974
vmr_mconsumospesos_lag1	0.000995817208541428	0.000754579671796328	0.00165140938522915
cpagomiscuentas_avg6	0.000995560818773174	0.00064135691249093	0.00148289822347108
mautoservicio_tend6	0.000985993345735356	0.00079294687254333	0.00138179152641623
vm_mfinanciacion_limite_avg6	0.00098178001671107	0.00111709566221103	0.00186204833742675
vm_mfinanciacion_limite_lag1	0.000976684463155943	0.000747059388046228	0.00148711100251503
Visa_mlimitecompra_lag1	0.000973672289151437	0.000971817140819968	0.00155030268817431
ctarjeta_debito_transacciones_lag1	0.000971230877945422	0.000819892181844147	0.00175672886132795
mcuenta_debitos_automaticos	0.000966074716958875	0.00133448540347259	0.00102370530768032
ccallcenter_transacciones	0.000964405895818207	0.00198835467311351	0.000615065740416981
mtarjeta_visa_consumo	0.000957901652475669	0.0023862882036665	0.0026203485653381
vmr_mconsumospesos_delta1	0.00095033911874567	0.000714400431418097	0.00120485480657025
ctransferencias_emitidas_tend6	0.000945883138741008	0.000859278624183667	0.00133123817788881
Visa_mpagominimo_tend6	0.00094552372259587	0.000865618061288749	0.00165562216427311
Master_mpagado_tend6	0.000942326613408409	0.000637444989578729	0.000690895763208116
mttarjeta_visa_debitos_automaticos_delta1	0.000930729848115351	0.000541241354464936	0.00133123817788881
vmr_Master_mlimitecompra_tend6	0.000929990497387774	0.00220475317122629	0.00119642924848235
ccajas_consultas_delta1	0.000925272435965882	0.00456425275863681	0.000383362892999625
Master_mpagospesos_tend6	0.00091720812203522	0.0011111482033184	0.000947875284889183
mcaja_ahorro_dolares_delta1	0.000916247385667013	0.00168083990623571	0.00199685726683321
Master_mfinanciacion_limite_lag1	0.000907899235317822	0.001187414490481	0.00203055949918483
vm_mpagospesos_lag1	0.000906646894700865	0.000883598956583078	0.00227490068373404
ctarjeta_visa_transacciones_lag1	0.000903344776118128	0.000730745136955955	0.00163455826905335
vm_msaldototal_tend6	0.000898529309545491	0.000640293462829338	0.00129753594553719
ctarjeta_debito_transacciones	0.000889972296983289	0.00117007264738516	0.00203055949918483
mplazo_fijo_dolares	0.000889900294928249	0.00135837839120429	0.000210638952197596
Master_mlimitecompra_delta1	0.000889892036314856	0.00112749290885626	0.00203898505727273
vmr_msaldopesos_lag1	0.000880916388278924	0.00116308777247161	0.00157136658339407
matm_other_avg6	0.000879262415690001	0.000634756647778317	0.00101527974959241
Visa_mconsumospesos_delta1	0.000879063102650924	0.000783988844146819	0.0017440905241961
vm_mconsumospesos	0.000872460677038547	0.000608758373557199	0.00168932439662472
cproductos_delta1	0.000855419771932756	0.000608988255516379	0.000315958428296394
ctarjeta_debito	0.00085358675056154	0.00300756581118444	0.00105319476098798
ctarjeta_visa_transacciones_delta1	0.000851644848297013	0.000723555431322367	0.00076672578599925
cdescubierto_preacordado	0.000840317015481149	0.00232603162311834	0.000471831252922616
vmr_mpagospesos_lag1	0.0008385380508473	0.000839565754983208	0.00173987774515214
ctransferencias_recibidas	0.000838292043963677	0.00066921536401849	0.00144919599111946
vmr_Master_mlimitecompra_lag1	0.000835000621998772	0.00111152151590168	0.0014281320958997
vmr_mpagospesos_delta1	0.000832434635164228	0.000462648249266793	0.00113745034186702
ctransferencias_recibidas_lag1	0.000824633901461546	0.00132699704777238	0.000931024168713375
vm_mpagominimo_delta1	0.000810707766514359	0.000974292301487293	0.00150817489773479
Visa_fultimo_cierre_lag1	0.000809585330886279	0.000793562838305748	0.00117115257421863
Master_msaldopesos_avg6	0.000807052620050225	0.000485276886223006	0.000754087448867394
ctransferencias_emitidas_delta1	0.0008054532733079	0.000585770668839959	0.000703534100339971
vmr_mpagominimo_avg6	0.000801624345362099	0.00110847508874178	0.0017440905241961
vmr_msaldototal	0.000799196834901756	0.000948289606459268	0.00162613271096544
vmr_msaldopesos_delta1	0.000796427895524331	0.000886317261630305	0.00128911038744929
cpayroll_trx_tend6	0.000792006983262746	0.00111245872696603	0.00100685419150451
Master_mpagospesos_avg6	0.000791612929732655	0.000609214699070187	0.00078778968121901
tcallcenter_avg6	0.000790637257179111	0.000915472974384777	0.00105319476098798
mcuenta_debitos_automaticos_lag1	0.000788987278141102	0.000632288363921736	0.000914173052537567
Master_cconsumos_tend6	0.000788423086067403	0.000660335436544008	0.000813066355482721
Visa_fultimo_cierre	0.000787964764992222	0.00183029952855955	0.00177357997750376
Master_fultimo_cierre_lag1	0.000784681281000193	0.000871455000008699	0.000939449726801279
Visa_mpagosdolares_delta1	0.000784299758968696	0.000319482873577422	0.00034966066064801
vm_mpagominimo_lag1	0.000779415153006055	0.000839721956827266	0.00199264448778926
catm_trx_avg6	0.000774318042536963	0.000580205855345192	0.00107425865620774
mpayroll_sobre_edad_tend6	0.000773595495164353	0.00121090764078797	0.00109953533047145
mpayroll_avg6	0.000767495560741592	0.00121092728881867	0.00153766435104245
vm_status05	0.000766834435334555	0.000249742679811549	0.000286468974988731
ctransferencias_recibidas_delta1	0.000765544304794426	0.000773861266722941	0.000863619704010144
vm_mconsumototal_avg6	0.000764895423741756	0.000521180223920334	0.00114587589995492
Master_mconsumototal_avg6	0.000755994629367358	0.000396026689173643	0.000695108542252067
vmr_msaldopesos_avg6	0.000754228172787485	0.00122649393234084	0.00179043109367957
Visa_cconsumos	0.000746878773818155	0.000717970478596133	0.00144498321207551
vm_mpagado_tend6	0.000739035584673755	0.000672188602264039	0.00151238767677874
Master_fultimo_cierre_avg6	0.000734331742626143	0.00169909538275906	0.00115430145804283
vm_mconsumototal_delta1	0.000729822279896511	0.00041220586005286	0.000905747494449664
ccaja_ahorro_avg6	0.000728980014645937	0.000815110342372741	0.000391788451087529
mextraccion_autoservicio	0.000728978006575238	0.000568674426127859	0.000737236332691587
cmobile_app_trx_tend6	0.000722262941793999	0.00303258708707904	0.00106162031907588
vmr_mconsumospesos_tend6	0.000720467230081472	0.000879865830750239	0.00149974933964688
catm_trx_other_tend6	0.000713839614471992	0.00232571283382025	0.000855194145922241
vm_mlimitecompra_lag1	0.00071333123048438	0.00115740556199341	0.00137336596832833
vm_msaldopesos_tend6	0.000709222668269927	0.000393380590639235	0.000733023553647635
ccomisiones_mantenimiento	0.000703963512503449	0.00227128091197285	0.000598214624241173
vm_mlimitecompra_avg6	0.000703300619448454	0.00126235060596526	0.00156294102530616
vm_mpagospesos	0.000702002751256002	0.000628700142315304	0.00144919599111946
mextraccion_autoservicio_lag1	0.000701680409543592	0.00042719190426787	0.000589789066153269
ctransferencias_emitidas_lag1	0.000701655642689466	0.000317801984551109	0.000813066355482721
ccajas_consultas	0.000701306373309156	0.00220312778788671	0.000294894533076635
vmr_mpagospesos	0.000700465006797869	0.000616103789834077	0.00159243047861383
Master_mconsumospesos_tend6	0.000695354564716818	0.000577034171989581	0.000623491298504885
Master_mpagospesos_lag1	0.000692139561784871	0.000910723062963257	0.000838343029746433
Master_mconsumospesos_avg6	0.000691140516721484	0.000632263312682595	0.000909960273493616
Master_Finiciomora_avg6	0.000670510496810484	0.00158881540725162	7.58300227911346e-05
mttarjeta_visa_debitos_automaticos_lag1	0.000669945083797954	0.000467264554079559	0.00123013148083396
Visa_mconsumosdolares_avg6	0.000668499474847768	0.000450772979512225	0.000762513006955298
vm_cconsumos	0.000666964200129411	0.000487377751905513	0.00127225927127348
mttarjeta_visa_debitos_automaticos	0.000661460665400188	0.000575993808764061	0.00121749314370211
vm_mpagominimo	0.000658742394015036	0.00138281612058713	0.00239707127600864
thomebanking_delta1	0.000657501547115735	0.00278820144283761	0.000442341799614952
cmobile_app_trx	0.000655582224020264	0.000798840790552308	0.000808853576438769
cextraccion_autoservicio_tend6	0.000650866824894274	0.000929997781079125	0.00118379091135049
vm_mpagospesos_delta1	0.000647095506297018	0.000647750381680434	0.00135230207310857
mplazo_fijo_dolares_avg6	0.000637221173447977	0.000562085459032899	0.000370724555867769
Master_fultimo_cierre_delta1	0.000633139492722127	0.000401261906953432	0.000935236947757327
vm_mconsumototal_tend6	0.000629991904930893	0.000346894823607344	0.000926811389669423
vm_msaldototal_delta1	0.00062128696352834	0.000608298118438072	0.00091838583158152
Visa_mpagospesos_lag1	0.000612005753883417	0.00110720140515171	0.00225383678851428
mautoservicio_delta1	0.000607366459464365	0.000567995586667204	0.0012090675856142
ctarjeta_debito_transacciones_delta1	0.000606098866494875	0.000706197869801969	0.000867832483054096
mprestamos_personales_avg6	0.000605761763891673	0.00273858476211381	0.000779364123131106
vmr_Visa_mlimitecompra_tend6	0.000604579720349429	0.00273040676053606	0.00102791808672427
ctransferencias_emitidas	0.000593337483726061	0.000374286634405799	0.000855194145922241
ctarjeta_visa_debitos_automaticos	0.000589193635756376	0.000288397724208293	0.000682470205120212
vmr_mconsumototal_lag1	0.000588631899673744	0.000475742679326243	0.00105740754003193
ccaja_seguridad_lag1	0.000587776404300065	0.00169564076776138	5.4766127571375e-05
vm_msaldototal_avg6	0.000585888316849231	0.00127403823702665	0.00225804956755823
vmr_msaldopesos	0.000584544090369655	0.00117166119066718	0.00183677166316304
vm_mconsumototal	0.000583437641647201	0.000430385691658018	0.00109110977238355
mv_status07_avg6	0.000578723092171743	0.00166876717377261	0.00115430145804283
Master_msaldototal_delta1	0.000577005775788778	0.000504078086799025	0.000598214624241173
vmr_mconsumototal_tend6	0.000574072566602824	0.000405966136703577	0.000779364123131106
Master_mpagominimo_delta1	0.00056592798112872	0.000382720060382642	0.000699321321296019
mv_status07	0.000562120851106269	0.000942683532100033	0.000707746879383923
Visa_mconsumosdolares	0.000556567292394019	0.000491576044865154	0.000661406309900452
mpagomiscuentas_lag1	0.000551694656814254	0.000576190289071052	0.000943662505845231
vm_status01_avg6	0.000548809905554774	0.00155310609385745	0.000505533485274231
matm_avg6	0.000547729854055671	0.000904783954483671	0.00150817489773479
Visa_msaldopesos_lag1	0.000542260935082712	0.000859965322856603	0.0013059615036251
mpagomiscuentas	0.000540286149514452	0.00112981039407722	0.000901534715405712
mtransferencias_emitidas_lag1	0.00053630299791575	0.000453100779949307	0.00111217366760331
catm_trx_tend6	0.000534619722116086	0.000889070441932024	0.000893109157317808
mpagomiscuentas_tend6	0.000532590554213395	0.000629965475492329	0.000947875284889183
vmr_mconsumosdolares_tend6	0.000532412364358533	0.000689933229989211	0.000556086833801654
Master_msaldopesos_delta1	0.000531328968575646	0.000469755924372211	0.000640342414680692
Visa_mconsumosdolares_tend6	0.000526607198901167	0.000556289289976649	0.000998428633416606
vm_status01_tend6	0.000520900764622284	0.00133047573160766	0.000488682369098423
cdescubierto_preacordado_tend6	0.000520333610011172	0.00394460200806076	0.000164298382714125
Visa_fultimo_cierre_delta1	0.000516845789601988	0.000254601637803449	0.000556086833801654
matm_other_tend6	0.000514752977655898	0.00109035518363025	0.000808853576438769
mtarjeta_visa_consumo_delta1	0.000510145778300456	0.000785206039648632	0.00101527974959241
ccaja_ahorro	0.000507129092844322	0.000990717563951017	0.000433916241527048
catm_trx_other_avg6	0.00050552844031043	0.000977682569184432	0.000733023553647635
mtransferencias_emitidas_delta1	0.000503285958749723	0.000563857220201195	0.000808853576438769
vmr_mpagominimo_delta1	0.000500560527835703	0.000564871058585271	0.00100264141246056
ccomisiones_otras_delta1	0.000499495962892453	0.000682775943606277	0.000973151959152894
Master_cconsumos_avg6	0.00049771433599171	0.000882051674165519	0.000770938565043202
Master_msaldototal_avg6	0.000494276433030406	0.000759660652535129	0.000808853576438769
Master_msaldototal_lag1	0.000492175675106381	0.000474584919117295	0.000581363508065366
vm_fultimo_cierre_delta1	0.00049114818819323	0.000639810121274139	0.000758300227911346
Master_msaldopesos	0.000477853417725732	0.000723920884693372	0.000627704077548837
vmr_Visa_mlimitecompra_delta1	0.000475738366348625	0.000389152334432777	0.000299107312120587
ccaja_ahorro_tend6	0.000475497287536113	0.00315014272835437	0.000143234487494365
cplazo_fijo_tend6	0.000474171925087295	0.000485177172467208	0.000235915626461308
cextraccion_autoservicio_avg6	0.000471686159834493	0.000574308498930841	0.00151238767677874
mv_status07_delta1	0.00047022553781451	0.00314956409385028	0.000825704692614577
mautoservicio_lag1	0.000469164749340335	0.000558688314525015	0.0014197065378118
vm_msaldototal_lag1	0.000467518010662879	0.000877722721801729	0.00156294102530616
vm_mconsumototal_lag1	0.000464817724992459	0.000346317662705556	0.00117957813230654
ctarjeta_master_transacciones_avg6	0.000464285128802092	0.00135726336546212	0.000425490683439144
ccajas_transacciones_avg6	0.00046423693706849	0.00124247416690923	0.000623491298504885
Visa_Fvencimiento_tend6	0.000463529982168435	0.00105084348509503	0.000682470205120212
Master_msaldopesos_tend6	0.000459736262590093	0.000922202916100004	0.000749874669823443
Master_mpagospesos	0.000451789683599313	0.000348459789252531	0.000627704077548837
cdescubierto_preacordado_lag1	0.000450968843845943	0.000706675808148726	0.000383362892999625
Visa_msaldototal_delta1	0.000447012499754217	0.000436861682576458	0.00118379091135049
active_quarter_tend6	0.000443819874105995	0.0064817924907052	0.00091838583158152
vm_mconsumosdolares_avg6	0.000436139484585735	0.000439165905376701	0.000674044647032308
ccuenta_debitos_automaticos_lag1	0.000432196768908963	0.000311230700683778	0.000404426788219385
vm_Fvencimiento_tend6	0.000430137946912575	0.000940969241421531	0.000619278519460933
mtarjeta_visa_consumo_lag1	0.000424449953051176	0.000441672502893146	0.00128068482936138
Master_mconsumototal	0.000422700497231715	0.000141113138882845	0.00024012840550526
ccajas_consultas_avg6	0.00042243328110964	0.00171508593254356	0.000627704077548837
Visa_mpagosdolares_avg6	0.000416889122713921	0.000328287156133712	0.000404426788219385
mtarjeta_master_consumo_avg6	0.00041602555864721	0.000380566145017248	0.000454980136746808
vmr_mconsumospesos	0.000414430725192885	0.000448367078153114	0.00149132378155898
mtarjeta_master_consumo_tend6	0.00041318694179839	0.000409095576793184	0.000429703462483096
cpagomiscuentas_tend6	0.000411623528531989	0.000597616466548478	0.000846768587834337
mplazo_fijo_dolares_tend6	0.000408971187483052	0.000391071455831317	0.000231702847417356
Master_mpagominimo_avg6	0.000408124722987947	0.000514820647583786	0.000855194145922241
active_quarter	0.000406270236790639	0.00104162512029175	0.000952088063933135
Visa_mconsumosdolares_delta1	0.000403754770450432	0.000287701692720776	0.000577150729021414
Master_mpagominimo_lag1	0.000399659325079316	0.000241500822134022	0.000480256811010519
Master_mpagominimo_tend6	0.000396399969819898	0.00122987142881803	0.000551874054757702
foto_mes	0.000394356794877085	0.000366901922067523	0.000669831867988356
vm_mconsumospesos_delta1	0.000381214979684241	0.000406701464252492	0.00091838583158152
Master_msaldototal	0.000378928638590395	0.000492042194393492	0.000577150729021414
vm_status06_tend6	0.000374734706907529	0.00134925433694838	0.000353873439691962
cdescubierto_preacordado_delta1	0.000368530986763017	0.00225859663455425	9.26811389669423e-05
vm_cconsumos_delta1	0.000367447347200685	0.000242788259345584	0.000615065740416981
Master_mpagominimo	0.00036429986400634	0.000303093959970491	0.00056872517093351
ccajas_extracciones_avg6	0.000363084613514855	0.00175453033657364	0.000261192300725019
mv_status07_lag1	0.000362179551830556	0.000674096426044927	0.000543448496669798
vm_fechaalta_tend6	0.000360818051840238	0.000971044482012723	0.000433916241527048
Master_mconsumototal_lag1	0.000358078777085888	0.00021190302868882	0.000358086218735914
ccaja_ahorro_lag1	0.000356380841250097	0.00068521279061374	0.000412852346307289
thomebanking	0.000355608588456234	0.00171671573669006	0.000615065740416981
ctarjeta_visa_debitos_automaticos_lag1	0.000354766372591646	0.000299100006530121	0.000652980751812548
vm_mconsumosdolares_tend6	0.000354703962133081	0.000447025608857129	0.000412852346307289
Master_Fvencimiento_tend6	0.000347635722406958	0.00100204956565675	0.000522384601450039
cextraccion_autoservicio	0.000346426143119809	0.000250579194718565	0.000602427403285125
ccajas_otras_tend6	0.000340660675758251	0.00178414335724264	0.000278043416900827
cpayroll_trx_delta1	0.000340434980169335	0.000961386492522555	0.000320171207340346
Visa_fechaalta_tend6	0.000340242484256579	0.000974217147769869	0.000627704077548837
matm	0.000338723001919085	0.000265981285983631	0.000589789066153269
Master_mconsumospesos_delta1	0.000338459900030612	0.000258976763039383	0.000463405694834712
Visa_status_tend6	0.000338041194057633	0.000795685808022792	0.000210638952197596
ctarjeta_master_transacciones_tend6	0.000337558487384117	0.000567402707340857	0.000337022323516154
cseguro_accidentes_personales_avg6	0.000332674757559297	0.000633913256060556	0.000412852346307289
vmr_msaldototal_delta1	0.000325596809400943	0.000495194720919171	0.00106162031907588
matm_delta1	0.000324415287310347	0.000344804273140954	0.000450767357702856
Master_msaldopesos_lag1	0.000324355033970986	0.000178151641553816	0.000564512391889558
mpagomiscuentas_delta1	0.000322489248968824	0.000444972389649068	0.000522384601450039
ccaja_seguridad_avg6	0.000321237284004048	0.000627285484104965	5.05533485274231e-05
mv_status07_tend6	0.000320823142694049	0.00300681476521096	0.000880470820185952
Master_mconsumospesos_lag1	0.000317549971072649	0.000307521643688545	0.000501320706230279
Master_mconsumototal_tend6	0.00031303349728051	0.000300112862512663	0.000505533485274231
ccajas_transacciones	0.000310691191628808	0.00022810675960641	0.00010953225514275
mcuenta_debitos_automaticos_delta1	0.00030976863749949	0.000390816522632995	0.000594001845197221
vm_status04	0.000308957821851545	0.000984083897586216	0.000320171207340346
ctarjeta_visa_descuentos_tend6	0.000299103568843752	0.000307760858462307	0.000235915626461308
cmobile_app_trx_lag1	0.000298113938380245	0.000163645500488632	0.000463405694834712
ccuenta_debitos_automaticos	0.000297457182932799	0.000210606258662676	0.000332809544472202
ccaja_ahorro_delta1	0.00029539234339659	0.00102515564975896	6.74044647032308e-05
ccajas_otras_avg6	0.000293242425659395	0.00158321031529392	0.000256979521681067
cpagomiscuentas_lag1	0.000291743739404994	0.000226928860165996	0.000400214009175433
mcheques_depositados_avg6	0.000289909938235514	0.00145454371265822	0.000122170592274606
cextraccion_autoservicio_delta1	0.000285662153238496	0.000508487596088682	0.000379150113955673
cprestamos_prendarios_avg6	0.000284780191861	0.00385328287337878	0.000105319476098798
vm_Finiciomora_avg6	0.000284181475925481	0.00174881079483712	0.000269617858812923
ccallcenter_transacciones_lag1	0.000278455705683845	0.000690752061668598	0.000315958428296394
Visa_msaldodolares_avg6	0.000277788200724638	0.000349683861565088	0.000370724555867769
mttarjeta_master_debitos_automaticos_tend6	0.000277614824214657	0.000455726248051482	0.000202213394109692
tcallcenter_delta1	0.000271176518006049	0.000182858327307798	0.000193787836021789
active_quarter_lag1	0.000270459087353948	0.000818942199559843	0.000695108542252067
vmr_msaldodolares_tend6	0.000269318975462174	0.000539924445207325	0.000408639567263337
catm_trx_lag1	0.000265506771017529	0.000141270814329205	0.000320171207340346
ctarjeta_visa_debitos_automaticos_delta1	0.000265262348300519	0.000343610164075213	0.000345447881604058
Visa_delinquency_tend6	0.000261163352460935	0.00138886329323556	0.000370724555867769
ccajas_depositos_avg6	0.000257503169295615	0.0008347023761844	0.000214851731241548
vmr_mconsumototal_delta1	0.000255623861967718	0.000240602415930303	0.000631916856592789
vmr_mpagosdolares_tend6	0.000255087068571044	0.000230887447151108	0.000252766742637115
Visa_mpagosdolares_tend6	0.000251757678336082	0.00028226311782325	0.000353873439691962
Master_mpagado_avg6	0.00025132319135419	0.00036250911360396	0.000433916241527048
catm_trx_other_delta1	0.000249771361656506	0.000230786259793007	0.00024012840550526
Master_mpagospesos_delta1	0.000248359886415289	0.00020807657471016	0.000492895148142375
vm_mpagado_lag1	0.000247041786635807	0.000214579090470044	0.000223277289329452
Visa_mpagado	0.000244132441283048	0.000330166490270085	0.000261192300725019
Master_mconsumospesos	0.000242623689354133	0.000192082095319515	0.000408639567263337
vmr_mconsumosdolares_avg6	0.000241605837935484	0.000523116046144968	0.000530810159537942
vmr_msaldodolares2	0.000241091735105064	0.000513889330928646	0.000168511161758077
matm_lag1	0.000237751757556102	0.000400840947895703	0.000429703462483096
Master_fechaalta_tend6	0.000237300833518098	0.000713366453802555	0.000484469590054471
matm_other	0.000235738115577015	0.000522698525492611	0.000269617858812923
vm_status03_tend6	0.000234121442263034	0.000906551294845059	0.000235915626461308
vm_status02_tend6	0.000230766909035852	0.000951207339018092	0.000353873439691962
ctarjeta_debito_tend6	0.000228251491215222	0.00111407428629027	0.000294894533076635
catm_trx_other	0.000227609531835508	0.000401779141361587	0.000244341184549212
ccuenta_debitos_automaticos_tend6	0.000226564008565197	0.00249236104460048	0.000551874054757702
cextraccion_autoservicio_lag1	0.000221966599580812	0.000246905012977824	0.000454980136746808
cseguro_vivienda_avg6	0.000220887743360121	0.000582895670747906	0.000315958428296394
mextraccion_autoservicio_delta1	0.000220830087890589	0.000176984057329519	0.000454980136746808
mttarjeta_master_debitos_automaticos_delta1	0.000219026944684806	0.000228234963006722	0.000172723940802029
vm_status05_tend6	0.000217436848931126	0.00131922821643393	0.00032859676542825
ccomisiones_mantenimiento_lag1	0.000215649028303611	0.000744916279097718	0.00041706512535124
vm_msaldodolares_tend6	0.000214066281192948	0.00057984973478877	0.000303320091164539
vmr_mconsumosdolares_lag1	0.000207105945723912	0.000173666978546735	0.000206426173153644
cpagomiscuentas_delta1	0.000205249149725613	0.00021774979142412	0.000282256195944779
matm_other_lag1	0.00020493821624598	0.000195377070067763	0.000315958428296394
mcaja_ahorro_adicional	0.000202358973530364	0.00087612484570512	0.000105319476098798
ctarjeta_visa_descuentos_avg6	0.000201741764802413	0.000297628369030755	0.000256979521681067
Visa_mconsumosdolares_lag1	0.000200016315039099	0.00029027067273469	0.000454980136746808
thomebanking_lag1	0.000199895441176747	0.00086066724875333	0.000610852961373029
Visa_delinquency_avg6	0.000199042300542935	0.000983502315877521	0.000231702847417356
vm_status04_tend6	0.000195445079052605	0.00137087797713433	0.000353873439691962
mplazo_fijo_dolares_lag1	0.000194339529392868	0.000394519194018251	0.000151660045582269
minversion2	0.000194155229405228	0.00161298837942079	5.89789066153269e-05
vm_status05_delta1	0.000189399681599613	0.00215417668420284	0.000168511161758077
cplazo_fijo_avg6	0.000189099685851494	0.000310524845180911	0.000252766742637115
mcaja_ahorro_adicional_lag1	0.000185292194664185	0.000939769237946581	0.000155872824626221
ccheques_depositados_avg6	0.00018431401355131	0.000945440150807124	6.31916856592789e-05
mforex_sell_tend6	0.000182271195570316	0.00020993134880816	0.000185362277933885
cmobile_app_trx_delta1	0.000181809417810714	0.000481022105175105	0.000214851731241548
Master_fechaalta_delta1	0.00017828142980237	0.000131991049429996	0.00024012840550526
mcajeros_propios_descuentos_avg6	0.000177578093913404	0.000108933594203774	0.000105319476098798
Master_cconsumos	0.00017593394549447	0.000202588388535119	0.000227490068373404
cpagomiscuentas	0.000175254697153487	0.000230302918237808	0.000551874054757702
tcuentas_tend6	0.000174902460241205	0.00515433371421139	0.00024012840550526
mplazo_fijo_dolares_delta1	0.000174395446630756	0.000195062701576576	0.000139021708450413
vm_Finiciomora	0.000173864126609046	0.000345064609547718	8.84683599229904e-05
vm_status01_lag1	0.00017337852580808	0.000706855587629623	8.00428018350866e-05
mtarjeta_visa_descuentos_delta1	0.000172214819561592	0.000214037296023515	0.000143234487494365
Visa_delinquency	0.000167635724746383	2.99435987855077e-05	5.89789066153269e-05
vm_status02	0.000164816966465675	0.000732043871785169	0.000278043416900827
catm_trx_delta1	0.000164026168896557	0.000201742540813521	0.000294894533076635
Master_mconsumosdolares_avg6	0.000163594151438979	0.000358640416359297	0.00019800061506574
Master_mpagosdolares_avg6	0.000162355577722667	0.000807635249093249	0.000206426173153644
Visa_mpagado_delta1	0.000161089476740991	0.000206702686163522	0.000265405079768971
vm_status02_avg6	0.000160568692725883	0.000661818862861794	0.000442341799614952
tcallcenter	0.000159845069423031	0.000628046845294557	0.0002190645102855
Visa_msaldodolares_tend6	0.000157095228593948	0.000214666033005888	0.000256979521681067
vm_mconsumosdolares_delta1	0.000156008271341994	0.000129898534160536	0.000210638952197596
vm_mconsumosdolares_lag1	0.000155552209744309	0.000145931818411812	0.000231702847417356
ctarjeta_master_transacciones_lag1	0.00015158563907073	9.30953166571871e-05	0.000185362277933885
mprestamos_prendarios_avg6	0.00014870621146543	0.000467912447891863	5.05533485274231e-05
vm_Fvencimiento_delta1	0.00014850320032392	0.000409913426071036	0.00019800061506574
mcaja_ahorro_adicional_delta1	0.000148379839874493	0.000405731833937489	9.26811389669423e-05
cforex_sell_avg6	0.000147462141640019	0.000318723477190899	0.000122170592274606
Master_cconsumos_delta1	0.000146977551155491	0.000163602766021862	0.00024012840550526
mcaja_ahorro_adicional_avg6	0.00014614420439847	0.00105976909424088	0.000139021708450413
mttarjeta_master_debitos_automaticos_avg6	0.000145985772549649	0.000123846940705197	0.000117957813230654
Master_cconsumos_lag1	0.000145451282051486	0.000201588303772532	0.00030753287020849
cplazo_fijo_delta1	0.000145303880814214	0.00042146008251216	7.58300227911346e-05
tcuentas_avg6	0.000145253529946253	0.000997092858712124	0.000278043416900827
vmr_mpagado_delta1	0.000145103730701435	0.000215109096098154	0.000244341184549212
vm_mconsumosdolares	0.000144345820375233	0.00041549248438806	0.000227490068373404
vmr_mpagado	0.000143416578072474	0.000233272226877217	0.000193787836021789
vm_status04_delta1	0.00014277428191359	0.00116047114598325	0.000210638952197596
Master_msaldodolares_avg6	0.000141904534164561	0.000328403079514837	0.000185362277933885
ccajeros_propios_descuentos_tend6	0.000141830476038077	0.000384516381589312	0.000122170592274606
mtarjeta_visa_descuentos_avg6	0.000140403060237545	0.000161306893634666	0.000210638952197596
vm_mpagado	0.000140029005285188	0.000170633322606786	0.000181149498889933
Visa_status_delta1	0.000139818955154645	0.000415505746808782	0.000122170592274606
mtarjeta_master_consumo_lag1	0.000137082176505047	0.000260413525284258	0.000210638952197596
Master_mpagado	0.000136223467805379	0.000101283633451059	0.000105319476098798
ccuenta_debitos_automaticos_delta1	0.000135453118516417	0.00039673647428265	0.000117957813230654
Visa_mpagado_lag1	0.000135033745772439	0.000246018395592525	0.000248553963593163
vmr_mpagado_lag1	0.000134099143813919	0.000180270190463952	0.000172723940802029
ctarjeta_master_transacciones	0.000133873986422962	0.000114816705795867	0.000164298382714125
vm_status05_avg6	0.000132615313691655	0.000384902956593318	0.000374937334911721
vm_Finiciomora_tend6	0.000130443595658664	0.00150778938465216	0.000160085603670173
vm_status03_avg6	0.000130326592011166	0.000179239160053014	0.000223277289329452
vm_msaldodolares	0.00012899690877319	0.000521472488376984	0.000105319476098798
cinversion1_tend6	0.000128731654166787	0.000148887373429732	3.37022323516154e-05
Visa_cadelantosefectivo_delta1	0.00012855777481814	0.00029281509271023	4.21277904395192e-05
vmr_msaldodolares_avg6	0.000128154889611249	0.000240005115797049	0.000332809544472202
minversion1_pesos	0.000127471123622555	0.000299858911715876	3.37022323516154e-05
Visa_Fvencimiento_delta1	0.000127334219853925	0.000707556039924048	0.000311745649252442
Master_delinquency_tend6	0.000126223093064517	0.00063040166177385	0.000147447266538317
vmr_msaldodolares2_tend6	0.000125448496550054	0.00035341453139409	0.00024012840550526
vm_msaldodolares_avg6	0.000124960209549771	0.000428695961017891	0.000345447881604058
vmr_msaldodolares2_lag1	0.000124204103886882	0.000466605362649602	0.000160085603670173
Master_delinquency_lag1	0.000123915340322063	1.19111274105934e-05	1.68511161758077e-05
cforex_tend6	0.00012022067194276	0.000216502141474724	0.000113745034186702
Master_Finiciomora	0.00011950454281197	0.000198591979090912	5.05533485274231e-05
Visa_Finiciomora	0.000118771530205297	0.000672610052522536	8.42555808790385e-05
ctarjeta_master_debitos_automaticos_avg6	0.000117144123352206	7.51325957912549e-05	0.00013059615036251
mcheques_emitidos_avg6	0.000115359779330763	0.000815768551401163	6.74044647032308e-05
Master_mconsumototal_delta1	0.000107695676966876	0.000139169457445931	0.00019800061506574
vmr_Master_mlimitecompra_delta1	0.000107373881206453	0.000321186849039806	0.00032859676542825
cseguro_auto_tend6	0.000106142418341353	0.000577512601537105	4.21277904395192e-05
ccheques_depositados	0.000105793068011995	0.000144581016301245	1.68511161758077e-05
ccajas_extracciones_tend6	0.000105542536609679	0.000314485396969092	0.000214851731241548
mcheques_depositados_tend6	0.000103167663599984	0.000413745283258138	5.05533485274231e-05
mprestamos_prendarios_lag1	0.000102813572324176	0.00042946567262053	4.63405694834712e-05
cforex_avg6	0.000102151262764505	0.000176165225650132	0.000139021708450413
Master_status_avg6	0.000102028819170928	0.000618050418475596	0.00019800061506574
vm_msaldodolares_delta1	0.00010098288458973	0.000165969371319574	0.000101106697054846
Visa_mpagosdolares_lag1	0.000100803356360761	0.000307905271487946	0.000185362277933885
Visa_status_avg6	9.81720647092524e-05	0.00297720960375425	0.000256979521681067
Visa_msaldodolares_delta1	9.81709810583812e-05	0.000234296380477411	0.000210638952197596
mforex_sell_avg6	9.72324547675703e-05	0.000146753106095036	0.000147447266538317
vm_mpagosdolares_avg6	9.70673233666602e-05	0.000166044033836231	0.000231702847417356
mtarjeta_master_descuentos_avg6	9.70203598334814e-05	0.000625497513311342	6.74044647032308e-05
ctarjeta_master_debitos_automaticos_tend6	9.59393139087404e-05	0.000127071182542928	0.000122170592274606
Master_mconsumosdolares_tend6	9.53504930625572e-05	0.000103190966031179	8.42555808790385e-05
cseguro_vida_avg6	9.53120448290546e-05	0.00105536891776581	0.000223277289329452
vm_mpagado_delta1	9.44218458877805e-05	0.000168605645838633	0.000206426173153644
mcaja_ahorro_adicional_tend6	9.41826106150323e-05	0.000492111453701706	9.68939180108942e-05
minversion1_pesos_tend6	9.28638173567595e-05	3.53232295909355e-05	2.94894533076635e-05
tcallcenter_lag1	9.26148167809455e-05	0.000133440582894826	0.000134808929406462
mttarjeta_master_debitos_automaticos_lag1	9.22292642309858e-05	6.04152383960551e-05	0.00010953225514275
mforex_buy_delta1	9.13051102448864e-05	0.000359266697337832	2.10638952197596e-05
Master_Fvencimiento_delta1	9.1137024669325e-05	0.000110798683517891	0.000193787836021789
cseguro_vivienda_tend6	9.00475248826599e-05	0.00045362832957358	6.31916856592789e-05
Visa_Finiciomora_avg6	8.9989399472021e-05	0.00107611723818411	0.000176936719845981
cseguro_vivienda_lag1	8.97208607626654e-05	0.000133169440071178	5.89789066153269e-05
active_quarter_delta1	8.97154888195253e-05	0.00107394760439416	0.000122170592274606
catm_trx	8.81547386149179e-05	8.97188025815379e-05	0.000210638952197596
vmr_mconsumosdolares	8.40046019117451e-05	0.000185187110146415	0.000172723940802029
ccajeros_propios_descuentos_avg6	8.36832362299158e-05	4.52179778510285e-05	0.000101106697054846
Visa_Finiciomora_tend6	8.35455732557293e-05	0.00043629434569002	0.00013059615036251
ccajas_transacciones_delta1	8.26472163157641e-05	0.000869200879686739	0.000139021708450413
Visa_madelantopesos_avg6	8.18412700889984e-05	0.000335396304841432	0.000126383371318558
Master_mpagosdolares_tend6	8.09198407694376e-05	0.000158700091161656	0.00013059615036251
mtarjeta_master_consumo_delta1	8.0716428223142e-05	0.000134271203392633	0.000265405079768971
Visa_msaldodolares_lag1	7.71833799458765e-05	0.000206584306778559	0.00010953225514275
ccheques_depositados_tend6	7.62028724410856e-05	0.000243381629872698	7.58300227911346e-05
matm_other_delta1	7.60945588329369e-05	0.000147959986380732	0.000206426173153644
ccajas_depositos_tend6	7.59990318501289e-05	0.000703760040392972	0.00013059615036251
cforex_buy_tend6	7.427436628524e-05	0.000359817333398176	2.94894533076635e-05
mtarjeta_visa_descuentos_tend6	7.41436349260209e-05	9.98945176806287e-05	9.68939180108942e-05
vmr_mconsumosdolares_delta1	7.28411549256519e-05	0.000145186666847546	0.000139021708450413
vm_mpagosdolares_delta1	7.17328364354502e-05	0.000297556653718703	0.000113745034186702
Visa_delinquency_delta1	7.15293425487341e-05	0.000210466757644712	9.26811389669423e-05
ccheques_emitidos_tend6	7.09575395431003e-05	0.000245218720743069	3.37022323516154e-05
vm_mpagosdolares_tend6	7.08399114082826e-05	6.9766227406549e-05	0.000122170592274606
mcajeros_propios_descuentos_tend6	6.88964385959056e-05	0.00031551642738003	7.58300227911346e-05
vm_mpagosdolares	6.83652622311291e-05	3.04490443752434e-05	3.37022323516154e-05
Master_mpagado_delta1	6.81269599070877e-05	0.000119869688090922	6.74044647032308e-05
cseguro_vida	6.74104869064707e-05	0.000306619307878687	6.74044647032308e-05
mprestamos_prendarios_tend6	6.71250225607245e-05	0.00118001455091893	5.4766127571375e-05
cseguro_accidentes_personales_tend6	6.65468726562651e-05	0.00132929390256111	0.000122170592274606
vmr_mpagosdolares_delta1	6.61578624734063e-05	0.000101555267475475	8.84683599229904e-05
ctarjeta_visa_lag1	6.5748078761852e-05	0.000273899933556156	2.10638952197596e-05
minversion1_pesos_lag1	6.55127957422246e-05	1.88188838036478e-05	1.68511161758077e-05
mtarjeta_master_consumo	6.40017175831692e-05	0.000228919696876588	0.000231702847417356
ccajas_depositos_lag1	6.34582681019925e-05	0.000300634026526958	2.94894533076635e-05
mttarjeta_master_debitos_automaticos	6.22201220522839e-05	0.000184227303846762	0.000122170592274606
ctarjeta_master_debitos_automaticos	6.11870009442316e-05	5.36946294954101e-05	5.4766127571375e-05
vmr_msaldodolares_lag1	6.06848679261252e-05	0.000264858401029174	9.68939180108942e-05
ccheques_emitidos_rechazados_avg6	5.99591223172765e-05	0.000284042738203826	2.94894533076635e-05
vm_Finiciomora_lag1	5.9848035371783e-05	0.000541502182072467	5.89789066153269e-05
ccajas_consultas_lag1	5.89746094399295e-05	0.00142736999500053	0.000122170592274606
vmr_msaldodolares2_avg6	5.74427778921824e-05	0.000239131269631704	0.000303320091164539
Master_Finiciomora_tend6	5.74363653746205e-05	0.000414019373286392	7.16172437471827e-05
cplazo_fijo_lag1	5.63158217564339e-05	0.000141707000610727	5.05533485274231e-05
Master_msaldodolares_lag1	5.6163575584083e-05	7.20915718397936e-05	7.58300227911346e-05
cseguro_auto_avg6	5.52553369023113e-05	0.000535790008347456	0.000105319476098798
catm_trx_other_lag1	5.49286880365465e-05	7.02446569540733e-05	0.000126383371318558
ctarjeta_visa_descuentos	5.43949569790177e-05	1.83149118162146e-05	1.26383371318558e-05
tcuentas_lag1	5.38970573997075e-05	0.000651126895756083	9.68939180108942e-05
vmr_mpagosdolares_lag1	5.27822704948858e-05	9.66732230475027e-05	8.42555808790385e-05
cforex_sell_tend6	5.24335378985266e-05	8.3448624784671e-05	8.42555808790385e-05
cseguro_accidentes_personales_lag1	5.19173513611497e-05	0.000122897449621661	0.000101106697054846
vm_status01	5.18392164256442e-05	0.00299444436508277	0.000235915626461308
mcheques_emitidos_rechazados_avg6	5.10268272886352e-05	0.000740761703006382	2.94894533076635e-05
cseguro_vida_tend6	5.01103376839018e-05	0.00313882742747472	0.000134808929406462
Visa_cadelantosefectivo_tend6	4.98509842792764e-05	0.000355338564800304	3.79150113955673e-05
vmr_msaldodolares	4.9751039192685e-05	0.000389463264518591	7.16172437471827e-05
cinversion1_avg6	4.80383675189265e-05	7.97901614684889e-05	2.10638952197596e-05
Master_mconsumosdolares_lag1	4.80021671463302e-05	9.07537625986157e-05	5.89789066153269e-05
Master_status	4.7866492752459e-05	0.000925829942567067	0.000244341184549212
tcuentas	4.7075918108367e-05	0.000292365152807219	8.84683599229904e-05
cpagodeservicios_avg6	4.62683595114573e-05	5.72494494496542e-05	1.68511161758077e-05
ccajas_transacciones_lag1	4.61555436214908e-05	0.000104188594789928	8.84683599229904e-05
mpagodeservicios_avg6	4.39950501799501e-05	0.000130508605513745	2.10638952197596e-05
Visa_mpagosdolares	4.36966191973749e-05	0.000136207516818034	0.000210638952197596
vmr_madelantopesos_delta1	4.35442015386894e-05	0.000336832084684773	1.68511161758077e-05
Visa_status	4.24616071042496e-05	0.000933722556498917	0.000231702847417356
vm_msaldodolares_lag1	4.2151198024454e-05	0.000187814543051659	7.16172437471827e-05
ccajas_otras_delta1	4.21342897754939e-05	0.000750466356569461	0.000122170592274606
cseguro_vivienda	4.21078222286877e-05	6.88953284458091e-05	0.000126383371318558
cforex_lag1	4.20667735527095e-05	0.000142204586988183	3.37022323516154e-05
vmr_msaldodolares2_delta1	4.1065018519876e-05	0.000322936014972798	0.000105319476098798
vmr_madelantopesos_tend6	4.06374305441186e-05	0.000122601255558871	2.10638952197596e-05
cinversion1_lag1	4.03549417379754e-05	5.59590650334874e-05	1.26383371318558e-05
Visa_delinquency_lag1	4.02136286526375e-05	0.000205286063150113	2.10638952197596e-05
ctarjeta_master_descuentos_tend6	4.01777107933738e-05	0.000100800783096627	2.52766742637115e-05
mtarjeta_master_descuentos_tend6	4.01257083723538e-05	0.000103823632619692	2.94894533076635e-05
mcheques_depositados_lag1	3.99788568931685e-05	2.41788665783765e-05	2.10638952197596e-05
cplazo_fijo	3.95654841138849e-05	0.000101059645901088	4.21277904395192e-05
minversion2_lag1	3.95189378961087e-05	0.00094864965662183	6.31916856592789e-05
ctarjeta_visa_descuentos_lag1	3.9084233251121e-05	4.41417569694824e-05	2.10638952197596e-05
cliente_edad_delta1	3.81530307047488e-05	0.000720931928023263	0.000164298382714125
vm_Finiciomora_delta1	3.73766169246432e-05	0.00025232197504158	2.10638952197596e-05
ccheques_emitidos_rechazados_tend6	3.72862915220433e-05	0.000128815927669013	1.26383371318558e-05
mtarjeta_visa_descuentos	3.68461305637784e-05	5.67189526207771e-05	8.42555808790385e-05
Master_madelantopesos	3.62090805406496e-05	3.43904393334933e-05	2.94894533076635e-05
cseguro_vida_lag1	3.61549242361836e-05	0.000248837396797085	9.68939180108942e-05
ccajas_otras_lag1	3.53117642211459e-05	0.000125864793458	3.37022323516154e-05
ccajas_depositos	3.51466041920623e-05	1.62621838089206e-05	1.26383371318558e-05
Master_msaldodolares_tend6	3.49194705464933e-05	9.46185302371389e-05	0.000117957813230654
mprestamos_prendarios	3.43974396842477e-05	0.000220279475376636	2.10638952197596e-05
cforex_buy_avg6	3.43882504155965e-05	1.15093251827958e-05	8.42555808790385e-06
Visa_madelantopesos_delta1	3.43203970555888e-05	0.000363583369682436	0.00010953225514275
vm_status06_delta1	3.40574739196928e-05	0.00144925053318787	8.84683599229904e-05
vmr_msaldodolares_delta1	3.36523631987784e-05	8.39408079536847e-05	9.68939180108942e-05
ctarjeta_visa_avg6	3.34537022550887e-05	0.000395104214132318	0.000126383371318558
Visa_fechaalta_delta1	3.31678950660028e-05	3.55973196191887e-05	0.000139021708450413
ctarjeta_visa	3.26016278098237e-05	6.46601954286069e-05	5.4766127571375e-05
vm_status03	3.25376107772238e-05	4.32399123603913e-05	9.68939180108942e-05
Visa_cadelantosefectivo_avg6	3.20957704009246e-05	0.000163229944639345	6.74044647032308e-05
ccajas_extracciones_lag1	3.20769444650541e-05	0.000388632644020785	6.31916856592789e-05
Master_delinquency_avg6	3.13472180191135e-05	0.00102509867046993	0.000134808929406462
vm_fechaalta_delta1	3.10956233593587e-05	7.38451585796929e-05	0.000235915626461308
vm_mpagosdolares_lag1	3.07574776004674e-05	9.23506562936893e-05	7.16172437471827e-05
mcheques_emitidos_tend6	3.05633657104168e-05	0.000117759489593833	2.10638952197596e-05
cinversion1	3.03079602019781e-05	0.000179767200878054	4.21277904395192e-05
ccheques_emitidos_avg6	2.98478718734963e-05	0.000608176791848504	4.21277904395192e-05
Visa_madelantopesos	2.94295295121179e-05	9.59855419730324e-06	4.21277904395192e-05
mcheques_emitidos_lag1	2.93622482245465e-05	5.01221263135368e-06	1.68511161758077e-05
Visa_msaldodolares	2.86847330352155e-05	9.34258947737004e-05	0.000122170592274606
mtarjeta_visa_descuentos_lag1	2.85647111959104e-05	0.000107610299336186	4.21277904395192e-05
ctarjeta_master_lag1	2.80690829813207e-05	1.92599820928438e-06	1.26383371318558e-05
vm_status03_delta1	2.78220756899531e-05	0.000459583156477725	7.58300227911346e-05
ctarjeta_master_debitos_automaticos_delta1	2.77130487600778e-05	9.17366553343408e-06	1.68511161758077e-05
Master_mpagado_lag1	2.71800440342535e-05	4.46427817523108e-05	6.74044647032308e-05
ctarjeta_master_transacciones_delta1	2.70555150829927e-05	4.13193173595492e-05	5.4766127571375e-05
Master_madelantodolares_delta1	2.65145776817625e-05	4.70865055705178e-06	8.42555808790385e-06
ccajas_extracciones	2.64079781508415e-05	8.03707607756488e-05	3.79150113955673e-05
mcheques_emitidos	2.6047727676549e-05	7.08842003533307e-05	1.26383371318558e-05
mcheques_emitidos_delta1	2.59831269582295e-05	0.000245070869312058	1.68511161758077e-05
Master_mpagosdolares_delta1	2.58490754359569e-05	4.72530226306931e-05	2.94894533076635e-05
cinversion2_avg6	2.56583575452778e-05	0.000275474232015926	1.26383371318558e-05
cinversion2	2.49188241469272e-05	0.000197866475557345	2.52766742637115e-05
ctarjeta_debito_delta1	2.47393197603301e-05	0.000556406686960076	3.37022323516154e-05
cseguro_vida_delta1	2.41697647673306e-05	9.86213252913236e-05	8.42555808790385e-06
ctarjeta_visa_descuentos_delta1	2.37077300845952e-05	3.3250362352175e-05	2.94894533076635e-05
mpagodeservicios_tend6	2.34048589747792e-05	6.15474561650937e-06	4.21277904395192e-06
cseguro_accidentes_personales	2.30259133003182e-05	0.000160265056806843	6.74044647032308e-05
cforex_buy	2.29944037263846e-05	0.000377366954418658	2.52766742637115e-05
cseguro_auto	2.29576416897622e-05	0.000141804258362687	3.79150113955673e-05
mforex_buy_tend6	2.25306445425194e-05	0.00011035660282716	2.94894533076635e-05
vm_status06	2.24217241525957e-05	0.000116030462892307	0.000164298382714125
cforex_buy_delta1	2.18520607640962e-05	0.000149141324226518	1.68511161758077e-05
ctarjeta_master_avg6	2.14335537372377e-05	5.8934759282874e-05	0.00010953225514275
ctarjeta_master_descuentos_avg6	2.10787120091163e-05	1.3855791249042e-05	2.94894533076635e-05
ccajas_extracciones_delta1	2.06176415275301e-05	2.15872913291583e-05	3.79150113955673e-05
Master_msaldodolares	2.05402358239608e-05	1.65539570648031e-05	3.79150113955673e-05
cpagodeservicios_tend6	2.04698811254181e-05	0.000115601644622298	2.10638952197596e-05
vmr_mpagosdolares_avg6	2.02208305069284e-05	8.80020558991994e-05	0.00010953225514275
mcuenta_corriente_adicional_tend6	1.99548944333002e-05	0.00291323021258936	5.4766127571375e-05
Master_cadelantosefectivo	1.95956574909546e-05	9.96498996984242e-06	2.52766742637115e-05
mcajeros_propios_descuentos_delta1	1.95636455106009e-05	0.000103606030679698	3.79150113955673e-05
minversion1_pesos_delta1	1.94802783526354e-05	1.58765912064498e-05	1.26383371318558e-05
mforex_buy_avg6	1.905921869069e-05	0.000113518953368188	2.52766742637115e-05
cseguro_auto_lag1	1.90203929591872e-05	0.000308331633754118	2.52766742637115e-05
ccheques_emitidos_delta1	1.8743442368357e-05	4.55893256312424e-05	8.42555808790385e-06
vm_status02_delta1	1.84551810432663e-05	0.000175694655314887	0.00010953225514275
Master_mpagosdolares_lag1	1.83805737124593e-05	6.38256453246604e-05	6.31916856592789e-05
cprestamos_prendarios	1.74167680375881e-05	0.000116428826714733	2.10638952197596e-05
mprestamos_hipotecarios_lag1	1.72437765595448e-05	0.000163585573995	8.42555808790385e-06
Master_msaldodolares_delta1	1.69274072015378e-05	0.00016259973405467	5.05533485274231e-05
ccheques_emitidos	1.65120019608582e-05	0.000128373846978282	8.42555808790385e-06
mtarjeta_master_descuentos_delta1	1.63790504346209e-05	3.39812690941834e-05	4.21277904395192e-05
mprestamos_prendarios_delta1	1.61252709778964e-05	0.00101406188042545	2.94894533076635e-05
Visa_madelantopesos_tend6	1.52048892473988e-05	0.000112830289892183	5.4766127571375e-05
vm_madelantopesos_avg6	1.51451229107626e-05	0.000125824514995067	5.05533485274231e-05
cseguro_auto_delta1	1.46889049311287e-05	0.00148656852909554	3.79150113955673e-05
cprestamos_hipotecarios_lag1	1.42591886749015e-05	6.11132346866424e-05	4.21277904395192e-06
ccajas_otras	1.3696626146294e-05	0.000494142077674464	7.58300227911346e-05
cprestamos_hipotecarios	1.32496843196394e-05	9.84675794511028e-05	4.21277904395192e-06
ctarjeta_visa_tend6	1.3118167221081e-05	7.54179834371601e-05	6.74044647032308e-05
Master_mconsumosdolares	1.30018071994899e-05	7.94929850041642e-05	5.4766127571375e-05
cforex_sell_lag1	1.27934160233483e-05	9.6458077111347e-05	8.42555808790385e-06
mforex_sell	1.24281201438071e-05	1.02012575389997e-05	1.68511161758077e-05
mprestamos_hipotecarios	1.22831161104073e-05	0.000384970251098463	8.42555808790385e-06
mforex_buy	1.22118026286347e-05	0.000456738612833255	2.52766742637115e-05
ctarjeta_master	1.20300231550294e-05	2.93688938875575e-05	6.74044647032308e-05
cforex	1.19936377252714e-05	3.82065780960361e-05	1.68511161758077e-05
cinversion1_delta1	1.1805374327365e-05	2.48247955876111e-05	8.42555808790385e-06
mcheques_depositados_rechazados	1.11094367515237e-05	3.60963795989471e-05	4.21277904395192e-06
vm_madelantopesos_tend6	1.08527323358361e-05	0.000177398139576504	1.68511161758077e-05
cforex_sell_delta1	1.04589240635025e-05	6.93231643142831e-06	8.42555808790385e-06
mplazo_fijo_pesos_lag1	1.04562412919518e-05	2.16619538458151e-05	4.21277904395192e-06
Master_cadelantosefectivo_tend6	1.01289638633762e-05	2.77828066093684e-05	1.68511161758077e-05
ctarjeta_master_descuentos_delta1	9.53594531109803e-06	1.57420021961606e-05	8.42555808790385e-06
mprestamos_hipotecarios_tend6	9.35579372608248e-06	4.04980296763247e-05	1.68511161758077e-05
mforex_sell_lag1	9.27653360331407e-06	1.37850583385251e-05	1.26383371318558e-05
minversion2_avg6	9.16044410559019e-06	0.000512793462016401	3.79150113955673e-05
cprestamos_hipotecarios_tend6	9.07159073860019e-06	6.62457915060284e-05	4.21277904395192e-06
ccajeros_propios_descuentos_lag1	8.68456650694812e-06	5.50567292236288e-05	2.10638952197596e-05
Visa_Finiciomora_lag1	8.43817517766453e-06	0.000597977007911807	5.05533485274231e-05
cinversion2_tend6	8.43383010995926e-06	6.54014173867324e-05	4.21277904395192e-06
minversion1_dolares_delta1	8.25290754973316e-06	5.58102312009413e-06	4.21277904395192e-06
mplazo_fijo_pesos	8.086442237739e-06	0.000128685759465631	4.21277904395192e-06
ctarjeta_master_tend6	7.91853642037474e-06	0.000223866714581533	7.16172437471827e-05
vm_status06_lag1	7.84593917293453e-06	4.91004287171809e-05	6.74044647032308e-05
vm_status05_lag1	7.84551390575558e-06	0.000112246743380418	8.00428018350866e-05
ccajeros_propios_descuentos	7.33073360554025e-06	6.28250693613061e-05	8.42555808790385e-06
Visa_madelantodolares_tend6	7.15534074979831e-06	8.48794926203367e-06	3.37022323516154e-05
Master_Finiciomora_lag1	6.74702979647932e-06	3.48079599858502e-05	1.68511161758077e-05
Master_madelantopesos_avg6	6.55070394958743e-06	2.60090806380025e-06	1.68511161758077e-05
cseguro_accidentes_personales_delta1	6.38485233258252e-06	0.000114744499283048	1.26383371318558e-05
vm_cadelantosefectivo_delta1	6.33322719436513e-06	0.000157205367226218	8.42555808790385e-06
mforex_sell_delta1	6.12949593055041e-06	2.93944363274664e-05	1.68511161758077e-05
Visa_madelantopesos_lag1	6.05735081681209e-06	6.95648350918827e-05	4.63405694834712e-05
Master_madelantopesos_lag1	6.04193095736061e-06	2.37456275014602e-05	2.10638952197596e-05
mpayroll2_tend6	5.78266483802823e-06	0.000442464318530321	1.26383371318558e-05
vmr_mpagosdolares	5.78088296918826e-06	3.22836792417767e-05	3.37022323516154e-05
mcheques_depositados_delta1	5.46044529485233e-06	1.82780717586536e-05	1.26383371318558e-05
mprestamos_hipotecarios_delta1	5.29241298598283e-06	2.65528398876015e-05	8.42555808790385e-06
Master_mpagosdolares	5.19353048964121e-06	1.34161665621485e-05	5.05533485274231e-05
cprestamos_prendarios_lag1	5.11429046653586e-06	0.000235388319783516	2.10638952197596e-05
cprestamos_prendarios_tend6	5.08511981125831e-06	5.09321163791093e-05	1.68511161758077e-05
cprestamos_prendarios_delta1	4.94938887579003e-06	3.69044048614498e-05	8.42555808790385e-06
tcuentas_delta1	4.86157765233773e-06	0.000110350217217182	1.68511161758077e-05
Master_cadelantosefectivo_lag1	4.85144668424867e-06	2.67655298199198e-06	4.21277904395192e-06
minversion2_delta1	4.8184159388083e-06	0.000142230129428092	2.10638952197596e-05
mcheques_emitidos_rechazados_tend6	4.38604244279183e-06	8.11807508412213e-06	4.21277904395192e-06
Visa_madelantodolares	4.35427382395078e-06	1.35463347655304e-05	4.21277904395192e-05
ccaja_seguridad_delta1	4.31983098051671e-06	1.09920907746406e-05	4.21277904395192e-06
mpayroll2_delta1	4.27920213254446e-06	0.000573162036339546	1.26383371318558e-05
Visa_Finiciomora_delta1	4.24934622731315e-06	0.000189857447043604	1.68511161758077e-05
cinversion2_lag1	4.12523558610811e-06	2.33865597404332e-05	2.52766742637115e-05
ccajeros_propios_descuentos_delta1	4.12164850261139e-06	0.00012633438139171	2.52766742637115e-05
Master_status_lag1	4.00378487167617e-06	0.000285464764425677	3.37022323516154e-05
mplazo_fijo_pesos_tend6	3.52124730120665e-06	6.86796913088859e-06	4.21277904395192e-06
ctarjeta_master_descuentos	3.51062669882388e-06	1.08943418219123e-05	8.42555808790385e-06
mcheques_depositados_rechazados_avg6	3.34726780322593e-06	0.000286517898871152	1.68511161758077e-05
mprestamos_hipotecarios_avg6	3.12064093372148e-06	8.41377794614437e-06	4.21277904395192e-06
ccheques_depositados_rechazados_tend6	3.11450848582898e-06	0.000113821041840188	4.21277904395192e-06
Master_delinquency_delta1	3.01041275323726e-06	4.93312930778959e-06	2.52766742637115e-05
cforex_sell	2.68291397922556e-06	0.00011417912719968	8.42555808790385e-06
Master_mconsumosdolares_delta1	2.45988807467904e-06	4.92428769397498e-06	3.37022323516154e-05
ccheques_emitidos_lag1	2.36381264196967e-06	1.4215841411604e-05	1.26383371318558e-05
mcajeros_propios_descuentos	2.3621630264601e-06	1.27972535951252e-05	8.42555808790385e-06
ccajas_depositos_delta1	2.19642700832354e-06	0.000105743736419766	1.68511161758077e-05
ctarjeta_master_descuentos_lag1	2.16578357341941e-06	8.38283229779321e-06	8.42555808790385e-06
ctarjeta_visa_delta1	1.93130500777875e-06	2.72473977728165e-05	2.52766742637115e-05
ccaja_seguridad_tend6	1.85471156719944e-06	1.85118833239736e-05	1.26383371318558e-05
vm_madelantopesos_lag1	1.84833297960975e-06	3.86530795936743e-05	4.21277904395192e-06
vm_status02_lag1	1.6851594871886e-06	0.000111528607858364	3.79150113955673e-05
vm_status04_lag1	1.61296371894894e-06	5.77995943092305e-05	6.31916856592789e-05
Master_madelantopesos_tend6	1.60170676375249e-06	7.55859740996378e-06	8.42555808790385e-06
vm_cadelantosefectivo_tend6	1.58484666305218e-06	4.46575177753351e-05	8.42555808790385e-06
minversion1_pesos_avg6	1.51098913414435e-06	9.80534972041182e-06	1.68511161758077e-05
vmr_madelantopesos_lag1	1.50514254620063e-06	5.21940111507624e-05	1.26383371318558e-05
Master_madelantopesos_delta1	1.44294987771793e-06	1.08506249536067e-06	8.42555808790385e-06
ctarjeta_master_debitos_automaticos_lag1	1.3366499914908e-06	6.05797906531605e-06	2.10638952197596e-05
cforex_delta1	1.29131399608387e-06	9.50252444726113e-05	2.10638952197596e-05
Visa_cadelantosefectivo	1.24419256871954e-06	6.87661426439622e-05	4.21277904395192e-06
ctarjeta_master_delta1	1.16836188010351e-06	1.16537382084345e-05	3.37022323516154e-05
Visa_madelantodolares_lag1	8.66898465623281e-07	1.11109613603705e-05	3.79150113955673e-05
mpayroll2	7.90532457953846e-07	3.06799087359584e-05	4.21277904395192e-06
Master_madelantodolares_avg6	7.84091464677626e-07	3.55285515117416e-06	8.42555808790385e-06
cprestamos_hipotecarios_avg6	7.77165805073639e-07	0.000391832325820142	8.42555808790385e-06
cpagodeservicios_delta1	7.21658047849471e-07	1.22593887547359e-05	4.21277904395192e-06
vmr_madelantopesos_avg6	6.76060443795781e-07	2.02207707940323e-05	8.42555808790385e-06
Master_cadelantosefectivo_delta1	5.14368329491254e-07	3.08277601669695e-06	8.42555808790385e-06
minversion2_tend6	5.09205190069598e-07	1.89868744661256e-05	4.21277904395192e-06
ccheques_depositados_lag1	4.10678532951713e-07	3.91094051066621e-06	4.21277904395192e-06
cseguro_vivienda_delta1	2.78654306459618e-07	2.8730332889835e-05	8.42555808790385e-06
vm_status03_lag1	2.05167265859282e-07	3.61965845555128e-06	2.10638952197596e-05
Visa_status_lag1	1.20434858984921e-07	1.37781815277804e-06	8.42555808790385e-06
cpagodeservicios_lag1	8.1679473232634e-08	2.25166431812282e-06	4.21277904395192e-06
Master_delinquency	6.51310930177879e-08	7.20247685354165e-06	2.52766742637115e-05
Master_madelantodolares_lag1	6.15160089202653e-08	3.80189394028592e-07	4.21277904395192e-06
mtarjeta_master_descuentos	4.9794666788708e-08	9.10686222905696e-07	4.21277904395192e-06
Visa_cadelantosefectivo_lag1	1.48155899137536e-08	3.98609422809047e-05	2.94894533076635e-05
vm_madelantopesos_delta1	1.03011989834377e-09	1.11846414754923e-06	4.21277904395192e-06
Visa_madelantodolares_delta1	1.77022306155147e-10	5.48622137197072e-06	8.42555808790385e-06
vmr_madelantopesos	2.12509922823537e-11	9.98316439823914e-06	8.42555808790385e-06
vm_cadelantosefectivo_avg6	1.86582106029617e-11	3.39694802757639e-05	1.26383371318558e-05
Visa_madelantodolares_avg6	6.05672378530948e-12	7.29924340473497e-07	8.42555808790385e-06
Master_cadelantosefectivo_avg6	4.09929205750735e-12	1.61605052500525e-06	8.42555808790385e-06
Master_madelantodolares	2.80514413808043e-12	6.73927452980914e-07	4.21277904395192e-06
mpayroll2_avg6	8.46263759470654e-15	5.68319287972972e-07	4.21277904395192e-06
