Feature	Gain	Cover	Frequency
ctrx_quarter	0.0587635045303286	0.00441405131693686	0.00754858112788328
ctrx_quarter_normalizado	0.035249727771862	0.00356595051879604	0.00552810192244281
ctrx_quarter_lag1	0.0200127531626368	0.00296214518587439	0.00520057626811073
mcaja_ahorro	0.0178950678762295	0.00350865271738285	0.00666558966789341
mpasivos_margen	0.0127727661205491	0.00546656143470887	0.00717900826117073
ctrx_quarter_avg6	0.0127616683857781	0.00291609469066346	0.0043441409422559
ccomisiones_mantenimiento_tend6	0.00905733903719802	0.00565775813678942	0.00219973311085194
mcuentas_saldo	0.00861844625377401	0.00707117511109072	0.00547720266535066
mprestamos_personales	0.00814142156503249	0.00930162864053132	0.00187220745651986
mpayroll_sobre_edad_lag1	0.00787173578255616	0.00132239703586138	0.00127690744965953
ctrx_quarter_normalizado_lag1	0.00783080965141436	0.00230818718099722	0.00456544206004785
mpayroll_sobre_edad	0.00736798129630487	0.0024184165116164	0.00151812566805275
cpayroll_trx	0.00671365489806128	0.00137473329866948	0.000584234950970737
mcuenta_corriente	0.00594163738526852	0.00246569460166391	0.00308936360437557
cprestamos_personales_lag1	0.00589575886005489	0.0025670458681992	0.000378424911424228
mcuenta_corriente_avg6	0.00571834126814215	0.00404428583684202	0.00386391751664738
mcomisiones_avg12	0.00564082594232392	0.0032667508233518	0.00393694688551872
vm_msaldototal	0.0055500355223797	0.00121498748989969	0.0022174372002753
vm_msaldopesos	0.00551886247814072	0.00146183057251956	0.00218202902142859
cpayroll_trx_avg6	0.00540930943451455	0.00143924807987714	0.00125035131552449
cdescubierto_preacordado_avg6	0.00530347091062232	0.00159438944166822	0.000402768034381342
mpayroll	0.00482130930768652	0.00153950408352527	0.00113970075662852
mcuentas_saldo_lag1	0.00454404617468136	0.00318458223249395	0.00435077997578966
ctrx_quarter_normalizado_avg6	0.00445038607058228	0.00304278638863914	0.00478453016666187
cpayroll_trx_lag1	0.00440698858555453	0.000937021729036038	0.00073693272224718
mcomisiones_otras_avg6	0.0039945760113199	0.00208409484813757	0.00269102159235006
Master_Fvencimiento_avg12	0.00397181650008794	0.00305375970858875	0.00395022495258624
mcuenta_corriente_tend12	0.00394552138636221	0.00489897628857725	0.00399669818732254
mrentabilidad_annual_tend12	0.00387765452198383	0.00427895290218165	0.00442823536701684
ctrx_quarter_tend12	0.0038682280803331	0.00413160411869009	0.00359835617529704
mcomisiones_otras_avg12	0.00386315590816038	0.00299692677430713	0.00364261639885543
ccomisiones_otras_tend12	0.0036585584351103	0.00378273992430645	0.00413390488035355
mrentabilidad_annual_avg12	0.00361500302271759	0.00304822007035928	0.00377761008070852
ctarjeta_visa_transacciones	0.00355834034947741	0.00189137087165116	0.00218645504378443
mcomisiones_avg6	0.00355744518231916	0.00235732508063275	0.00307829854848597
mcuenta_corriente_avg12	0.00355497226381865	0.00451339941427226	0.0035253268064257
mrentabilidad_annual_lag1	0.00348536572304898	0.00227627414904869	0.00285699743069402
ctransferencias_recibidas_avg6	0.0034561796463869	0.00168715857200994	0.00331509074452335
cliente_edad_avg12	0.00344394508638033	0.00492272271120085	0.00469822273072301
numero_de_cliente	0.00337802521724131	0.00488477595627014	0.00480444726726315
mrentabilidad_annual_avg6	0.00326112739080275	0.00488501583635027	0.00380637922602147
mactivos_margen_avg12	0.0032184687207638	0.0022498652849102	0.00300748219079255
cliente_edad_avg6	0.00319440104425574	0.00390936397837328	0.00412726584681979
mcuentas_saldo_tend6	0.00319230407292697	0.00299454639083906	0.00277954203946684
cprestamos_personales	0.00319207806728938	0.0015964674170732	0.000453667291473489
cliente_edad_lag1	0.00315422209465761	0.00441652037645351	0.00436848406521301
mpasivos_margen_lag1	0.00314383419921696	0.00222329180164564	0.00512533388806147
mactivos_margen_avg6	0.00307698921900845	0.00415140195603272	0.00318894910738194
cliente_edad	0.00303527431969073	0.00463416880276269	0.00462740637302959
mcaja_ahorro_lag1	0.00298164321676989	0.00198130748436431	0.00483764243493194
Visa_msaldototal	0.00296185796982494	0.00128281636789203	0.00263790932408
azar	0.00292285895114699	0.00582883174232865	0.00528688370404959
cmobile_app_trx_avg12	0.00290492201351603	0.0019547918679058	0.00361827327589832
mcomisiones_mantenimiento_tend12	0.00287090511326224	0.00381230667895944	0.00359614316411912
vm_Fvencimiento_avg6	0.00286915517578742	0.00352547115318055	0.00330402568863375
cpayroll_trx_avg12	0.00285578238265404	0.0016528955110869	0.00151369964569691
mcomisiones_mantenimiento_tend6	0.00284550055058536	0.00317225410168422	0.00310264167144308
Master_fechaalta_avg6	0.00283198285609363	0.00208827694701313	0.00336377699043758
chomebanking_transacciones_tend12	0.00280770117241603	0.00234249719475111	0.00339918516928429
cliente_antiguedad_avg12	0.00280246213006693	0.00245216593358115	0.00340361119164013
mpasivos_margen_avg6	0.002783721288569	0.00277025646955323	0.00488632868084617
chomebanking_transacciones_avg12	0.00276520842541736	0.00248705245533803	0.00387055655018114
ctransferencias_recibidas_avg12	0.00275015346626066	0.00232464556930025	0.00404981045559261
mcuentas_saldo_tend12	0.00274954725834687	0.00282451745736441	0.00279060709535644
mcaja_ahorro_avg12	0.00273539495690194	0.00277128727177431	0.00504345247447845
vm_status04	0.00273308072577303	0.000336304823724168	0.000281052419595771
ccomisiones_otras_avg12	0.00272549034219311	0.002951652080834	0.00455659001533617
mactivos_margen_tend12	0.00270969348005507	0.00234129483848221	0.00331730375570127
thomebanking_tend12	0.00268568918382762	0.00445776826782333	0.00348991862757899
cliente_antiguedad_lag1	0.00267806028431234	0.00257905294623818	0.00308051155966389
Visa_Fvencimiento_avg6	0.00267558181940505	0.00224758892526835	0.00312255877204436
mpasivos_margen_avg12	0.0026676511793396	0.00354010531600223	0.00500804429563174
mcaja_ahorro_avg6	0.00263180063474175	0.00312261609187216	0.00551482385537529
Master_Fvencimiento	0.00261531304470499	0.00243284501421772	0.00321993126387281
thomebanking_avg12	0.0026006038124799	0.00252705649459571	0.00372007179008261
Visa_fechaalta_lag1	0.00259639369494292	0.00202933807026506	0.00294773088898872
Visa_fechaalta	0.00259441912913817	0.00185552687594414	0.00306723349259637
mcuenta_corriente_tend6	0.00259324952909871	0.00434065813058358	0.00335049892337006
mrentabilidad	0.00257614853984942	0.00198421151126795	0.00250734166458275
Visa_msaldopesos	0.00253069712594869	0.00138266173322291	0.0025582409216749
ctrx_quarter_normalizado_tend6	0.00251776771976634	0.00286649487976464	0.00382408331544483
mcomisiones_tend12	0.00251142652220883	0.00207469973447814	0.00346114948226604
ctrx_quarter_tend6	0.00250626254570021	0.0018763472163392	0.00325755245389744
Visa_Fvencimiento	0.00250517503523727	0.00245697240278848	0.00346336249344395
mcomisiones_mantenimiento_avg12	0.0025021816784864	0.0034984308701013	0.00304952940317302
mactivos_margen_tend6	0.00246706972603601	0.00312383152217387	0.00323542234211825
cliente_antiguedad_avg6	0.00245941118707748	0.00216191876736414	0.00289683163189657
cliente_antiguedad	0.00244634443948946	0.00273360313437208	0.00354303089584906
Master_fechaalta	0.00241652573064928	0.00179900396677081	0.00355188294056073
mactivos_margen	0.00241263699298824	0.00270728078622457	0.00289683163189657
mrentabilidad_tend12	0.0024073834442128	0.00414933591778813	0.00344123238166476
mcomisiones_otras_tend6	0.0023750151672324	0.00212094861392595	0.00309157661555349
ccomisiones_mantenimiento_avg12	0.00235058783979203	0.00370453810868825	0.00272421676001886
mcuenta_corriente_lag1	0.00234962923775262	0.00252235450396356	0.00254274984342946
mrentabilidad_annual_tend6	0.00233219551730753	0.00338170317674285	0.00388383461724865
ctrx_quarter_delta1	0.00232815870341375	0.00187537371248797	0.0027065126705955
vm_Fvencimiento	0.00232635609222913	0.00245944589610755	0.00312477178322228
mtransferencias_recibidas_avg12	0.00232505796440778	0.00356775871437631	0.00431315878576503
cprestamos_personales_tend12	0.00232181315644586	0.0030059735502578	0.000712589599290066
Visa_Fvencimiento_lag1	0.00231697489889658	0.00204059867787461	0.00314026286146771
chomebanking_transacciones_avg6	0.00231084232992495	0.00168057039634968	0.00323763535329617
mrentabilidad_annual	0.00230554940341287	0.00288915911353388	0.00291674873249785
Master_Fvencimiento_avg6	0.00229081206598335	0.00221675091987795	0.00289683163189657
mrentabilidad_tend6	0.00226669872156444	0.00180617808647513	0.00281716322949147
vm_Fvencimiento_lag1	0.00226283110068906	0.00339739576778536	0.00314026286146771
mrentabilidad_annual_delta1	0.00225642461825602	0.00382508057744412	0.00341910226988557
ccomisiones_otras_avg6	0.00223792708171544	0.00263986572979225	0.00467609261894382
mcomisiones_mantenimiento	0.00221128736477797	0.0022582558581014	0.00170844462935382
mcuentas_saldo_avg12	0.00217264970772752	0.00310662598131796	0.00411841380210811
mrentabilidad_avg12	0.00216451323689435	0.00200860072155648	0.00259586211169953
Master_Fvencimiento_lag1	0.00215831427723427	0.00208908674123622	0.002775116017111
mcuentas_saldo_avg6	0.00214781367841677	0.00238609545615718	0.00398120710907711
Master_fechaalta_lag1	0.00213453294148822	0.0019793701400774	0.00296322196723416
ctransferencias_recibidas_tend12	0.00213313509833759	0.00187567180043587	0.00283044129655899
mcaja_ahorro_tend12	0.00211210467025486	0.0018158645805352	0.00306723349259637
Visa_fechaalta_avg6	0.00210424918811129	0.00187286520349843	0.00287248850893946
Master_mlimitecompra_tend12	0.00210288811765416	0.00179720134186538	0.00270429965941758
ctrx_quarter_avg12	0.00209589864234956	0.00292393729134936	0.00445036547879603
mrentabilidad_avg6	0.00209161894168992	0.00206911030123678	0.00242546025099973
mactivos_margen_lag1	0.00208208355877296	0.00259975459715283	0.00275519891650973
mcuentas_saldo_delta1	0.0020797833020504	0.00205627307895843	0.00227054946854537
ccomisiones_mantenimiento_tend12	0.00206802902113417	0.00777345098952859	0.00311149371615476
mtransferencias_recibidas_avg6	0.0020646644185595	0.00132874635462669	0.00330402568863375
cmobile_app_trx_tend12	0.00206025404313706	0.00154171575512656	0.00235021787095047
Master_mfinanciacion_limite_tend6	0.00204456135753646	0.00178321121726831	0.00224178032323241
cliente_edad_tend12	0.00202621675343497	0.00305190842554385	0.00272864278237469
Master_mlimitecompra_avg12	0.00200086205656952	0.00182122345605026	0.00241218218393221
ctarjeta_visa_transacciones_tend12	0.00199497373540388	0.00123850824334838	0.00179917808764852
vm_fechaalta_lag1	0.00199398646536626	0.00155724770609646	0.00272200374884094
mcaja_ahorro_tend6	0.00199057028660949	0.00134793141773621	0.00259807512287745
mtarjeta_visa_consumo	0.00198459835411923	0.00131597688994444	0.00244095132924516
mpasivos_margen_tend12	0.00197211191887173	0.00165435241309011	0.0025250457540061
ccallcenter_transacciones_avg12	0.00196684455631703	0.00207178445253757	0.00244980337395684
Visa_mfinanciacion_limite_tend6	0.00195070958011807	0.00223230015130859	0.00200277511601711
Master_mfinanciacion_limite_avg12	0.00194487381370728	0.00140070730910822	0.00241882121746597
mactivos_margen_delta1	0.00193383749779698	0.00267444847923914	0.0024675074633802
vm_fechaalta_avg6	0.00193286887878626	0.00163292248170471	0.00241660820628805
mcomisiones_tend6	0.0019191207836865	0.0018622993386233	0.00274634687179805
mpasivos_margen_tend6	0.00191808757895321	0.00153132724234859	0.00225948441265577
cproductos_avg12	0.00191561826327968	0.00199368404593902	0.00294109185545496
mcomisiones_otras_tend12	0.00191402267404703	0.00181041009404982	0.00300748219079255
Master_fultimo_cierre_avg12	0.00190970464164467	0.00433041388691541	0.00243652530688933
ctrx_quarter_normalizado_delta1	0.001893627334758	0.00170495619602096	0.00245422939631268
ccomisiones_otras_tend6	0.00188774867612495	0.00174612723481535	0.00281937624066939
vm_fechaalta	0.00187641176060755	0.00162809202448937	0.00277290300593308
vm_status01_tend6	0.00186848535200111	0.00161965188366076	0.000413833090270939
mprestamos_personales_avg6	0.00185599340298551	0.00150615700070913	0.000659477331019999
Master_mfinanciacion_limite_tend12	0.0018459621104881	0.00170111936529865	0.00256709296638657
mtransferencias_recibidas	0.0018265428579882	0.00122667783528311	0.0018190951882498
mcomisiones_mantenimiento_avg6	0.00182042673626625	0.00190347901764807	0.00217317697671691
vm_status01	0.00181235522299272	0.000792413376507214	0.000241218218393221
mcomisiones_mantenimiento_delta1	0.00179494493537145	0.00205025595431355	0.00171508366288758
cprestamos_personales_tend6	0.00178709528223408	0.00086571117926465	0.000336377699043758
chomebanking_transacciones	0.00176064557021476	0.00131305785632489	0.00242103422864389
Visa_mlimitecompra_tend6	0.00176021550879143	0.00160371531979742	0.00226391043501161
mtarjeta_visa_consumo_tend12	0.00175494880579502	0.00174299321862163	0.00185671637827443
Visa_mpagospesos_tend6	0.00175256735161201	0.00136055831861729	0.00227276247972329
mcomisiones	0.00174999657330345	0.00159298779166451	0.00226169742383369
Visa_mfinanciacion_limite	0.00174457339371067	0.0014666133947806	0.00239226508333094
Visa_cconsumos_avg6	0.00173983226347186	0.00113394349323737	0.00204260931721966
mcomisiones_otras	0.00173572253085368	0.00220049387168008	0.00267995653646047
mtransferencias_recibidas_tend6	0.00171607312188348	0.00143363636393639	0.00213998180904812
ctarjeta_debito_avg12	0.00168195732137019	0.00247691996622851	0.00214662084258188
Visa_mfinanciacion_limite_lag1	0.00166471909872777	0.00129327764050473	0.00201605318308463
mrentabilidad_lag1	0.00166326748942027	0.00169867577172415	0.00242324723982181
Visa_mpagospesos_lag1	0.00165456396856279	0.00100383981376185	0.00191425466890033
mcaja_ahorro_dolares_avg12	0.00162914525174912	0.00130304428407026	0.00206695244017678
mautoservicio_avg12	0.00160598519681284	0.00122443421756688	0.00270429965941758
mtransferencias_recibidas_tend12	0.00160485458653201	0.0020008967056183	0.00229046656914664
vm_mpagominimo	0.00159761801365105	0.000718628878667784	0.00167524946168503
ccajas_consultas_tend6	0.00158924725337338	0.00458578305791866	0.000650625286308321
mcuenta_corriente_delta1	0.00157833606534693	0.00338328479365028	0.00270872568177342
mprestamos_personales_lag1	0.00157568865929853	0.00185251336822668	0.000785618968161408
cproductos_tend6	0.00156857205393549	0.00202306446720276	0.000896269527057381
mcuenta_debitos_automaticos	0.00156407886068501	0.000998272890594362	0.000743571755780938
chomebanking_transacciones_tend6	0.00155546461743958	0.00124163884892486	0.00230374463621416
ccallcenter_transacciones_tend12	0.00155181294124383	0.00310849465851085	0.00168852752875255
Master_status_avg12	0.00153588930583667	0.00093933139903973	0.000464732347363087
mrentabilidad_delta1	0.00153558310017874	0.00205070831584853	0.00266667846939295
vm_mfinanciacion_limite_tend6	0.00153254253699077	0.00112492036423299	0.00199613608248335
tcallcenter_tend12	0.00151139428408746	0.00196282660003028	0.00158008998103449
mtransferencias_emitidas_avg12	0.00150631016718226	0.00141424404898514	0.00255602791049698
mcomisiones_lag1	0.001504434523788	0.00110649450452398	0.00244095132924516
cproductos_avg6	0.00150385505200602	0.00204080274647358	0.00224399333441033
thomebanking_avg6	0.00150353232857332	0.00135675957312096	0.0020359702836859
mprestamos_personales_tend12	0.001487621699157	0.00381396935487024	0.00098478997417416
mcaja_ahorro_dolares_tend12	0.00148251626248645	0.00229846021427907	0.0014893565227398
active_quarter_avg12	0.00146441978318054	0.00400924344987668	0.0027065126705955
ctarjeta_visa_debitos_automaticos_tend12	0.00146271953739475	0.00165491812080513	0.00125035131552449
mcuenta_debitos_automaticos_tend12	0.00145780852178737	0.00350059990898693	0.000929464694726173
mcaja_ahorro_dolares	0.00145275444174779	0.00123613252105723	0.00156238589161114
Visa_mconsumospesos_avg6	0.0014502931968862	0.00129429650556543	0.00215989890964939
mcomisiones_otras_lag1	0.00144739853727427	0.00128724198483945	0.0024785725192698
vmr_msaldototal	0.0014343204189865	0.000810565136276332	0.00158230299221241
active_quarter_avg6	0.00142868594148389	0.00232715419197703	0.00190982864654449
Visa_mlimitecompra	0.0014284174145489	0.00115450780996398	0.00199392307130543
Visa_mlimitecompra_avg6	0.00142172386532535	0.00147955850625138	0.00186778143416402
cmobile_app_trx_avg6	0.00141353962098563	0.00150699078294023	0.00232366173681543
mttarjeta_visa_debitos_automaticos_avg12	0.00140636632127324	0.000742403495727342	0.0013875580085555
mttarjeta_visa_debitos_automaticos_tend12	0.0014056777671478	0.000960218132783982	0.00146280038860476
Visa_mfinanciacion_limite_avg6	0.00139725438586096	0.00124443953412573	0.00195187585892496
Master_mlimitecompra	0.00139008272144412	0.00129117112960208	0.00194744983656912
tcallcenter_avg12	0.00137783559713379	0.00103382073103659	0.00143845726564765
Visa_mpagado_avg6	0.00137164176602299	0.00108073786409149	0.00189655057947698
vmr_msaldopesos	0.00137099613250428	0.00103359631242134	0.00172614871877718
Master_Fvencimiento_tend12	0.00136150956888723	0.00203277551770705	0.00175049184173429
Visa_mconsumospesos	0.00136081585812609	0.000855993421213087	0.00215989890964939
Visa_mpagominimo_avg6	0.00136022440595373	0.00101307531053385	0.0019673669371704
Master_mlimitecompra_tend6	0.00135890546097809	0.00135028008246383	0.00179032604293684
chomebanking_transacciones_lag1	0.00135592610413032	0.00105768686632577	0.00210899965255725
mcomisiones_otras_delta1	0.0013446437258762	0.00182517931731471	0.00216653794318315
vmr_mpagominimo_avg6	0.00134125087809459	0.00112046439279202	0.00166639741697335
Visa_mpagominimo_lag1	0.00133748872001153	0.000817416043152315	0.00177483496469141
cdescubierto_preacordado_tend12	0.00133298085021549	0.00360427721648873	0.000362933833178791
mcaja_ahorro_delta1	0.00131628226340547	0.000964183543776734	0.00167303645050711
vm_mlimitecompra_tend6	0.0013159603721337	0.00121888286955151	0.00185229035591859
Visa_mconsumospesos_tend6	0.0013107713553633	0.000915190595374447	0.00191646768007825
Visa_mlimitecompra_lag1	0.001308981624173	0.000972587986811431	0.00165975838343959
Master_mfinanciacion_limite_lag1	0.00129903814632467	0.0012350161123431	0.00173278775231094
Visa_mfinanciacion_limite_delta1	0.00129806946166511	0.00111481902542771	0.0018876985347653
ctarjeta_visa_debitos_automaticos_avg12	0.00128617816044785	0.000731996792990685	0.00147165243331644
vmr_Master_mlimitecompra	0.00127636773325252	0.00214461852503584	0.00135436284088671
mpasivos_margen_delta1	0.00126616770252731	0.00133184296771788	0.00199834909366127
Visa_mpagominimo_tend6	0.00126483730992295	0.000827623679528641	0.00142739220975805
mcaja_ahorro_dolares_avg6	0.0012584267818668	0.00247194512621613	0.00190097660183282
Master_mfinanciacion_limite_delta1	0.00125016425027483	0.000958059098375628	0.00191868069125617
Master_mlimitecompra_delta1	0.00124342991593521	0.00102061504840768	0.00184122530002899
Visa_mpagominimo	0.00123973319233663	0.000819421145035319	0.00219309407731818
ctarjeta_debito_transacciones_avg12	0.0012231774275772	0.00110732476245059	0.00237013497155174
vmr_Visa_mlimitecompra_avg6	0.00121921034289929	0.0011165565075436	0.00124371228199074
Master_mfinanciacion_limite_avg6	0.00121736048034559	0.000970185206956734	0.00177704797586933
vm_status05_delta1	0.00121340568991617	0.000864438791654819	9.73724918284562e-05
vmr_Visa_mlimitecompra	0.00119861323754489	0.00133258034316797	0.00155574685807738
Master_fultimo_cierre_tend12	0.00119349267040875	0.00477566780922924	0.00178811303175892
ccajas_transacciones_tend6	0.00119105090791916	0.00185010353976299	0.000475797403252684
vmr_Master_mlimitecompra_avg6	0.0011843816134079	0.0022664615758375	0.00153140373512027
vmr_mpagominimo	0.00118121114469114	0.000789969214496515	0.00161107213752537
Visa_mpagospesos_avg6	0.0011766051150766	0.000948398525006673	0.00186335541180819
ctransferencias_emitidas_avg12	0.00117290922077494	0.000910875596113268	0.00186999444534194
cproductos_tend12	0.00116886281305614	0.00389266286780908	0.001456161355071
ccomisiones_mantenimiento_avg6	0.00116782433583995	0.00221325174026367	0.00147386544449436
Visa_msaldopesos_avg6	0.00116657936743425	0.000823336988390662	0.00160000708163577
Visa_msaldopesos_tend6	0.00116502361268982	0.0007446066407855	0.0014893565227398
ctransferencias_recibidas_tend6	0.00116473787776406	0.00170888386284945	0.00190761563536657
mtransferencias_emitidas_tend12	0.00115887992302981	0.00121500067761973	0.00130567659497248
Visa_mlimitecompra_delta1	0.00115732266990943	0.00096619069203009	0.00172172269642134
Visa_mpagospesos_delta1	0.00115656843125548	0.00111181358950442	0.00170844462935382
mcomisiones_delta1	0.00115511599408085	0.00160625873077018	0.00181245615471604
vmr_Master_mlimitecompra_lag1	0.00115511498767627	0.00109529460590153	0.00113084871191684
cextraccion_autoservicio_avg12	0.0011470755155686	0.000596620299242121	0.00142739220975805
ccomisiones_otras	0.00114408487888935	0.0013405321972932	0.00202711823897423
mautoservicio	0.00112948875535824	0.00178166666240169	0.00185892938945235
ctarjeta_visa_transacciones_avg12	0.00111896030364736	0.000868150111662228	0.00171287065170966
Visa_mconsumototal_avg6	0.00111398759295263	0.000886870535014653	0.00172393570759926
ctarjeta_debito_avg6	0.00110260801440311	0.00114628140114988	0.00128354648319329
Visa_cconsumos	0.00109788941309005	0.000595636904600857	0.00136985391913215
Master_fultimo_cierre_avg6	0.00108899311063297	0.00157829633047298	0.00118617399136483
cproductos	0.00108761340555651	0.00195186635411347	0.00138313198619966
vm_cconsumos_avg6	0.00108368748797476	0.000572491319049982	0.00134108477381919
Master_mlimitecompra_avg6	0.00108347937705197	0.00089026739611134	0.00133887176264127
active_quarter_tend12	0.00108038256332927	0.00538096574194802	0.00199171006012751
vmr_msaldopesos2_avg6	0.00107735719052771	0.000806340177310631	0.00176155689762389
vm_mpagospesos_tend6	0.00107546975308277	0.000853978883289017	0.00148493050038396
mprestamos_personales_tend6	0.00106742343097901	0.00167630178148314	0.000641773241596643
ctarjeta_visa_debitos_automaticos_avg6	0.00106611354361965	0.000382775734355147	0.00102462417537671
mextraccion_autoservicio_avg12	0.00106558082859507	0.000715002483029973	0.00168631451757463
Master_mlimitecompra_lag1	0.00106025337552405	0.000919591996939367	0.00133223272910751
mttarjeta_visa_debitos_automaticos_avg6	0.00105017794199738	0.000608672852177805	0.00119060001372067
Master_mfinanciacion_limite	0.00104964719364873	0.000963686389468497	0.00166418440579543
mautoservicio_avg6	0.00104716056284641	0.00119254324094326	0.00217981601025067
vmr_msaldopesos2	0.00104613578020547	0.000891759654846744	0.00158894202574617
vmr_Visa_mlimitecompra_lag1	0.00104482762194944	0.00112439785766984	0.00126362938259201
ctarjeta_debito_transacciones_avg6	0.00104209422110449	0.00103944290620358	0.0022749754909012
ctarjeta_visa_transacciones_tend6	0.00103488541972455	0.00069558447476208	0.00139198403091134
vmr_mpagado_avg6	0.00102734747313764	0.00145559232618944	0.00149378254509564
ccomisiones_mantenimiento_delta1	0.00102676251892315	0.00210453911113688	0.000356294799645033
Visa_msaldopesos_delta1	0.00102207927579201	0.000594732863654344	0.00128354648319329
mtransferencias_emitidas_avg6	0.00101712302220458	0.00074461175671138	0.00188991154594322
Visa_mconsumototal_tend6	0.00101456564484141	0.000818636020943692	0.00169516656228631
mautoservicio_tend12	0.00101319121137766	0.000956454061896394	0.00157566395867866
ctransferencias_emitidas_avg6	0.00101256351368438	0.000650913574229962	0.00157566395867866
Visa_mpagado_tend6	0.00100909078841416	0.000639997552650199	0.00150706061216315
matm_other_avg12	0.00100709173489601	0.00116246125571059	0.000920612650014495
vmr_mpagominimo_tend6	0.000998202857206343	0.000855055956217495	0.00104896729833382
ccallcenter_transacciones_avg6	0.000997946255642595	0.00149329158399483	0.00146280038860476
vm_mfinanciacion_limite	0.000996169967963585	0.000730796369404892	0.00138313198619966
ctransferencias_emitidas_tend12	0.000991914381196854	0.00066877349884947	0.0011596178572298
mcaja_ahorro_dolares_lag1	0.000989655798820491	0.00091785917600039	0.00145837436624892
ccajas_consultas_tend12	0.000978859510040933	0.00221922759643979	0.000863074359388589
ccajas_transacciones_tend12	0.000973464997974704	0.00193846774423529	0.00120387808078819
cproductos_delta1	0.00097011944156345	0.000839756950405979	0.000183679927767315
vmr_msaldopesos2_delta1	0.000969177195929464	0.000875628572112751	0.00111535763367141
ctarjeta_debito_transacciones_tend6	0.000966804516435669	0.000582357666326531	0.00121273012549986
Visa_fultimo_cierre_avg6	0.000962804549665867	0.00118302716405859	0.00123486023727906
Visa_mconsumosdolares_avg6	0.000959335385716093	0.000549656099669126	0.00118174796900899
chomebanking_transacciones_delta1	0.000956008254701606	0.00145935798869842	0.00169737957346423
Visa_mpagospesos	0.000955774895557745	0.000960474383826919	0.00188548552358738
Visa_msaldopesos_lag1	0.000955543273975619	0.000951602686228569	0.00152476470158651
matm_avg12	0.000949528903851019	0.000607112494784585	0.0013300197179296
mtarjeta_visa_consumo_avg12	0.000947410400209283	0.00281830774653198	0.00176155689762389
mtransferencias_emitidas_tend6	0.000946981595967609	0.000718124334688832	0.00102462417537671
thomebanking_tend6	0.000945720616428263	0.00205668815107812	0.00147607845567228
Visa_cconsumos_lag1	0.000943684976776753	0.000466476942919228	0.00119723904725443
Visa_msaldototal_avg6	0.000942818160934017	0.000756052331224644	0.00134993681853087
vm_mpagado_avg6	0.000940097273349479	0.000645324709424809	0.0014672264109606
vmr_mpagospesos_tend6	0.000937001748752964	0.000645399970378857	0.00132559369557376
Visa_msaldototal_tend6	0.000936867544114361	0.000681873566030774	0.00135878886324255
mpayroll_avg6	0.000932540534831301	0.000930065661461424	0.00154025577983194
mprestamos_personales_delta1	0.000926930644162009	0.00231610424682647	0.000497927515031878
vm_fultimo_cierre_avg6	0.000918983154290132	0.000808876425987159	0.00129903756143872
mtransferencias_recibidas_lag1	0.000917598054215808	0.000657428080557562	0.00177040894233557
mcomisiones_mantenimiento_lag1	0.000914545766375256	0.0019973163533134	0.00120609109196611
cliente_edad_tend6	0.000914146242399036	0.0013806974450597	0.00130125057261664
mttarjeta_visa_debitos_automaticos_tend6	0.000913211881342077	0.000989866060127588	0.00100913309713127
vmr_msaldopesos2_tend6	0.00091233821623768	0.00147065008767394	0.00140747510915678
cextraccion_autoservicio_tend12	0.00091095883384377	0.00123956758106715	0.00106667138775718
Visa_cconsumos_tend6	0.000910274547288908	0.00089968604302982	0.001785900020581
tcallcenter_tend6	0.000899172541814221	0.00328952578849452	0.000756849822848455
vmr_msaldopesos_lag1	0.000895015526053856	0.000704706511666795	0.00108437547718054
vm_mlimitecompra	0.000893610461223841	0.000632690532560257	0.00134772380735295
mcuenta_debitos_automaticos_avg12	0.000893103192060045	0.000611294593660141	0.000973724918284562
cproductos_lag1	0.000892414029703038	0.0014616905098377	0.00134993681853087
vm_Fvencimiento_tend6	0.000886934782395389	0.0013814552842133	0.000880778448811945
catm_trx_avg12	0.000886820299839608	0.000593211955734016	0.00121936915903362
ccuenta_debitos_automaticos_tend12	0.000880789189377466	0.001680583243008	0.000674968409265435
ctarjeta_debito_transacciones_tend12	0.000873282327456679	0.000989878224662456	0.0015690249251449
vmr_msaldopesos2_lag1	0.000870906050045345	0.000759077548728003	0.00150484760098523
ccallcenter_transacciones	0.000853787389273083	0.000906686221254239	0.000292117475485369
Visa_mconsumospesos_delta1	0.000848774119677065	0.000505470757346584	0.0013078896061504
vmr_msaldototal_tend6	0.000848657250945734	0.000556601708017498	0.00112199666720517
vm_mlimitecompra_delta1	0.000843387811433264	0.000722432512715505	0.00135436284088671
vm_mfinanciacion_limite_delta1	0.000840380847399227	0.000804715472938572	0.00129461153908288
Visa_mpagominimo_delta1	0.000837287391611542	0.000539161289320101	0.00116404387958564
vmr_mconsumospesos_avg6	0.000834979430818227	0.000456058416709428	0.00119060001372067
Visa_mconsumospesos_lag1	0.000834550559780531	0.000586362299417693	0.00161992418223704
vm_mpagominimo_avg6	0.000832370882490647	0.000790840513517399	0.00161328514870329
mprestamos_personales_avg12	0.000832290407222136	0.00144476475328377	0.000798897035228925
mttarjeta_visa_debitos_automaticos	0.000831789266231572	0.000703510635570673	0.00118396098018691
vmr_msaldopesos_avg6	0.000824713652602399	0.000645707039618864	0.00141411414269053
vmr_mpagospesos_avg6	0.00082320008064618	0.000585512714659985	0.00131010261732832
cdescubierto_preacordado_avg12	0.000816036904548664	0.00195596955404324	0.00053112268270067
ccuenta_debitos_automaticos_avg12	0.000814778690435417	0.000570914477006706	0.000969298895928723
mforex_sell_avg12	0.000812437779657179	0.000416067565171795	0.000832092202897717
Master_mconsumospesos_tend12	0.000811729853651879	0.00150382538906777	0.000898482538235301
Visa_mconsumototal_delta1	0.000809590478707398	0.000394048279125083	0.00116404387958564
cmobile_app_trx_tend6	0.00080369136951864	0.00241190484746984	0.00110429257778181
vmr_mpagospesos_lag1	0.000802211229228432	0.000526218110532432	0.00120166506961027
Master_msaldopesos_tend12	0.000800871234191036	0.00135354756747939	0.000834305214075636
Master_mconsumospesos_avg12	0.00079770245690179	0.00141361285741886	0.000743571755780938
ccallcenter_transacciones_tend6	0.000797092041233082	0.00219526130269062	0.000938316739437851
ccomisiones_otras_lag1	0.00079613762162504	0.000888091422303964	0.00177262195351349
cprestamos_personales_avg12	0.000795020442887396	0.00176765743834799	0.000834305214075636
mv_status07_avg6	0.00079369566826694	0.00164827742163917	0.000544400749768187
vm_fultimo_cierre_tend6	0.000790946184850849	0.00164728561414202	0.00094274276179369
vmr_mconsumospesos_tend6	0.000789423109053425	0.000572915486149006	0.00102241116419879
Visa_msaldototal_lag1	0.000784175853945704	0.000644279241549541	0.00156459890278906
vmr_mpagospesos	0.000783909475291074	0.000525416729165233	0.00130125057261664
vm_mconsumospesos_tend6	0.000779094726784811	0.000336927716121797	0.00090069554941322
vm_mconsumospesos_avg6	0.000776060870992405	0.000781620705584766	0.00157566395867866
mpayroll_tend6	0.000767314421950863	0.000945025992979723	0.000723654655179663
mcaja_ahorro_dolares_delta1	0.00076484986707428	0.0013763543650498	0.000978150940640401
Visa_mconsumototal_lag1	0.000759939070519241	0.000497956485414905	0.00119945205843235
mtarjeta_visa_consumo_avg6	0.000756607109347969	0.000552842639368548	0.00117732194665315
vm_mlimitecompra_avg6	0.000751844920286157	0.000757989448137073	0.00120830410314403
mpagomiscuentas_avg12	0.000749303950134912	0.000788186598545644	0.00110871860013765
ccaja_seguridad	0.000748039874909109	0.00149836885621204	0.000108437547718054
mtarjeta_visa_consumo_tend6	0.000743887376429159	0.000527224128934808	0.00094052975061577
vm_mfinanciacion_limite_lag1	0.000740836397310604	0.000632287397600959	0.00108880149953637
mtarjeta_visa_consumo_lag1	0.000740491038990255	0.000487237370137879	0.00133665875146335
mcaja_ahorro_dolares_tend6	0.00073584893621242	0.000879143895315357	0.000947168784149529
vmr_msaldototal_avg6	0.000732569614515387	0.000783309529561181	0.0012968245502608
Master_msaldopesos_tend6	0.000727767845099673	0.00114852138087437	0.000604152051572013
Visa_status	0.000715914983883392	0.000162797515400483	8.40944247609395e-05
Master_mpagospesos_avg12	0.000714240084124828	0.000760149846792328	0.0007391457334251
cextraccion_autoservicio_avg6	0.000714000820073124	0.000547078241462111	0.00100249406359752
vmr_mpagominimo_lag1	0.000711044970574921	0.000696612889551083	0.00126805540494785
mextraccion_autoservicio_tend12	0.000701641778921189	0.000683919026884604	0.000967085884750804
vm_fultimo_cierre	0.000696422406601362	0.000780336949250759	0.00110207956660389
vmr_mpagado_tend6	0.000695933259668971	0.000626859741304629	0.00109986655542597
vm_mfinanciacion_limite_avg6	0.000693004475446873	0.000801622156777396	0.00108216246600262
Visa_msaldototal_delta1	0.00069070732031745	0.000539616606723369	0.00118617399136483
cdescubierto_preacordado	0.000688324150131927	0.00109649662110871	0.000294330486663288
ccajas_consultas_avg12	0.00068350751371938	0.00161544761577306	0.00103568923126631
mttarjeta_visa_debitos_automaticos_lag1	0.000682823025578733	0.000582397684235633	0.00102683718655463
ccaja_seguridad_lag1	0.000680418757013874	0.000561327231908689	5.53252794479865e-05
Visa_mconsumosdolares_tend6	0.000680300468436677	0.000708935677060442	0.000925038672370334
vm_mpagospesos_avg6	0.000679634059379473	0.000737862258855051	0.00146501339978268
mcuenta_debitos_automaticos_avg6	0.000678705173233027	0.000525508702143821	0.000756849822848455
Master_msaldototal_tend12	0.000676079284294601	0.0010782183274395	0.000829879191719797
vmr_mpagospesos_delta1	0.000674898194693853	0.000415981049180812	0.00090290856059114
vm_cconsumos_tend6	0.000674872756683287	0.00052013641153423	0.000978150940640401
vm_mpagominimo_lag1	0.000672622259887405	0.000537813299694497	0.00123707324845698
vm_msaldototal_tend6	0.000666243514080712	0.000514264010748117	0.000956020828861207
matm_tend12	0.000662295142556896	0.000964093048732289	0.000933890717082012
ctarjeta_visa_transacciones_avg6	0.000658705229456855	0.000673212303516931	0.00140526209797886
vm_cconsumos_lag1	0.000658535286299518	0.000373685757252609	0.000944955772971609
cpagomiscuentas_avg12	0.000657795274598843	0.000567178373180593	0.00114191376780644
vmr_msaldototal_lag1	0.000653888290326274	0.000461648986823207	0.000973724918284562
ccajas_consultas	0.00065004363296974	0.0011688086417928	0.00016376282716604
Visa_fultimo_cierre_lag1	0.000647458803510425	0.000569724285272671	0.000867500381744428
vm_status05_tend6	0.000646726187009192	0.000576218327896754	0.000172614871877718
ctarjeta_debito_transacciones	0.00064267671090585	0.00100957738147923	0.00164648031637208
mtransferencias_emitidas_lag1	0.00064253102771205	0.000763409714762688	0.000969298895928723
Visa_Fvencimiento_tend6	0.000641545602636602	0.000992024071350765	0.000677181420443355
ctarjeta_debito_transacciones_lag1	0.000640119023093898	0.000547872119471354	0.00129461153908288
vm_msaldopesos_avg6	0.000639766107411398	0.000730713036656678	0.00147165243331644
vm_mpagominimo_tend6	0.000631907839414013	0.000714396530031368	0.000993642018885837
mextraccion_autoservicio_avg6	0.0006317731504113	0.000408797493435426	0.00108437547718054
cpagomiscuentas_tend12	0.000630070759674318	0.000644087905921651	0.000725867666357583
mextraccion_autoservicio_tend6	0.000626167526345153	0.000537832512838356	0.00069709852104463
vmr_msaldopesos_tend6	0.000625083309982635	0.000578804712646901	0.000978150940640401
vmr_mpagominimo_delta1	0.000621853057581398	0.000442071134293392	0.000745784766958858
vm_msaldototal_avg6	0.000620877499585958	0.000788873496860387	0.00138313198619966
mpayroll_lag1	0.00061439117415262	0.000741088589089092	0.00105118030951174
mpagomiscuentas_tend12	0.000610664102280987	0.000509830776755502	0.000807749079940603
vm_status06_tend6	0.000604004585948037	0.000755392717847926	0.000232366173681543
vm_mpagospesos_delta1	0.000603111380879788	0.000368019016686847	0.000847583281143153
vm_mconsumototal_avg6	0.000601917350370258	0.000550669848803941	0.00100913309713127
mpayroll_sobre_edad_avg6	0.000601772690491334	0.000949368049804442	0.00162435020459288
Visa_mconsumototal	0.000598567490654094	0.000428796670883221	0.00132559369557376
ccallcenter_transacciones_delta1	0.000598537527659481	0.000800163549465555	0.000265561341350335
ccaja_ahorro_avg12	0.000597734524287976	0.000904672592828103	0.000413833090270939
ctransferencias_recibidas	0.00059168342377746	0.000517738179169204	0.000845370269965234
mtransferencias_recibidas_delta1	0.0005910614983017	0.000601771581853721	0.00117068291311939
ccajas_transacciones_avg12	0.000588773679659897	0.000838005598446593	0.000998068041241676
vm_msaldopesos_delta1	0.000586846204307847	0.000737584975672387	0.000849796292321073
ctarjeta_master_transacciones_tend12	0.000585281531713266	0.00047531203322573	0.000427111157338456
cforex_sell_tend12	0.000585237732998272	0.000653651049324414	0.000570956883903221
mv_status07_delta1	0.000584675196384793	0.00415211920884101	0.000553252794479865
Master_msaldototal_avg12	0.000580415775345393	0.000506514860974951	0.000803323057584764
matm_avg6	0.000579973586660692	0.000370977840841015	0.000832092202897717
vm_fultimo_cierre_lag1	0.000579271549944642	0.000500584707070021	0.000898482538235301
vm_status02_tend6	0.000579214597536554	0.000376900491387989	0.00024564424074906
ccomisiones_mantenimiento	0.000579065545237336	0.00241231139304639	0.000502353537387717
mpagomiscuentas_avg6	0.000578237034059028	0.00033798512115745	0.000949381795327448
Master_mpagospesos_tend12	0.000576496676788984	0.0023443830387175	0.000834305214075636
mpayroll_tend12	0.000576181207706134	0.000725589721106552	0.000801110046406844
vm_mpagospesos_lag1	0.000575453248298495	0.000516491484876012	0.00135878886324255
ctransferencias_emitidas_tend6	0.000574396031354383	0.000620477112177476	0.000847583281143153
mpayroll_avg12	0.000572532362366106	0.000962312251777287	0.00177262195351349
vmr_mconsumospesos_lag1	0.000567382487483234	0.000295327849051468	0.00073693272224718
thomebanking	0.000564923881570296	0.000626305402313785	0.000471371380896845
vm_msaldopesos_tend6	0.000563905477687769	0.000521324329523429	0.000907334582946979
vmr_mconsumospesos	0.000562878699244081	0.000569639019841348	0.00112642268956101
vm_msaldopesos_lag1	0.000559456259214721	0.000606290649713868	0.00117510893547523
catm_trx_other_tend12	0.000554049285996731	0.000678358811264377	0.000555465805657784
foto_mes	0.000553929984951173	0.00492145043727826	0.000517844615633154
vm_mconsumospesos_lag1	0.000553840912082279	0.00039806678205974	0.00094052975061577
vmr_Master_mlimitecompra_tend6	0.000552387642714657	0.00319869945942732	0.000854222314676911
mforex_sell_tend12	0.00054978649968465	0.00066908079546396	0.000663903353375838
ctransferencias_recibidas_lag1	0.000547446418225264	0.000434625074706771	0.000794471012873086
Visa_cconsumos_delta1	0.000545650556667931	0.000434324030890579	0.000863074359388589
mpayroll_sobre_edad_tend6	0.000545244331121405	0.000691597917942359	0.000597513018038254
Master_fultimo_cierre	0.000540456989141541	0.000689020855546037	0.000854222314676911
mcuenta_debitos_automaticos_tend6	0.000537660765312523	0.000542302013061093	0.000475797403252684
mttarjeta_visa_debitos_automaticos_delta1	0.000537627461589023	0.000442731202419078	0.000741358744603019
Master_msaldopesos_avg12	0.000537008948044131	0.000757686926386737	0.000686033465155033
Master_fultimo_cierre_lag1	0.000536569326719044	0.000533703164842978	0.000705950565756308
vmr_msaldototal_delta1	0.00053529278823534	0.000819450817405419	0.00085864833703275
vm_cconsumos	0.000532474267069765	0.000306788546206525	0.000823240158186039
catm_trx_tend12	0.000531286479144495	0.00126945482005467	0.000834305214075636
cforex_avg12	0.000526438527434651	0.000809321056789701	0.000528909671522751
Master_fultimo_cierre_tend6	0.000525806970062078	0.00244955647032092	0.0008188141358302
matm_tend6	0.000524842666195274	0.00042365823492994	0.000668329375731677
mcuenta_debitos_automaticos_lag1	0.000524639856515472	0.000566022742368055	0.000506779559743556
matm_other_avg6	0.000522934766311654	0.000828172675219123	0.000513418593277315
Master_msaldototal	0.000521320085382641	0.000736655127721994	0.000500140526209798
cpagomiscuentas_avg6	0.00051603575262492	0.000373818771325473	0.000847583281143153
mtarjeta_visa_consumo_delta1	0.00051509899144685	0.000294307164994905	0.000624069152173288
mautoservicio_tend6	0.000514216148269794	0.000463970821361767	0.00098478997417416
cforex_tend12	0.00051320895591114	0.000625211503673525	0.000599726029216174
mplazo_fijo_dolares	0.000508934160461021	0.0012478387826545	0.000152697771276443
ctarjeta_debito	0.000506426612386505	0.000698047054105945	0.000661690342197919
Master_status_tend12	0.000504260728373314	0.00169817350149004	0.000535548705056509
cextraccion_autoservicio_tend6	0.000503378299750974	0.000689085202524876	0.000632921196884966
vm_mpagospesos	0.000503183170377521	0.000504187228387061	0.00155353384689946
Visa_fultimo_cierre	0.000499590603582398	0.000847218244082995	0.000849796292321073
cpagomiscuentas_tend6	0.000497978716157794	0.000505101842247058	0.00065505130866416
vmr_mconsumototal_avg6	0.000496063036336873	0.000419039008609799	0.00101355911948711
ccuenta_debitos_automaticos_tend6	0.000491523256208768	0.00131381478598056	0.000391702978491744
mv_status07	0.000489316906367142	0.000750540546369408	0.000356294799645033
vm_mlimitecompra_lag1	0.000487429486785007	0.000525206180393485	0.000880778448811945
ccajas_otras_tend12	0.000486176892567556	0.00350809587727268	0.000546613760946107
ccaja_seguridad_avg6	0.000484722808393222	0.000785215837231091	6.19643129817449e-05
vm_status04_delta1	0.000483992997693017	0.000751395019678512	8.40944247609395e-05
ctarjeta_visa_debitos_automaticos_tend6	0.000483780737373926	0.000543834971829048	0.000639560230418724
mpagomiscuentas_lag1	0.000483762741048467	0.000248266560574006	0.00057316989508114
Visa_fultimo_cierre_tend6	0.000483440511646628	0.0018830163373156	0.000843157258787314
Master_mpagospesos_tend6	0.00048261815984552	0.000380769154538	0.000462519336185167
ccaja_ahorro	0.000479587858212936	0.00074468713135267	0.000227940151325704
vm_msaldototal_delta1	0.000478627890705901	0.000428692533369764	0.000759062834026375
Master_msaldototal_tend6	0.000474605276910043	0.000689461962044084	0.000526696660344831
ccajas_extracciones_avg12	0.000473525329441234	0.00123666969327457	0.000486862459142281
ccuenta_debitos_automaticos_avg6	0.000473320804428264	0.000301786307568879	0.000619643129817449
vm_mpagado_tend6	0.000471884781263091	0.000341890505286551	0.000933890717082012
Visa_fechaalta_tend6	0.00046444638759484	0.00156260476261565	0.00065726431984208
Master_mpagado_avg12	0.000463847173004102	0.00053507548353832	0.000460306325007248
catm_trx_tend6	0.000455847747005998	0.000494582361766571	0.000555465805657784
catm_trx_other_avg12	0.000455776695875346	0.000444926616744796	0.000508992570921476
mtransferencias_emitidas	0.000453999510447938	0.000716432100095164	0.000838731236431475
vmr_mconsumototal	0.000451765330504914	0.000452039686400287	0.000909547594124898
vm_mconsumototal_lag1	0.000450880835651448	0.000303640773856545	0.000725867666357583
vmr_msaldopesos_delta1	0.000450684975569737	0.000557109207864736	0.000721441644001744
mtarjeta_master_consumo	0.000448095188141333	0.000393785434222123	0.000261135318994496
vm_msaldototal_lag1	0.00043724340970137	0.00075376437548413	0.00131895466204
vmr_Visa_mlimitecompra_tend6	0.000436780169613709	0.00100990150380551	0.000539974727412348
vm_status04_tend6	0.000436394700805348	0.000532936912833484	0.000212449073080268
ccaja_ahorro_avg6	0.000433907458238622	0.000654358979778882	0.000230153162503624
mcheques_depositados_avg12	0.000431656668045849	0.00152620699635399	0.000214662084258188
cplazo_fijo_tend12	0.000430742974168434	0.000761746584102913	0.000216875095436107
catm_trx_avg6	0.000426082992326136	0.000322813331369468	0.00069709852104463
vm_mconsumospesos	0.000424401170145531	0.000451403265220889	0.00118396098018691
mpagomiscuentas_tend6	0.000423801943383032	0.000503666199758053	0.000515631604455234
mautoservicio_lag1	0.000420808020885852	0.00052369448113974	0.0014672264109606
ctarjeta_visa_transacciones_lag1	0.000419878138173555	0.000450683966042243	0.00108437547718054
vm_mconsumototal	0.000418209219376441	0.000331871703418796	0.00106445837657926
vm_status01_avg6	0.000417894027167335	0.000858996810766027	0.000289904464307449
mextraccion_autoservicio	0.000416929779425185	0.000402143265487697	0.000750210789314697
mautoservicio_delta1	0.000415576880101818	0.000381200938682222	0.000502353537387717
cforex_sell_avg12	0.000415297339169311	0.000319613490262759	0.000544400749768187
vm_status06_avg6	0.000414645719907164	0.000214142993896607	0.000212449073080268
vmr_mconsumototal_lag1	0.000413278794242195	0.000228509878012895	0.000663903353375838
mpagomiscuentas	0.000411542416625647	0.00056540655751769	0.000511205582099395
ctarjeta_debito_tend12	0.000408701512773103	0.00242344785418794	0.00057538290625906
ctarjeta_visa_debitos_automaticos_lag1	0.000404163860560087	0.000214447220955569	0.000502353537387717
ctarjeta_debito_lag1	0.000401425251188535	0.000480396240364688	0.000539974727412348
ccajas_extracciones_tend12	0.000400588329253412	0.000822645428899007	0.000564317850369462
Master_fechaalta_tend6	0.00039794028974673	0.000653987336185554	0.000582021939792818
mv_status07_tend6	0.000393713130643787	0.000886815510389639	0.000506779559743556
vmr_mconsumosdolares_avg6	0.000392931737648108	0.000452048554005145	0.000604152051572013
vm_fechaalta_tend6	0.000390908317390719	0.00117829959379704	0.000564317850369462
cprestamos_personales_avg6	0.000389997279452826	0.00194308890323855	0.000590873984504496
vm_mpagominimo_delta1	0.000388425275533237	0.000319169996332635	0.0007391457334251
vmr_mconsumototal_tend6	0.000384781520260906	0.000298811908262589	0.000690459487510872
matm_other_tend12	0.000382927644265909	0.00153613143781108	0.000579808928614899
vm_mconsumospesos_delta1	0.000380419896026645	0.000199406057808375	0.000628495174529127
cpayroll_trx_tend12	0.000379320785470305	0.000999927722085488	0.000759062834026375
ctarjeta_visa_avg12	0.00037928345443876	0.000802781425581671	0.000400555023203422
Master_Fvencimiento_tend6	0.000378517939234067	0.000675999573623276	0.000584234950970737
ccajas_consultas_avg6	0.000377563682407425	0.00128723755103702	0.000407194056737181
vm_mconsumototal_tend6	0.000377209505320792	0.000238570062036653	0.000683820453977113
cmobile_app_trx	0.000369885809532503	0.000242629719752828	0.000495714503853959
matm_other_tend6	0.000369819292906338	0.00051817473817758	0.000358507810822952
cdescubierto_preacordado_lag1	0.00036833858825517	0.000325014884806241	0.000174827883055637
ctarjeta_visa_transacciones_delta1	0.000362774754635175	0.000662492960865421	0.000478010414430603
catm_trx_other_tend6	0.000360441024675734	0.000570132763532332	0.000329738665509999
tcallcenter	0.000359219297702019	0.000115629133541278	0.000134993681853087
ccomisiones_otras_delta1	0.000356340129743044	0.000560296316000367	0.000484649447964362
Visa_mpagado	0.000355871626136631	0.000355713395950995	0.000272200374884094
cseguro_accidentes_personales_avg12	0.000352824464555744	0.000556760529094243	0.000447028257939731
mpayroll_sobre_edad_delta1	0.000351383290872311	0.000384864396360848	0.000360720822000872
cdescubierto_preacordado_tend6	0.000349296072657038	0.000977912301404997	9.29464694726173e-05
active_quarter_tend6	0.000349195944128112	0.00452452018657444	0.000747997778136777
vm_mconsumosdolares_avg6	0.000349009593884783	0.000434138948060986	0.000643986252774563
Master_mconsumosdolares_avg12	0.000342743994401824	0.00049636043022777	0.000278839408417852
Master_mpagado_tend12	0.00034185286296956	0.000384668626930529	0.000334164687865838
ctarjeta_debito_transacciones_delta1	0.000340988421648665	0.000511704115125301	0.000460306325007248
vmr_mconsumosdolares_tend6	0.000340037015892988	0.000386946123444801	0.00036957286671255
tcuentas_avg12	0.000339447700877818	0.00139893913143705	0.00053112268270067
ctransferencias_recibidas_delta1	0.000338540279105076	0.000585616170049991	0.000562104839191543
Visa_mpagado_lag1	0.000338368228242054	0.000267459240728721	0.000546613760946107
Master_mconsumospesos_tend6	0.000336836679251129	0.000322837774126447	0.000420472123804697
mtarjeta_master_consumo_tend12	0.000334250104359992	0.000527583949054993	0.000360720822000872
ccajas_otras_avg6	0.000333397857667392	0.000772916696668019	0.000201384017190671
tcallcenter_avg6	0.000333161703149456	0.00048450785315035	0.000725867666357583
ccajas_transacciones_avg6	0.000330990451580831	0.000408937783491764	0.000542187738590268
vmr_mconsumospesos_delta1	0.000326531003471855	0.000310756799380322	0.000599726029216174
cplazo_fijo_tend6	0.00032472954544801	0.000402139172746993	0.000106224536540134
catm_trx_other_avg6	0.000322688241838449	0.000230988942006816	0.00036957286671255
mtransferencias_emitidas_delta1	0.00031966700171366	0.000348625110114208	0.000528909671522751
Master_msaldopesos_lag1	0.000317209003348101	0.000432811308451657	0.000362933833178791
Master_mpagominimo	0.000314117554897348	0.000318299038373476	0.000458093313829328
Master_mpagominimo_lag1	0.000311570519063295	0.000112500574335156	0.000320886620798322
Master_mconsumospesos_lag1	0.000311394487625181	0.000171245955397743	0.000316460598442483
ctarjeta_master_transacciones	0.000308250990252552	0.000140924090084956	0.000106224536540134
Master_msaldototal_avg6	0.000307259104059392	0.000522428346328206	0.000524483649166912
Master_msaldopesos	0.000303536610945965	0.000407438135085646	0.000464732347363087
cpagomiscuentas	0.000302985646018969	0.000213357187681529	0.000329738665509999
vm_status05	0.000301085561275706	0.000249564755187717	0.00016376282716604
Visa_mconsumosdolares_lag1	0.00030082686355057	0.00025721135906881	0.000480223425608523
Master_cconsumos_avg6	0.000300052250796183	0.000261700868246098	0.000398342012025503
ctarjeta_visa_tend12	0.000297570780687392	0.0022810166123389	0.000396129000847583
Visa_mpagosdolares_avg6	0.000297072665988309	0.000365902842368639	0.000331951676687919
active_quarter_lag1	0.00029236188121088	0.000666791248102061	0.000621856140995368
Master_mpagominimo_avg6	0.000291107337274232	0.000310636631965777	0.000548826772124026
cprestamos_prendarios_avg12	0.000288113276802354	0.00126407673139575	0.000154910782454362
mpagomiscuentas_delta1	0.000288103963640077	0.000789662486318234	0.000296543497841208
vm_status01_delta1	0.000284855642051687	0.000369738422531297	9.95855030063757e-05
Master_fultimo_cierre_delta1	0.000284323592067879	9.15251645423275e-05	0.000356294799645033
vmr_mconsumototal_delta1	0.000284104893738271	0.000222513558133258	0.000427111157338456
cseguro_accidentes_personales_tend12	0.000283449810625566	0.00171150424008488	0.000278839408417852
Master_mpagominimo_tend6	0.000283415032385749	0.00123173964603544	0.000400555023203422
Master_mconsumospesos_avg6	0.000282445180902962	0.000264881837270674	0.000340803721399597
Master_mconsumosdolares_tend12	0.000281601054759214	0.000184289406332648	0.000225727140147785
cseguro_vida_tend12	0.000277879200192155	0.00349491952595216	0.000391702978491744
ccaja_seguridad_avg12	0.00027762642700672	0.00045841003730533	6.86033465155033e-05
mpayroll_delta1	0.000277329530939802	0.000336876670550244	0.00036735985553463
Master_msaldopesos_avg6	0.000276868972456086	0.000237589964325399	0.000420472123804697
ccuenta_debitos_automaticos	0.000276199634222101	0.000280173339724234	0.000278839408417852
Master_cconsumos_tend6	0.000276096998726002	0.00030704138663221	0.000431537179694295
ccaja_ahorro_lag1	0.000273774120576623	0.000406642551767776	0.000150484760098523
ccajas_otras_avg12	0.000273237490681593	0.00107459966253413	0.000360720822000872
cmobile_app_trx_lag1	0.00026664045521853	0.0001676973218333	0.00032752565433208
cpayroll_trx_tend6	0.000265831766620295	0.000536087982113476	0.000559891828013623
Visa_mpagado_delta1	0.000265113860397469	0.00022140237903225	0.00045145428029557
Visa_mconsumosdolares	0.000263767937024645	0.000320954658653857	0.00049128848149812
Master_msaldototal_lag1	0.000263271653095753	0.000573698791244765	0.000398342012025503
vm_status06_delta1	0.000263047780911832	0.0010092824767741	7.96684024051005e-05
thomebanking_delta1	0.000260851057918589	0.000842208161025667	0.000241218218393221
vm_cconsumos_delta1	0.00026064712468717	0.000190709324875101	0.000340803721399597
vm_mconsumototal_delta1	0.000260579647543137	0.000225547529554232	0.000466945358541006
ccajas_depositos_avg12	0.000259106896734314	0.00106974453518733	0.000305395542552885
Master_mpagado_avg6	0.000258855882300837	0.000346145818745804	0.000360720822000872
thomebanking_lag1	0.000257452150275351	0.000190131679999694	0.000413833090270939
tcuentas_tend12	0.000256047305433458	0.00240532895003169	0.000424898146160536
mplazo_fijo_dolares_delta1	0.000252725437593827	0.000756099170368251	0.000130567659497248
cplazo_fijo_avg12	0.000252150482428132	0.000340556158129959	0.000212449073080268
vm_mconsumosdolares_tend6	0.000251999346011842	0.000345891045637009	0.000343016732577516
cseguro_accidentes_personales_avg6	0.000251014079938654	0.000290186116168176	0.000223514128969865
ctarjeta_visa_debitos_automaticos	0.000250456247980457	0.000164858892468161	0.000371785877890469
mtarjeta_master_consumo_avg6	0.000250169838372469	0.000267748574759013	0.000243431229571141
Visa_mconsumosdolares_delta1	0.000248134679723743	0.000323284223924857	0.000473584392074764
Master_msaldodolares_avg12	0.000246756433918612	0.000628285947752567	0.000196957994834832
Master_mconsumototal_tend6	0.000246621817301386	0.000184841357891416	0.000316460598442483
Visa_Finiciomora_lag1	0.000244632315745264	0.00192737289262424	0.000141632715386845
ccajas_otras_tend6	0.000244479978810096	0.00344843110748595	0.000320886620798322
Master_mconsumospesos_delta1	0.000242398369808303	0.000221938187002687	0.000225727140147785
vmr_msaldodolares2_avg6	0.000242253186165645	0.000705725717789216	0.000320886620798322
Master_mconsumototal_delta1	0.00024031503111851	0.0001737762923377	0.000292117475485369
mcuenta_debitos_automaticos_delta1	0.000239991320552451	0.000304258095579327	0.000373998889068389
ccajas_depositos_tend12	0.000238560879333202	0.00130046881329532	0.000309821564908724
Master_mpagominimo_delta1	0.000234647910196238	0.000181615027657376	0.000378424911424228
active_quarter	0.000234570596500774	0.000588592160977666	0.000517844615633154
ctarjeta_master_tend12	0.000234008977526686	0.000533278201933262	0.000188105950123154
Master_mpagospesos_lag1	0.00023321291593331	0.00027782160544109	0.000387276956135905
vmr_mpagado	0.00023204517699933	0.000266877616799853	0.000208023050724429
ctransferencias_emitidas	0.000231999210567534	0.000244132096652749	0.000422685134982617
vm_mpagado_lag1	0.000231944796491376	0.000113101752469607	0.000269987363706174
Master_mpagospesos_delta1	0.00022981795698309	0.000289566520700559	0.000294330486663288
vm_status02_avg6	0.000228317676336245	0.000358993613937632	0.000212449073080268
Visa_status_tend6	0.000225754973149762	0.000340458500789283	0.000179253905411476
ccaja_ahorro_tend12	0.000225317304784329	0.00112040891341804	0.000177040894233557
mextraccion_autoservicio_lag1	0.000224325593890943	0.000172698878347496	0.0004094070679151
mplazo_fijo_dolares_tend12	0.000224096568229754	0.000202487664183649	0.000170401860699798
cdescubierto_preacordado_delta1	0.000223097623298311	0.00130363397979329	8.188141358302e-05
ccuenta_debitos_automaticos_lag1	0.000219006542940737	0.00011806704275368	0.000210236061902349
ccomisiones_mantenimiento_lag1	0.000218071987460977	0.000319572108106757	0.000309821564908724
Visa_fultimo_cierre_delta1	0.000218044641325635	0.000149967114356645	0.000343016732577516
Master_delinquency_avg12	0.000217061668221312	0.00107720764786022	0.000234579184859463
cpagomiscuentas_lag1	0.000215300610177219	0.000235240390099848	0.000320886620798322
matm_delta1	0.000213298219992432	0.000179569339429062	0.000258922307816577
Master_msaldodolares_tend12	0.000212645372392046	0.000510581680987358	0.000146058737742684
vm_status05_avg6	0.000212238779242855	0.000249522236159297	0.000294330486663288
Visa_delinquency_tend6	0.000211033375164542	0.00069696827586884	0.000196957994834832
Master_mpagospesos_avg6	0.000209365130104298	0.000456745087649686	0.000413833090270939
Master_mconsumospesos	0.000208806809987612	0.000146454974396808	0.000325312643154161
Visa_status_avg6	0.0002078995776453	0.000978484944041766	0.000194744983656912
vm_msaldodolares_avg6	0.000207384441389399	0.000774579145204344	0.000281052419595771
cplazo_fijo_avg6	0.000207184715879911	0.000388656661684393	0.00012392862596349
mextraccion_autoservicio_delta1	0.000206230395562321	0.000170229591456367	0.000314247587264563
cseguro_vida_avg12	0.000205198430688907	0.00106951136265447	0.000334164687865838
ctransferencias_emitidas_lag1	0.000205048244749187	0.000108653170699355	0.000340803721399597
ctarjeta_master_avg12	0.000204784180629735	5.52807623698085e-05	0.000132780670675168
Master_mpagado_tend6	0.000204758371054118	0.000246552611717161	0.000307608553730805
Master_mpagospesos	0.000204035931517008	0.000306248077059176	0.000338590710221677
mprestamos_prendarios_avg12	0.000202171298869997	0.00255536950634651	0.000227940151325704
ctarjeta_visa_descuentos_avg12	0.000200358414987131	0.000238982860411501	0.000150484760098523
Master_msaldopesos_delta1	0.000200345473727935	0.00018506066058078	0.000329738665509999
ctarjeta_master	0.00019695274130438	1.58979102011333e-05	4.20472123804697e-05
ccajas_extracciones_tend6	0.000196699561161887	0.000387953960843045	0.00024785725192698
ctarjeta_master_transacciones_avg12	0.000196638305493708	0.000299243123970603	0.000347442754933355
vm_Finiciomora_avg6	0.000196621377256267	0.00108726078327498	0.000188105950123154
vm_mconsumosdolares_lag1	0.000195650707169961	0.000137770292311162	0.000179253905411476
cpagomiscuentas_delta1	0.000191909662729086	0.000602203479685185	0.000190318961301074
vm_mpagado_delta1	0.00019147473731967	0.000195801603808225	0.000314247587264563
cseguro_vivienda_avg12	0.000191276163140578	0.000365361350036114	0.000230153162503624
Master_mconsumototal_lag1	0.000189563814663158	0.000206895432234108	0.000261135318994496
vm_mpagado	0.000188275615813349	0.00017539201541766	0.000174827883055637
matm_other	0.000187597544139991	0.000353793559499315	0.000192531972478993
Master_mconsumototal_avg6	0.000187121464913976	0.000225339822963528	0.000347442754933355
Visa_mpagosdolares_tend6	0.000185708183435931	0.000403583682840855	0.000325312643154161
cprestamos_prendarios_tend12	0.000183203714701331	0.00368422970194286	0.000254496285460738
tcuentas_avg6	0.000182239879856844	0.00115101226834144	0.000305395542552885
mtarjeta_master_consumo_lag1	0.000182027532475797	0.000114602537748143	0.000177040894233557
vmr_mpagado_lag1	0.00018161863081222	0.0001713500929112	0.000354081788467114
vm_status06	0.000180990844034142	0.000203161033716621	0.000128354648319329
vmr_msaldodolares_tend6	0.000179184524025517	0.00028921420393833	0.000161549815988121
mtarjeta_master_consumo_avg12	0.000178758802972649	0.000249592267500224	0.000300969520197047
ctarjeta_master_transacciones_tend6	0.000178205423591266	0.000638236878336989	0.000165975838343959
cextraccion_autoservicio	0.000177689383762378	0.00016724700666867	0.000345229743755436
matm	0.000176404408957475	0.000234600444615955	0.000356294799645033
mforex_sell_avg6	0.000175143197863863	0.00016483433602394	0.000227940151325704
cpayroll_trx_delta1	0.000174647663765359	0.000308513067976854	0.000154910782454362
ctarjeta_visa_descuentos_avg6	0.000173251799296963	0.000107874867842234	7.74553912271811e-05
cextraccion_autoservicio_lag1	0.000172595252151837	0.000161355620113182	0.000298756509019127
mttarjeta_master_debitos_automaticos_avg12	0.000171070028370502	0.000115845025613389	0.000130567659497248
ccajas_extracciones_avg6	0.000168468534675215	0.000601041937136076	0.000177040894233557
mforex_sell_tend6	0.000168112280433262	0.000253576550575109	0.000281052419595771
Master_Finiciomora_avg12	0.000167466739793961	0.00281419476949941	0.000239005207215302
ctarjeta_visa_avg6	0.000165970027729689	5.16135530122047e-05	7.08163576934227e-05
Visa_mpagosdolares_lag1	0.000164766274217543	0.000390005560807931	0.000157123793632282
Master_mconsumototal	0.000163252015975978	0.000150993141713571	0.000241218218393221
Master_msaldototal_delta1	0.000162692127542117	0.000139790628284562	0.000323099631976241
Visa_delinquency_avg6	0.000162320755969619	0.000498872008772836	0.000241218218393221
vmr_mpagado_delta1	0.000161880757187218	0.000226072991985669	0.000274413386062013
vmr_msaldodolares_avg6	0.000161800425084821	0.000378455619168088	0.000320886620798322
mplazo_fijo_dolares_tend6	0.000160537245855472	0.000200376492104078	0.000132780670675168
vm_fultimo_cierre_delta1	0.000160158308576055	0.00014345556389733	0.000331951676687919
Master_delinquency_tend12	0.000159597773616334	0.00112559202845734	0.000283265430773691
Visa_msaldodolares_avg6	0.000157987388846725	0.000290395300693023	0.000252283274282818
ccheques_depositados_avg6	0.000156361065426603	0.000173659421853166	3.54081788467114e-05
mcheques_depositados_avg6	0.000153993463075544	0.00026537956001512	8.85204471167784e-05
Master_status	0.000153922449231757	0.00127271355115261	0.000112863570073892
ctarjeta_master_transacciones_avg6	0.000153353706072008	0.000138028021288242	0.000161549815988121
mplazo_fijo_dolares_avg12	0.000153264480447919	0.000212112085009722	0.000214662084258188
mtarjeta_master_descuentos_tend12	0.000152375365553104	0.000384349393155654	4.64732347363087e-05
ccajas_consultas_delta1	0.00014953846054343	0.000463852700317573	9.73724918284562e-05
mprestamos_prendarios_tend12	0.000148828120439756	0.00258048779291649	0.000199171006012751
ctarjeta_master_debitos_automaticos_avg6	0.000147800278671653	0.000231104789306174	9.29464694726173e-05
mttarjeta_master_debitos_automaticos_tend12	0.00014755316062547	0.000264326816156379	0.000137206693031007
mplazo_fijo_dolares_avg6	0.000145192018875323	0.000216639679413001	0.000161549815988121
vm_Finiciomora_tend6	0.000144645066904533	0.000968903496993079	0.000152697771276443
Visa_mpagosdolares_delta1	0.000143606912922628	0.000224856652186028	0.000214662084258188
ccheques_depositados_tend12	0.000140983604985812	0.00041261226883284	7.74553912271811e-05
ctarjeta_visa_descuentos_tend12	0.000140018352593116	0.000171494930457208	0.000139419704208926
vm_status03	0.000139973564023577	2.60144830968064e-05	4.64732347363087e-05
ctarjeta_master_descuentos_tend12	0.000137943170353353	0.000419508309543803	0.000104011525362215
mtarjeta_master_consumo_tend6	0.000137323066831354	0.000152131833127087	0.000165975838343959
mtarjeta_visa_descuentos_avg12	0.000136942394990526	0.000255284928757107	0.000170401860699798
ctarjeta_visa_debitos_automaticos_delta1	0.000136739503566536	0.000123337128532925	0.000132780670675168
catm_trx_delta1	0.000136462795070182	0.000159566865051256	0.000150484760098523
cforex_sell_tend6	0.000136439780764956	0.00016205900307798	0.000152697771276443
vm_status03_tend6	0.00013586557238702	0.000254681590565062	0.000106224536540134
vm_mconsumosdolares	0.000133386679791161	0.000217840102998795	0.000150484760098523
Master_cconsumos_lag1	0.000130548490712315	0.000145909048261854	0.000196957994834832
vmr_mpagosdolares_avg6	0.000128923906496007	0.000226110849837176	0.000170401860699798
mcaja_ahorro_adicional_avg12	0.00012887104946479	0.000365434109870844	0.00012392862596349
ccajas_depositos_avg6	0.000126840465521719	0.000335638616487427	0.000106224536540134
matm_other_lag1	0.000126523463872495	0.000119396501358877	0.000130567659497248
ctarjeta_visa	0.000126094418017501	7.66512353277689e-05	3.98342012025503e-05
ccallcenter_transacciones_lag1	0.000125859883908849	0.00025434257521012	0.000159336804810201
cextraccion_autoservicio_delta1	0.000125646782009019	0.000178873687196704	0.000177040894233557
mtarjeta_visa_descuentos_tend12	0.000124253256286879	0.000194257390003335	0.000101798514184295
vmr_msaldodolares2_tend6	0.000123929104974211	0.00021062505588744	0.000137206693031007
cseguro_vida_avg6	0.00012373622449439	0.000551658586745569	0.000170401860699798
vm_status04_avg6	0.000121233169813886	0.000331539509298359	0.000269987363706174
mprestamos_hipotecarios_tend12	0.000120772218193282	0.00183560398263556	0.000141632715386845
vmr_mconsumosdolares_lag1	0.000120563252419017	0.000207959090068058	0.000159336804810201
vm_status02_lag1	0.000119503886542698	0.000145427810167464	2.43431229571141e-05
Master_cconsumos	0.00011912984953234	8.40812650133005e-05	0.000143845726564765
minversion2	0.00011794663632034	0.000681658015020388	5.3112268270067e-05
mtarjeta_master_descuentos_avg6	0.00011534695154506	0.000418616660506643	4.86862459142281e-05
matm_other_delta1	0.000114687631020786	0.000107961383833217	0.000110650558895973
vmr_Visa_mlimitecompra_delta1	0.000114214098302242	0.00136676109452797	0.000157123793632282
ctarjeta_debito_tend6	0.000113266669067185	0.000651545788981415	0.000157123793632282
cforex_tend6	0.000113066239635165	0.000221069275413879	0.000139419704208926
Master_status_avg6	0.000107495681907475	0.000351038008133422	0.000146058737742684
ctarjeta_master_debitos_automaticos_tend6	0.000107367301855761	0.000291061735304248	8.63074359388589e-05
ctarjeta_master_debitos_automaticos_avg12	0.000106919225483724	0.000107229920119703	0.000104011525362215
cseguro_vivienda_avg6	0.000105186989836734	0.000219771535549135	0.000134993681853087
vm_mpagosdolares_avg6	0.000104258512276954	0.000190745704792465	0.000137206693031007
ccheques_depositados_tend6	0.000104077958811123	0.000417330175678834	6.41773241596643e-05
cseguro_accidentes_personales_tend6	0.000103308097873562	0.00081543538402629	8.63074359388589e-05
ctransferencias_emitidas_delta1	0.000102624566098318	0.000114722364100963	0.000154910782454362
cforex_avg6	0.000102583049549218	8.42874936698617e-05	0.000132780670675168
vmr_mconsumosdolares	0.000102517446848197	0.000206189548149991	0.000146058737742684
mttarjeta_master_debitos_automaticos_delta1	0.000102026594141387	0.000224154974529857	6.63903353375838e-05
mtarjeta_visa_descuentos_avg6	0.000101192552217391	0.000112038549384624	7.74553912271811e-05
catm_trx	0.000100903252334826	0.000152888080659305	0.000201384017190671
vmr_mconsumosdolares_delta1	0.000100053145067081	8.28666305222865e-05	9.29464694726173e-05
ccheques_emitidos_avg6	9.85919190215612e-05	0.000716101611283354	5.08992570921476e-05
mcaja_ahorro_adicional_tend6	9.83564649451894e-05	0.000503127208544847	6.86033465155033e-05
ccheques_depositados_avg12	9.82363743777131e-05	0.00020408542467941	6.63903353375838e-05
minversion1_pesos_avg12	9.73715141318404e-05	0.000295201315151384	5.08992570921476e-05
Master_Fvencimiento_delta1	9.73336924632695e-05	0.000376425619779138	0.000172614871877718
Visa_msaldodolares_tend6	9.68991237217861e-05	0.000120409113621275	0.00012171561478557
minversion2_avg6	9.67990384422148e-05	0.000346676965539328	3.31951676687919e-05
Visa_Finiciomora_avg6	9.58559118343566e-05	0.000736418885633607	0.000119502603607651
ctarjeta_master_debitos_automaticos_tend12	9.52820689351661e-05	0.00135086034214579	0.000194744983656912
mcheques_emitidos_avg6	9.24888498654176e-05	0.00039337547802832	3.54081788467114e-05
mprestamos_prendarios	9.17557485441172e-05	0.0016284947046997	9.07334582946979e-05
ccajeros_propios_descuentos_avg12	9.16925738583541e-05	0.000145756593670648	6.63903353375838e-05
ccajas_depositos_tend6	9.11631943725773e-05	0.000794623115425394	0.000148271748920604
matm_lag1	9.07515381771493e-05	7.64487583501859e-05	0.000258922307816577
vm_status01_lag1	8.82525188145188e-05	0.00222713568097694	0.000141632715386845
cprestamos_personales_delta1	8.78322304319828e-05	0.000981467528829462	0.000115076581251812
vm_mpagosdolares_lag1	8.63936553938249e-05	0.000120186400314658	5.08992570921476e-05
Master_status_delta1	8.61695270293003e-05	0.000227627323955076	5.97513018038254e-05
vmr_msaldodolares2	8.59871134099523e-05	0.000338525362930316	8.188141358302e-05
mcaja_ahorro_adicional_tend12	8.57451469464658e-05	0.00109557905138042	0.00012171561478557
vm_mconsumosdolares_delta1	8.44844939950626e-05	8.12468147016232e-05	0.000106224536540134
tcuentas_tend6	8.43835370623227e-05	0.00127534165912049	0.000146058737742684
Visa_mpagosdolares	8.27436231339089e-05	0.000102430613208606	0.000154910782454362
vm_Finiciomora	8.23904119524896e-05	0.00065966726447136	8.40944247609395e-05
mttarjeta_master_debitos_automaticos_avg6	8.22418215286663e-05	0.000109670330451423	0.000104011525362215
cseguro_accidentes_personales	8.19279410009432e-05	8.69121910204832e-05	8.85204471167784e-05
cinversion1_avg12	8.03396928252521e-05	0.000665937456916408	6.41773241596643e-05
ccajeros_propios_descuentos_tend12	8.03176058780271e-05	0.00017401401236023	6.19643129817449e-05
vmr_msaldodolares2_lag1	7.92830054349254e-05	0.000291321738026164	7.96684024051005e-05
vm_Fvencimiento_delta1	7.92609267532179e-05	0.000113795244644372	0.000174827883055637
Master_Finiciomora_tend12	7.75854399194966e-05	0.000682800799174607	9.07334582946979e-05
cseguro_accidentes_personales_lag1	7.74904798516652e-05	7.28209984654745e-05	9.29464694726173e-05
tcallcenter_delta1	7.69331349352665e-05	0.000103464371297972	7.96684024051005e-05
cplazo_fijo	7.66161044026126e-05	0.000254736728877318	3.09821564908724e-05
Visa_msaldodolares	7.5963477568478e-05	0.000558766654162423	0.000112863570073892
mttarjeta_master_debitos_automaticos_tend6	7.52451855562626e-05	0.000133870819918632	8.40944247609395e-05
ccajas_otras_delta1	7.22569885939179e-05	0.000599980439359719	5.97513018038254e-05
Master_cconsumos_delta1	7.17008929300191e-05	0.000113234880229714	9.73724918284562e-05
mcheques_emitidos	7.11065062642218e-05	0.000217483011372412	1.77040894233557e-05
mplazo_fijo_dolares_lag1	7.10881778821122e-05	0.000124341555313916	5.7538290625906e-05
mv_status07_lag1	7.07473227986637e-05	0.000299544622535763	0.000208023050724429
Visa_Finiciomora_tend6	6.94558857816535e-05	0.000478500846669987	9.73724918284562e-05
cpagodeservicios_tend12	6.8851359716602e-05	0.000442753144056738	5.7538290625906e-05
mpagodeservicios_tend12	6.8792418687503e-05	0.000630035253341601	8.40944247609395e-05
vm_msaldodolares_tend6	6.83708885744818e-05	0.000138774946466636	7.74553912271811e-05
cplazo_fijo_delta1	6.75136233941063e-05	0.000134972449291332	2.65561341350335e-05
Visa_Fvencimiento_delta1	6.71105652206317e-05	8.34040301141083e-05	0.000132780670675168
catm_trx_lag1	6.69657763511394e-05	6.8517367928472e-05	0.000126141637141409
mcaja_ahorro_adicional_delta1	6.62658358589914e-05	0.000371873582618879	5.08992570921476e-05
mforex_sell_delta1	6.61558988325486e-05	0.000108595417580538	3.09821564908724e-05
mprestamos_prendarios_avg6	6.55994336468806e-05	0.000668956535308711	4.42602235583892e-05
Visa_msaldodolares_lag1	6.51204385999499e-05	0.000116547385393012	7.96684024051005e-05
vm_Finiciomora_lag1	6.5002536601475e-05	0.000530064490983057	5.53252794479865e-05
mcajeros_propios_descuentos_avg6	6.46569625858101e-05	8.90243862852295e-05	5.3112268270067e-05
vmr_mpagosdolares_tend6	6.37949170218474e-05	0.000239496840431519	7.08163576934227e-05
ccajas_otras	6.36824683758391e-05	0.000115338776325811	1.99171006012751e-05
Master_mpagado_lag1	6.32125557802334e-05	6.88229592343355e-05	8.40944247609395e-05
ctarjeta_visa_descuentos_tend6	6.31773657415039e-05	4.79913638023397e-05	5.97513018038254e-05
cmobile_app_trx_delta1	6.22544818991428e-05	0.000187016308513616	8.63074359388589e-05
mprestamos_prendarios_lag1	6.1991345037097e-05	0.000606911609428387	3.98342012025503e-05
cseguro_vivienda_lag1	6.14908526638267e-05	0.00011772620840287	7.74553912271811e-05
cseguro_vida_tend6	6.13348974606906e-05	0.0015290616829947	0.00012392862596349
Master_msaldodolares_avg6	6.11364566181775e-05	0.000921551737612907	0.000126141637141409
mttarjeta_master_debitos_automaticos_lag1	6.0177574153602e-05	0.000116228947428829	5.3112268270067e-05
Visa_delinquency_lag1	5.98607161992125e-05	9.98004588703797e-05	3.31951676687919e-05
vm_msaldodolares	5.95394068376417e-05	0.000167782814639107	5.08992570921476e-05
mprestamos_hipotecarios_avg12	5.93453448765812e-05	0.000468642230125878	6.86033465155033e-05
vm_mpagosdolares_tend6	5.75631834291635e-05	0.000151890588800062	6.86033465155033e-05
Master_mconsumosdolares_tend6	5.7277743870145e-05	4.54067980480611e-05	6.86033465155033e-05
mcheques_depositados_tend6	5.70273271275836e-05	0.000123566776761289	2.65561341350335e-05
ctarjeta_master_debitos_automaticos	5.62369622176838e-05	9.42180742380078e-05	3.09821564908724e-05
cforex_sell_avg6	5.61114601883018e-05	5.00271612406201e-05	9.51594806505368e-05
vm_fechaalta_delta1	5.59756269777019e-05	3.38318452150304e-05	0.000104011525362215
Visa_fechaalta_delta1	5.53153082824543e-05	4.9652789153489e-05	0.000170401860699798
vmr_mpagosdolares_delta1	5.52144137367491e-05	0.000175570618074472	3.98342012025503e-05
mttarjeta_master_debitos_automaticos	5.51229804970181e-05	5.05980985687624e-05	7.30293688713422e-05
Master_madelantopesos	5.43573777208003e-05	3.14142860189042e-05	1.10650558895973e-05
Master_mpagado_delta1	5.43130609524593e-05	8.96273834155494e-05	8.63074359388589e-05
cprestamos_hipotecarios_tend12	5.4021323634927e-05	0.00110563230048243	0.000108437547718054
vm_msaldodolares_lag1	5.30176244952214e-05	0.000206407031843486	4.42602235583892e-05
Master_madelantopesos_avg12	5.28888419331488e-05	2.82003476942162e-05	4.20472123804697e-05
Master_fechaalta_delta1	5.21974687601048e-05	4.05011935659145e-05	0.000117289592429731
ctarjeta_master_descuentos_avg12	5.18162657394892e-05	0.000112442593841856	6.63903353375838e-05
mcaja_ahorro_adicional_avg6	5.16064167861373e-05	0.000152235515891576	5.3112268270067e-05
mcajeros_propios_descuentos_avg12	5.06493538794303e-05	0.000134964832246134	5.3112268270067e-05
ccajeros_propios_descuentos_tend6	5.00107004131203e-05	0.000225022408184521	5.97513018038254e-05
Visa_cadelantosefectivo_avg6	4.93921948546931e-05	0.000126859159282795	3.54081788467114e-05
mforex_buy_avg12	4.74776719656542e-05	0.000220304160276803	5.3112268270067e-05
mtarjeta_visa_descuentos	4.73829388629359e-05	0.000641631806750567	4.86862459142281e-05
catm_trx_other	4.70585311380637e-05	4.02277757494704e-05	5.7538290625906e-05
Visa_status_lag1	4.69590994187365e-05	0.000345001670344684	3.76211900246308e-05
cliente_edad_delta1	4.65761436867993e-05	0.000237143969275957	0.000130567659497248
catm_trx_other_delta1	4.61113582981916e-05	5.28580872478028e-05	4.86862459142281e-05
mtarjeta_master_consumo_delta1	4.58298202416552e-05	8.32586241318912e-05	9.95855030063757e-05
Visa_Finiciomora	4.57275056850266e-05	0.000472338202355649	5.3112268270067e-05
Master_mpagosdolares	4.50942139926773e-05	4.01190907463434e-06	8.85204471167784e-06
Master_msaldodolares_delta1	4.50290206760523e-05	1.71722304940737e-05	2.43431229571141e-05
mtarjeta_visa_descuentos_tend6	4.42061811762226e-05	0.000228409264803933	4.64732347363087e-05
catm_trx_other_lag1	4.32226200390406e-05	5.86232809649323e-05	5.97513018038254e-05
mpagodeservicios_avg12	4.27547974335513e-05	0.000297264170153205	5.3112268270067e-05
Master_mconsumosdolares_avg6	4.27509294355771e-05	9.9307965739055e-05	8.85204471167784e-05
mprestamos_prendarios_tend6	4.23548761548043e-05	0.000521919141172342	4.86862459142281e-05
vm_status02	4.23349337105374e-05	0.000128967375494079	9.95855030063757e-05
Master_mpagado	4.21531992608298e-05	3.97324404371017e-05	5.3112268270067e-05
Master_status_tend6	4.19022099357816e-05	0.000388018307821884	0.000132780670675168
vm_status03_avg6	4.10693296396428e-05	5.58055426777943e-05	0.000126141637141409
vm_mpagosdolares_delta1	4.10637595167002e-05	8.01967993366844e-05	2.65561341350335e-05
tcuentas	4.08991982016784e-05	0.000319468539029509	9.07334582946979e-05
cinversion2_avg6	4.05071000646667e-05	0.000424586377571707	3.98342012025503e-05
ccajas_extracciones_lag1	4.02728200456324e-05	0.000405406885137036	3.54081788467114e-05
Master_mpagosdolares_tend6	4.02042234777615e-05	3.66128625230784e-05	6.86033465155033e-05
cseguro_vivienda	3.98631552830272e-05	8.58081742157063e-05	4.86862459142281e-05
Master_delinquency_avg6	3.97953185408035e-05	0.000586475304536007	6.63903353375838e-05
cseguro_vivienda_tend12	3.9682192239838e-05	0.000654761205240246	9.51594806505368e-05
vmr_msaldodolares2_delta1	3.96621870110851e-05	0.00011259811798859	4.64732347363087e-05
mtarjeta_master_descuentos_avg12	3.95529108220875e-05	0.000180782268611449	3.09821564908724e-05
mforex_sell_lag1	3.95250934570933e-05	7.64604681360877e-05	3.76211900246308e-05
Master_madelantopesos_tend12	3.95235851074813e-05	1.95751240360123e-05	3.76211900246308e-05
Master_msaldodolares_tend6	3.91914507147651e-05	6.34955750852418e-05	4.42602235583892e-05
Master_mconsumosdolares	3.82460159095715e-05	2.59366073361976e-05	6.63903353375838e-05
minversion1_pesos_tend12	3.82080233780689e-05	0.000159804244012061	2.65561341350335e-05
vmr_msaldodolares_lag1	3.81010862562454e-05	7.25395088548651e-05	3.09821564908724e-05
Master_mpagosdolares_avg6	3.69183214982465e-05	6.44301978997894e-05	6.63903353375838e-05
cinversion2_lag1	3.63275430475735e-05	0.000176642688764313	2.21301117791946e-05
cseguro_vida_lag1	3.60023459133252e-05	0.000124116113513496	4.42602235583892e-05
Master_cadelantosefectivo_avg6	3.59554424877463e-05	4.8447818078025e-06	1.10650558895973e-05
ctarjeta_master_transacciones_lag1	3.56025367917015e-05	7.67637856971159e-05	5.97513018038254e-05
vmr_Master_mlimitecompra_delta1	3.55363237711312e-05	0.000107941715940391	9.29464694726173e-05
cseguro_vida	3.50219839684095e-05	6.18992925236238e-05	5.3112268270067e-05
mcaja_ahorro_adicional	3.45840887488185e-05	0.000210701794775631	4.64732347363087e-05
cseguro_vivienda_tend6	3.4131959976794e-05	0.00130854288120545	7.96684024051005e-05
cpagodeservicios_avg12	3.38354421226091e-05	0.000307834014081794	4.86862459142281e-05
ccajas_transacciones_lag1	3.36855666984022e-05	2.44424159176842e-05	3.31951676687919e-05
ccajas_transacciones	3.28866860044724e-05	0.000164265558753391	7.96684024051005e-05
mprestamos_prendarios_delta1	3.25423853213944e-05	0.000814929134738712	4.42602235583892e-05
mcheques_depositados_tend12	3.17558224524114e-05	0.000475484951520454	7.52423800492616e-05
Visa_msaldodolares_delta1	3.09024383890792e-05	5.63164531422849e-05	6.19643129817449e-05
minversion2_avg12	3.0732845759626e-05	0.000215834887428549	2.43431229571141e-05
cinversion1_tend6	3.04430407691422e-05	7.65615360940165e-05	6.63903353375838e-06
Master_mpagosdolares_delta1	3.00186308683266e-05	2.35022224282902e-05	5.3112268270067e-05
ctarjeta_master_descuentos_avg6	2.96900635459763e-05	2.40796399292131e-05	2.43431229571141e-05
Visa_madelantopesos_delta1	2.9676103290466e-05	7.55025394369784e-05	3.54081788467114e-05
mcajeros_propios_descuentos_tend6	2.9225855167602e-05	0.000111020252760137	3.54081788467114e-05
Master_mconsumosdolares_lag1	2.89982877312623e-05	7.73255143586753e-06	3.98342012025503e-05
mcheques_depositados	2.85953748246917e-05	8.91143128934654e-05	1.77040894233557e-05
cplazo_fijo_lag1	2.85180553866996e-05	0.000117369685212696	1.77040894233557e-05
ccajas_transacciones_delta1	2.82629187654849e-05	0.000148852979387351	4.64732347363087e-05
vmr_msaldodolares	2.82525272414701e-05	6.95973967252366e-05	2.8769145312953e-05
ccaja_seguridad_tend12	2.80950543910478e-05	0.000266356701858087	2.21301117791946e-05
ccajas_extracciones	2.79264425517098e-05	0.000811675405879406	3.76211900246308e-05
cinversion2	2.73966568019438e-05	0.00041405211774979	3.09821564908724e-05
ccaja_seguridad_tend6	2.73640519343663e-05	0.000162735555853722	1.54910782454362e-05
minversion2_lag1	2.69997427840908e-05	0.000415237761994154	3.31951676687919e-05
vmr_mpagosdolares_lag1	2.68633180673655e-05	5.99617208622281e-05	3.09821564908724e-05
Visa_madelantopesos_avg6	2.67251421479948e-05	9.99266517087385e-05	4.20472123804697e-05
ccaja_ahorro_tend6	2.6596257941081e-05	0.00048129118633186	4.42602235583892e-05
ctarjeta_master_avg6	2.58506536994305e-05	2.11890281201039e-05	4.20472123804697e-05
mtarjeta_visa_descuentos_delta1	2.57847380009415e-05	0.000165788967793038	3.09821564908724e-05
vm_mpagosdolares	2.52193963302769e-05	6.54939694209817e-05	4.86862459142281e-05
cseguro_auto_tend12	2.50478221944724e-05	0.00142442735629173	6.63903353375838e-05
ccajeros_propios_descuentos_avg6	2.46715952100079e-05	3.69901904784954e-05	3.98342012025503e-05
cinversion1	2.43773659596526e-05	0.000179628797856505	1.10650558895973e-05
active_quarter_delta1	2.43749347018554e-05	0.000359184494816555	6.63903353375838e-05
mcajeros_propios_descuentos_tend12	2.43642981583472e-05	0.00010080613621103	2.8769145312953e-05
mcaja_ahorro_adicional_lag1	2.43422908667976e-05	4.37811841780678e-05	2.43431229571141e-05
tcallcenter_lag1	2.35389185579519e-05	4.09163793728392e-05	5.08992570921476e-05
mcheques_emitidos_tend12	2.2544613263613e-05	5.89911728792828e-05	2.43431229571141e-05
ccuenta_debitos_automaticos_delta1	2.23819756456303e-05	4.91107283847549e-05	3.09821564908724e-05
Visa_delinquency_delta1	2.19767955438034e-05	0.000138032455090671	4.42602235583892e-05
Visa_madelantopesos	2.16249371821604e-05	1.70483114005502e-05	4.86862459142281e-05
Master_Finiciomora_avg6	2.15689188295531e-05	0.000345879790600074	2.65561341350335e-05
Master_delinquency_lag1	2.15658857396946e-05	5.2331374256707e-05	2.21301117791946e-05
minversion2_tend12	2.12022991383497e-05	8.71950448779938e-05	1.10650558895973e-05
ccheques_emitidos	2.07338217869759e-05	6.85534067841114e-05	4.42602235583892e-06
ccheques_emitidos_tend12	2.07228210047457e-05	0.000382526986670166	3.76211900246308e-05
Master_delinquency_tend6	2.06171730741797e-05	0.00019693574773207	5.08992570921476e-05
tcuentas_lag1	2.05758867642214e-05	0.000203538247984796	6.19643129817449e-05
Master_msaldodolares_lag1	2.04060845605287e-05	2.92653697750679e-05	1.99171006012751e-05
ccaja_ahorro_delta1	1.98063941563784e-05	0.00203444478747789	8.188141358302e-05
vmr_madelantopesos_avg6	1.94505210214041e-05	7.6151125151246e-05	1.10650558895973e-05
minversion1_pesos_tend6	1.907018768683e-05	2.51636477794395e-05	1.10650558895973e-05
Master_mpagosdolares_lag1	1.86516361215444e-05	8.58543312358627e-06	1.99171006012751e-05
Master_madelantodolares_tend12	1.8618560275699e-05	1.00704158755167e-05	2.65561341350335e-05
mcheques_emitidos_avg12	1.85619379520354e-05	0.000278741221539724	3.76211900246308e-05
mforex_buy_tend12	1.80904977289748e-05	7.55000383176596e-05	2.43431229571141e-05
minversion2_delta1	1.77565295780963e-05	0.000120814408638166	1.77040894233557e-05
vmr_msaldodolares_delta1	1.73753424522247e-05	6.58288920352204e-05	3.76211900246308e-05
vm_status04_lag1	1.72502350482128e-05	7.63737247706212e-05	3.31951676687919e-05
cseguro_auto_avg12	1.69861874663439e-05	0.000235210262980781	2.8769145312953e-05
ccajas_consultas_lag1	1.6751942436056e-05	0.000622445038332422	4.20472123804697e-05
mcheques_emitidos_rechazados_avg12	1.62630351149494e-05	0.000274512510895045	1.99171006012751e-05
ccheques_emitidos_avg12	1.62149004227378e-05	0.000448497646695867	3.76211900246308e-05
ctarjeta_master_descuentos_delta1	1.59286867978294e-05	4.20211919883085e-05	6.63903353375838e-06
minversion2_tend6	1.52805911970484e-05	0.000645114388027545	3.76211900246308e-05
Master_msaldodolares	1.52402215478497e-05	7.37974581849915e-05	2.65561341350335e-05
Visa_delinquency	1.50880674654408e-05	4.50329943971388e-05	2.8769145312953e-05
cinversion1_avg6	1.47811769427469e-05	2.605336413349e-05	8.85204471167784e-06
ctarjeta_master_descuentos_tend6	1.40602480973003e-05	1.62572755723515e-05	1.32780670675168e-05
Visa_status_delta1	1.37485492664578e-05	0.000171453093552238	4.42602235583892e-05
vm_status03_delta1	1.34791997088721e-05	0.00030382278713061	3.09821564908724e-05
Visa_madelantodolares	1.33871455972073e-05	2.34591349636614e-05	4.64732347363087e-05
vm_msaldodolares_delta1	1.31926747091254e-05	4.06686548730339e-05	2.21301117791946e-05
ctarjeta_visa_tend6	1.3086492980695e-05	8.51819848880663e-05	3.76211900246308e-05
ccheques_depositados_rechazados_avg12	1.30165728357152e-05	0.000153291101931361	1.10650558895973e-05
mforex_buy_tend6	1.27956074325633e-05	0.000688607488734981	3.76211900246308e-05
ctarjeta_visa_lag1	1.25992858431919e-05	2.59493403072753e-05	2.21301117791946e-06
ccheques_emitidos_tend6	1.25368169865505e-05	4.46397502278747e-05	4.42602235583892e-06
cprestamos_hipotecarios_avg12	1.23736193265371e-05	0.000347727776714959	4.42602235583892e-05
mcheques_emitidos_rechazados_tend12	1.1991730139279e-05	0.00043775079173185	2.21301117791946e-05
cprestamos_prendarios_avg6	1.19786986509535e-05	0.000186115223435389	2.65561341350335e-05
mforex_sell	1.14780898856663e-05	5.27313259732352e-05	1.77040894233557e-05
mpagodeservicios_avg6	1.13651679877185e-05	1.58489109999327e-05	6.63903353375838e-06
ccajas_depositos_delta1	1.13632715078528e-05	0.000320984444711199	2.43431229571141e-05
cinversion1_tend12	1.13229998435259e-05	9.15692751921322e-05	1.32780670675168e-05
tcuentas_delta1	1.13007828373765e-05	0.000210661549492047	2.21301117791946e-05
mcheques_emitidos_delta1	1.11532620958549e-05	6.44286062784047e-05	6.63903353375838e-06
mcheques_depositados_delta1	1.11343720045658e-05	2.89078233997179e-05	6.63903353375838e-06
cpagodeservicios_avg6	1.0755893623124e-05	2.39973303661755e-05	4.42602235583892e-06
vmr_mpagosdolares	1.06476124823086e-05	7.47914257397402e-06	1.32780670675168e-05
mcheques_emitidos_tend6	1.04983660299339e-05	5.31544698870834e-06	6.63903353375838e-06
ctarjeta_master_transacciones_delta1	1.04724807950374e-05	2.09997388625657e-05	3.09821564908724e-05
vm_status05_lag1	1.02602149686289e-05	1.37121592909652e-05	1.54910782454362e-05
cforex_buy_tend12	1.01430881774961e-05	0.000170660011353688	2.43431229571141e-05
mplazo_fijo_pesos_avg12	9.97031782552883e-06	4.07420968312139e-06	2.21301117791946e-06
ctarjeta_master_tend6	9.94911641494031e-06	5.2934826135994e-05	1.77040894233557e-05
vm_status02_delta1	9.94806007448226e-06	0.000105227319356017	7.52423800492616e-05
Master_Finiciomora_tend6	9.76592491441602e-06	0.000160989092445732	1.77040894233557e-05
ctarjeta_master_debitos_automaticos_delta1	9.72084006124473e-06	1.35262806506799e-05	8.85204471167784e-06
ctarjeta_debito_delta1	9.06757153355584e-06	0.000200161168468176	1.54910782454362e-05
minversion1_pesos	8.78982157040203e-06	5.01418716675607e-05	2.21301117791946e-06
mcheques_depositados_rechazados_avg12	8.77172546699601e-06	0.000132760550315558	8.85204471167784e-06
cforex_buy_avg12	8.71478036276803e-06	1.98111387499158e-05	8.85204471167784e-06
vm_status06_lag1	8.52662097346675e-06	1.53618748562127e-05	1.77040894233557e-05
mpayroll2_tend12	8.21071339864432e-06	1.89190349637883e-05	2.21301117791946e-06
cprestamos_prendarios_lag1	8.16429924987683e-06	0.000100032949279789	1.10650558895973e-05
Master_cadelantosefectivo_delta1	8.0745920398868e-06	1.8725425591063e-06	8.85204471167784e-06
cforex_delta1	7.89897407721602e-06	1.47056720967469e-05	1.10650558895973e-05
Master_madelantodolares_tend6	7.84923967253639e-06	5.26030867645246e-07	2.21301117791946e-06
mtarjeta_master_descuentos	7.61604744608058e-06	5.03824338711348e-05	4.42602235583892e-06
cprestamos_prendarios_tend6	7.57424329450595e-06	0.000197928919476126	1.10650558895973e-05
mforex_buy_avg6	7.52872795296506e-06	0.000171892722116143	1.54910782454362e-05
ccajas_depositos	7.45283008835018e-06	6.02891401185104e-05	1.32780670675168e-05
ctarjeta_master_debitos_automaticos_lag1	7.43063702018231e-06	1.57672835603456e-05	1.32780670675168e-05
cinversion2_avg12	7.31072472628598e-06	5.99847993723063e-05	1.10650558895973e-05
cforex_sell_lag1	7.22491859529945e-06	2.7358834730674e-06	2.21301117791946e-06
vm_madelantopesos_avg6	6.99689188695848e-06	5.8435469641537e-05	8.85204471167784e-06
ctarjeta_visa_descuentos	6.99113653436962e-06	6.66721103073892e-05	6.63903353375838e-06
Visa_madelantopesos_tend6	6.821942353424e-06	4.28264387217279e-05	2.8769145312953e-05
Visa_cadelantosefectivo	6.69875141943327e-06	4.96720022973472e-05	3.54081788467114e-05
mcheques_emitidos_rechazados_avg6	6.64101839336271e-06	2.61077066350535e-05	6.63903353375838e-06
mtarjeta_master_descuentos_tend6	6.63628296016836e-06	0.000117348653072969	6.63903353375838e-06
Master_madelantopesos_delta1	6.58044185221325e-06	2.31524067853802e-06	6.63903353375838e-06
vm_cadelantosefectivo_avg6	6.57747365671168e-06	3.9437535731964e-05	1.10650558895973e-05
mcheques_depositados_lag1	6.4326130054407e-06	3.16165356220036e-05	6.63903353375838e-06
Visa_cadelantosefectivo_tend6	6.25280350033555e-06	2.3353974265029e-05	2.43431229571141e-05
Master_madelantodolares_avg12	5.87917356515979e-06	1.93165992482394e-06	6.63903353375838e-06
Master_delinquency_delta1	5.7547417811428e-06	5.76269259781065e-06	6.63903353375838e-06
Visa_madelantodolares_avg6	5.7504066815522e-06	2.20234924746568e-06	8.85204471167784e-06
cseguro_auto	5.63909872274818e-06	3.74070815940466e-05	8.85204471167784e-06
mtarjeta_master_descuentos_delta1	5.5584962786091e-06	6.05264053920733e-05	8.85204471167784e-06
cseguro_auto_avg6	5.53330807747251e-06	5.6327480804736e-05	8.85204471167784e-06
ccajas_extracciones_delta1	5.47526108286342e-06	2.82548038830215e-05	8.85204471167784e-06
cforex_buy_avg6	5.45675648263743e-06	8.57179065457451e-06	4.42602235583892e-06
ccheques_depositados_rechazados_tend12	5.38572654961574e-06	4.2078945107125e-05	4.42602235583892e-06
ccajas_otras_lag1	5.35962577100403e-06	7.4231061325082e-05	1.10650558895973e-05
ccheques_depositados_delta1	5.23547655217578e-06	6.98278407642936e-06	4.42602235583892e-06
mprestamos_hipotecarios_avg6	5.16515975420189e-06	1.66351719639773e-05	2.21301117791946e-06
mpayroll2_avg6	5.06692929730014e-06	8.55303225968333e-06	2.21301117791946e-06
Master_madelantopesos_avg6	4.96532582007568e-06	4.18198518831432e-05	8.85204471167784e-06
cinversion2_tend12	4.61617682723209e-06	4.35147012833713e-05	6.63903353375838e-06
mpayroll2_tend6	4.41761373971175e-06	2.43172462645013e-05	2.21301117791946e-06
mtarjeta_master_descuentos_lag1	4.40998938255032e-06	3.80204242633671e-06	6.63903353375838e-06
ccheques_emitidos_rechazados_avg12	4.38808412306943e-06	1.0614295640119e-05	4.42602235583892e-06
mcheques_depositados_rechazados_avg6	4.0406997302245e-06	9.70377452082558e-06	2.21301117791946e-06
cprestamos_prendarios	4.03275802568466e-06	7.9982953634925e-05	1.10650558895973e-05
ctarjeta_visa_descuentos_delta1	3.96265160809221e-06	3.56669846715961e-05	4.42602235583892e-06
Master_mconsumosdolares_delta1	3.86495532366218e-06	1.0722071145312e-05	3.76211900246308e-05
cforex	3.83838715767272e-06	3.1203737247156e-06	2.21301117791946e-06
ccheques_emitidos_rechazados_avg6	3.56233262631127e-06	1.44892115884269e-05	4.42602235583892e-06
mtarjeta_visa_descuentos_lag1	3.37630213578111e-06	4.59701183310052e-05	1.10650558895973e-05
vm_status03_lag1	3.32057888322548e-06	1.93006830343924e-06	1.10650558895973e-05
mprestamos_hipotecarios	3.25795428464669e-06	4.12851807851239e-05	6.63903353375838e-06
Master_Finiciomora	3.08678999231055e-06	6.4119263293563e-05	8.85204471167784e-06
cpagodeservicios_tend6	2.92631944461085e-06	2.01258250351205e-05	8.85204471167784e-06
ctarjeta_visa_delta1	2.91985956778505e-06	3.87333569564735e-05	6.63903353375838e-06
Visa_cadelantosefectivo_lag1	2.78164216956543e-06	2.03503573376058e-05	2.21301117791946e-05
mprestamos_hipotecarios_lag1	2.77329763144477e-06	1.63362882053779e-05	2.21301117791946e-06
vm_Finiciomora_delta1	2.73949667983761e-06	0.000112865055632253	8.85204471167784e-06
Master_cadelantosefectivo_tend6	2.73281122622942e-06	2.59241017396035e-06	4.42602235583892e-06
mcajeros_propios_descuentos_delta1	2.44120740686607e-06	1.46968044918892e-05	4.42602235583892e-06
ctarjeta_master_delta1	2.31870317646349e-06	0.000265505639166237	1.32780670675168e-05
ccajeros_propios_descuentos_delta1	2.24641129532318e-06	7.60783653165166e-06	4.42602235583892e-06
cpayroll2_trx_tend12	2.1335721329732e-06	0.00032129822149847	1.77040894233557e-05
mprestamos_hipotecarios_delta1	2.11499301538136e-06	2.37552902284584e-05	4.42602235583892e-06
Master_cadelantosefectivo	2.09367854423411e-06	1.25249234252165e-06	6.63903353375838e-06
ctarjeta_master_descuentos	2.05213154976066e-06	1.29216918989753e-06	2.21301117791946e-06
mcheques_emitidos_lag1	1.96820286725168e-06	4.18403155866609e-06	4.42602235583892e-06
cpagodeservicios	1.78092727566041e-06	4.23041595330608e-06	2.21301117791946e-06
Visa_Finiciomora_delta1	1.77137125297908e-06	0.000120461750814212	6.63903353375838e-06
cforex_buy_tend6	1.67635873892082e-06	3.61611831115473e-05	8.85204471167784e-06
Visa_madelantopesos_lag1	1.65528071261921e-06	4.88389021896955e-06	1.77040894233557e-05
Master_madelantopesos_tend6	1.59488002772811e-06	2.47299309521071e-05	6.63903353375838e-06
Master_Finiciomora_lag1	1.53258819152311e-06	8.7078970204152e-05	8.85204471167784e-06
Master_cadelantosefectivo_lag1	1.53084476151031e-06	6.55520636015234e-07	2.21301117791946e-06
mpagodeservicios_tend6	1.48183438092968e-06	1.75834372475366e-05	2.21301117791946e-06
mcajeros_propios_descuentos_lag1	1.40018636781216e-06	2.4575884739516e-05	6.63903353375838e-06
mforex_buy_lag1	1.38102863081699e-06	3.7334890195526e-07	2.21301117791946e-06
minversion1_pesos_avg6	1.32935062830387e-06	3.17312460489442e-06	2.21301117791946e-06
cforex_lag1	1.23043256368094e-06	2.85912044314033e-06	4.42602235583892e-06
ccheques_emitidos_delta1	1.10111363738731e-06	2.7568019255521e-06	2.21301117791946e-06
ccheques_emitidos_rechazados_tend6	1.08540510516585e-06	1.81231105841936e-05	2.21301117791946e-06
ccheques_emitidos_rechazados_tend12	1.06475152551441e-06	6.5541149626314e-05	4.42602235583892e-06
Visa_madelantodolares_lag1	9.9893877858795e-07	2.35469015143037e-06	6.63903353375838e-06
Visa_cadelantosefectivo_delta1	9.34160769449524e-07	2.16067150463474e-05	1.99171006012751e-05
vmr_madelantopesos_tend6	9.1448162458416e-07	1.32663916160058e-05	2.21301117791946e-06
cprestamos_hipotecarios_avg6	8.17317447049397e-07	5.42900917450709e-05	2.21301117791946e-06
minversion1_pesos_lag1	7.32654356720427e-07	1.09742294475461e-06	2.21301117791946e-06
cforex_sell	7.01105449992893e-07	7.58112002983695e-06	2.21301117791946e-06
cprestamos_hipotecarios_lag1	6.97678267836221e-07	2.72799357848893e-05	2.21301117791946e-06
Master_delinquency	6.76388843874945e-07	2.60662107918094e-06	1.10650558895973e-05
mcuenta_corriente_adicional_lag1	6.43285044544039e-07	5.15116892435835e-07	2.21301117791946e-06
Visa_madelantodolares_delta1	4.41529019373947e-07	1.10991717262455e-05	1.99171006012751e-05
ccajeros_propios_descuentos_lag1	3.71122370928371e-07	1.48702912228222e-06	2.21301117791946e-06
cinversion1_lag1	3.04935424933101e-07	3.35718424931146e-07	2.21301117791946e-06
ctarjeta_visa_descuentos_lag1	2.91122500475161e-07	1.47770676845751e-06	2.21301117791946e-06
cforex_sell_delta1	2.89984333809081e-07	2.29614122192155e-06	2.21301117791946e-06
Master_madelantodolares_avg6	2.29890058050527e-07	1.37402400396811e-06	4.42602235583892e-06
ccheques_depositados_lag1	1.79528732603827e-07	3.06694072108619e-06	2.21301117791946e-06
vm_madelantopesos_tend6	1.09346474725873e-07	1.24360200021565e-05	2.21301117791946e-06
Master_status_lag1	1.22403717192774e-08	7.709131864064e-07	4.42602235583892e-06
Master_madelantodolares_lag1	5.4965408557657e-09	8.07634165496397e-07	6.63903353375838e-06
ctarjeta_master_lag1	3.0855103051973e-09	6.7939495678582e-07	4.42602235583892e-06
Visa_madelantodolares_tend6	1.5857574919329e-09	2.77499188423445e-06	8.85204471167784e-06
Master_madelantopesos_lag1	6.33939568737952e-10	6.24597706255237e-07	4.42602235583892e-06
cliente_vip_lag1	3.71998633206323e-11	3.50156704635262e-07	2.21301117791946e-06
cseguro_accidentes_personales_delta1	1.47000746568492e-11	7.17934931744052e-07	2.21301117791946e-06
Master_madelantodolares	1.21811183631907e-12	3.03885997237031e-07	2.21301117791946e-06
