Feature	Gain	Cover	Frequency
ctrx_quarter	0.130626979041364	0.00285791600561787	0.00327387090121675
mcuenta_corriente	0.0394121003630297	0.00268657932887144	0.00399566921014642
cpayroll_trx	0.013306933950386	0.000800069514647106	0.00028356362136523
mprestamos_personales	0.0132661621453206	0.00735270036723954	0.00198494534955661
mpasivos_margen	0.0123705605184316	0.00371502469556642	0.00386677665498041
mpayroll_sobre_edad	0.0122827640370786	0.000811575819910559	0.000309342132398433
ctrx_quarter_normalizado	0.012232665796294	0.0015967551867098	0.00206228088265622
vmr_msaldopesos_avg6	0.0115279843391433	0.00084142581856953	0.00128892555166014
ccomisiones_mantenimiento_tend6	0.0094837467860249	0.00356316940634444	0.00149515363992576
mcuentas_saldo	0.00812655526400376	0.00517374172876026	0.00456279645287688
mcomisiones_avg12	0.00691900463783513	0.00308016154111848	0.00304186430191792
cdescubierto_preacordado_avg12	0.00689304773145156	0.0011925772379946	0.000799133842029284
mcaja_ahorro	0.00688434233160553	0.00270837125148691	0.00386677665498041
cpayroll_trx_avg6	0.00636142621043395	0.000971564795170073	0.000360899154464838
numero_de_cliente	0.00575867071049561	0.00769089117042223	0.00977005568158383
mcuenta_corriente_avg12	0.00527682933432292	0.00532015546122435	0.00585172200453702
mcomisiones_otras_avg6	0.00524754726059008	0.0026200115222129	0.0028356362136523
mprestamos_personales_avg6	0.00473829908446716	0.000930134358011314	0.000438234687564446
mcomisiones_otras_avg12	0.00459596130995883	0.00240624848291759	0.00296452876881831
mtarjeta_visa_consumo	0.00455645794093193	0.000934741251319475	0.00113425448546092
cpayroll_trx_lag1	0.00425366109692787	0.000286901826997572	0.000206228088265622
ctrx_quarter_tend12	0.00403831392126773	0.00548239767337628	0.005722829449371
vm_status06_avg6	0.00400055687707955	3.10305187610817e-05	2.57785110332027e-05
mrentabilidad_annual_tend12	0.00392898540789893	0.00538957931726678	0.00621262115900186
mactivos_margen_avg12	0.00391922429328776	0.00457654918637729	0.00445968240874407
Master_Fvencimiento_avg12	0.00388827612759637	0.00454799194140532	0.00605795009280264
cmobile_app_trx_avg12	0.00383994318793747	0.00452398074732444	0.00523303773974015
ccomisiones_otras_tend12	0.00380806562915202	0.0048538532697576	0.00592905753763663
cliente_edad_avg6	0.003726585396914	0.00552340428107632	0.00598061455970303
mrentabilidad_annual_avg12	0.00359186224299237	0.00443241586314722	0.00518148071767375
mcuenta_corriente_tend6	0.00354420534488871	0.00492226436537218	0.00479480305217571
mcuentas_saldo_tend12	0.00349848558883964	0.00563072262565042	0.00500103114044133
ctarjeta_visa_transacciones_tend12	0.00347534233184592	0.00155241140196855	0.00198494534955661
mcuenta_corriente_avg6	0.00342657638833063	0.00514261876496741	0.00512992369560734
azar	0.00342445140231501	0.00685269915585521	0.00783666735409363
cliente_edad_avg12	0.0034100799533265	0.00497898308425362	0.00580016498247061
mcomisiones_mantenimiento_tend12	0.00339127509057489	0.00427583288183756	0.00345432047844917
Master_Fvencimiento_avg6	0.00335084328793281	0.00336316531850193	0.00415034027634564
chomebanking_transacciones_avg6	0.00332491159645102	0.00224082740214944	0.00435656836461126
mcuenta_corriente_tend12	0.00326317166355397	0.00463743147590658	0.00502680965147453
vm_status01_tend6	0.00321783252830586	0.000342498210030119	0.000128892555166014
vm_msaldopesos	0.00321372467366928	0.000487286327622552	0.000902247886162095
chomebanking_transacciones_avg12	0.00321069749432229	0.00376573330597705	0.00528459476180656
cliente_edad_lag1	0.00320539194162091	0.00454632615872433	0.00533615178387296
mrentabilidad_tend12	0.00319001065315182	0.00525011343441041	0.00502680965147453
cliente_edad	0.00318176266876396	0.00386609110082725	0.00520725922870695
chomebanking_transacciones_tend12	0.00317633531160029	0.00433895718490078	0.00556815838317179
Visa_fechaalta	0.00316479513340215	0.0025436643307405	0.00348009898948237
mactivos_margen_tend12	0.00316330437451812	0.0034957143636622	0.00507836667354094
Master_Fvencimiento	0.00315817522187446	0.00314858829036464	0.00430501134254485
ctransferencias_recibidas_avg12	0.00314004077773958	0.00309646583213595	0.0047690245411425
Visa_Fvencimiento_avg6	0.00309833106028853	0.00315785612631263	0.00451123943081048
mactivos_margen_tend6	0.00294996013341185	0.00350617660123464	0.00420189729841204
ctransferencias_emitidas_avg12	0.00294090344397581	0.00160684941626443	0.00234584450402145
ctransferencias_recibidas_avg6	0.0028985515319886	0.00233524626824977	0.00394411218808002
mcomisiones_mantenimiento_tend6	0.00287477624142464	0.00256373878415562	0.00244895854815426
mcaja_ahorro_avg6	0.00287143209875773	0.00353834599553081	0.00371210558878119
mrentabilidad_annual_lag1	0.00284703969569733	0.00250045203774586	0.00319653536811714
vm_fechaalta	0.00282774520894724	0.00214245820921255	0.00335120643431635
thomebanking_avg12	0.00279054852145826	0.00398335334102253	0.00538770880593937
mcuentas_saldo_tend6	0.00278100996100855	0.00316362906749748	0.00412456176531244
ccallcenter_transacciones_avg12	0.00277741538760262	0.00300990479373556	0.00304186430191792
vm_Fvencimiento_avg6	0.00275711353580142	0.00418782786976211	0.00445968240874407
ctransferencias_recibidas_tend12	0.00273779660553815	0.00296297609232339	0.00404722623221283
mrentabilidad_annual_delta1	0.0027358023866986	0.00454346390695812	0.00507836667354094
mtransferencias_recibidas_avg12	0.0027285999233517	0.00346069984798909	0.00417611878737884
mcuentas_saldo_delta1	0.00271457730950998	0.00271968853176528	0.00299030727985152
ctrx_quarter_tend6	0.00271343849340226	0.00248938137600269	0.00409878325427923
Master_mlimitecompra_tend12	0.00270675526946301	0.00204067504783426	0.00373788409981439
mrentabilidad_annual_tend6	0.00269034988361445	0.00561934716111883	0.00528459476180656
mcuentas_saldo_lag1	0.00267580801042423	0.00304265809802469	0.0028614147246855
mcaja_ahorro_tend12	0.00267491461512986	0.0030036146920056	0.00425345432047845
mactivos_margen_avg6	0.00267273990328738	0.00446571940735385	0.00360899154464838
mcuenta_corriente_lag1	0.00264044667289605	0.00260604464327652	0.00353165601154877
cproductos_tend6	0.00263357171453933	0.00246727283653722	0.00118581150752733
mpayroll	0.00261363919785339	0.00127418552643445	0.000360899154464838
ccomisiones_otras_avg12	0.0025988596559498	0.00345649256531344	0.00402144772117962
thomebanking_tend12	0.00259511444489568	0.00573545871171746	0.00464013198597649
mrentabilidad_avg12	0.00257072682026476	0.0022725859624546	0.00270674365848629
Visa_Fvencimiento	0.00253453933335698	0.00381917923445281	0.00484636007424211
cliente_antiguedad	0.00253137055793652	0.00413471746063485	0.00497525262940813
mcomisiones_tend12	0.00252123123275253	0.00252692764506967	0.00366054856671479
mcomisiones_mantenimiento_avg6	0.00251965864655595	0.0021254831748496	0.00247473705918746
Visa_cconsumos_avg6	0.00250774844988282	0.00118970346751836	0.00257785110332027
mactivos_margen_delta1	0.00249311611880239	0.00358961784132665	0.00368632707774799
chomebanking_transacciones_tend6	0.00249264815378454	0.00272342827295441	0.00355743452258198
mrentabilidad	0.00248348768773363	0.00287178541854632	0.00335120643431635
mcaja_ahorro_lag1	0.00247943119648148	0.00171571510755231	0.00293875025778511
mcaja_ahorro_avg12	0.00247725254772566	0.0025356538062948	0.00386677665498041
Master_fechaalta_avg6	0.00247454277394374	0.00263588814420163	0.00368632707774799
vm_Fvencimiento	0.00245390508815817	0.0026369153768549	0.00425345432047845
ccomisiones_otras_avg6	0.00244103885331011	0.00208581391891899	0.00332542792328315
ctrx_quarter_delta1	0.00242918845349482	0.00185488150394795	0.00252629408125387
mrentabilidad_annual_avg6	0.00240645542165155	0.00540847709014981	0.00389255516601361
Visa_fechaalta_avg6	0.00238532161042125	0.00246191191074953	0.00332542792328315
mpasivos_margen_avg12	0.00237007170072506	0.00259699300465521	0.00384099814394721
ccomisiones_mantenimiento_avg12	0.00236259381805394	0.00441185526109861	0.00332542792328315
mrentabilidad_tend6	0.00235714243396645	0.0025163649879739	0.00337698494534956
mpasivos_margen_tend12	0.00235568558905847	0.0026710033747496	0.0037894411218808
mcaja_ahorro_tend6	0.00234367342024209	0.00243760329766869	0.00353165601154877
vm_Fvencimiento_lag1	0.00232390494133441	0.00417093435242397	0.00402144772117962
Master_mfinanciacion_limite_avg12	0.0023195103377305	0.00201259597700422	0.00299030727985152
mcomisiones_otras_tend12	0.00231460052761365	0.0017883724722457	0.00332542792328315
vmr_mpagominimo_avg6	0.00231203593909183	0.00156604630577489	0.00175293875025779
cliente_edad_tend12	0.00230409560360286	0.00482006121410517	0.00461435347494329
mcomisiones_otras_tend6	0.00230257101121808	0.00221662541097425	0.00345432047844917
mcuentas_saldo_avg12	0.00229623393115038	0.00377895087805852	0.00415034027634564
cliente_antiguedad_avg6	0.00228939070326427	0.00330920872721492	0.00345432047844917
mactivos_margen	0.00228442991452729	0.00210718319348188	0.00273252216951949
Visa_mpagospesos_tend6	0.00228426267201398	0.00266540321421517	0.00304186430191792
Master_Fvencimiento_lag1	0.00227043034170535	0.00306853000680242	0.00415034027634564
mtarjeta_visa_consumo_tend12	0.00223040802192185	0.00314515335196395	0.00270674365848629
mrentabilidad_delta1	0.00222087413118778	0.00336045133320839	0.00340276345638276
mcaja_ahorro_dolares_avg12	0.00219420766169947	0.00169107304258373	0.00288719323571871
mcuentas_saldo_avg6	0.00218967021315985	0.0023989202205274	0.00345432047844917
ctrx_quarter_normalizado_tend6	0.0021822723567302	0.00195872503766358	0.00329964941224995
Visa_Fvencimiento_lag1	0.00216670983989938	0.00239528710124393	0.00371210558878119
mrentabilidad_avg6	0.00215156759321564	0.00344925615725194	0.0037894411218808
Visa_fechaalta_lag1	0.00214057484090938	0.00253292800693969	0.00319653536811714
Master_fechaalta_lag1	0.0021362821049828	0.00286927404440865	0.00327387090121675
mpasivos_margen_avg6	0.00213399326168268	0.00252188599429583	0.00306764281295112
vm_msaldototal	0.00213073420669235	0.000454353449597598	0.000644462775830068
mtransferencias_emitidas_avg12	0.00212793488248874	0.00177092458006852	0.00278407919158589
cliente_antiguedad_avg12	0.00211824860733334	0.00322605545487361	0.00417611878737884
ctrx_quarter_avg12	0.00211557009315743	0.00310288766065238	0.00391833367704681
cmobile_app_trx_tend12	0.00210305843353362	0.00257461746739832	0.00309342132398433
mcomisiones_mantenimiento_avg12	0.00210181029043511	0.00431313725799394	0.00407300474324603
Master_fechaalta	0.00206998740681957	0.00161332293130022	0.00309342132398433
Master_fultimo_cierre_avg12	0.00206871115276214	0.00440146006832556	0.00358321303361518
mttarjeta_visa_debitos_automaticos_avg12	0.00206053210069025	0.00108379335908308	0.001907609816457
mcuenta_corriente_delta1	0.00204959437176735	0.00487075741975115	0.0037636626108476
ctarjeta_debito_avg12	0.00204592299817584	0.00181161959189472	0.00299030727985152
mcomisiones_otras	0.00202184436179068	0.0021336806568196	0.00275830068055269
mtransferencias_recibidas_avg6	0.00201796225260192	0.0011894730933178	0.00314497834605073
mpasivos_margen_tend6	0.00201065788264243	0.00221744087657393	0.00319653536811714
mtransferencias_recibidas_tend12	0.00200109361833198	0.00328326416195855	0.00332542792328315
ctarjeta_visa_transacciones	0.00198456656928768	0.00136576458748555	0.00121159001856053
ccomisiones_otras_tend6	0.00195891125134297	0.00308418452443368	0.00368632707774799
Master_mlimitecompra_avg12	0.00191423326368786	0.00201507811133951	0.0028614147246855
mcomisiones_tend6	0.00191401904256968	0.00193049681430625	0.00350587750051557
cproductos_delta1	0.00186726535543252	0.000432999533314738	0.000128892555166014
cliente_antiguedad_lag1	0.00184212994412127	0.00233894436487187	0.00288719323571871
Visa_mpagominimo	0.00184171470795866	0.000882533141144424	0.00183027428335739
ccallcenter_transacciones_tend12	0.00183646401338662	0.00369082890677355	0.00219117343782223
Master_mfinanciacion_limite_tend12	0.00182677840840088	0.00322600494976041	0.00342854196741596
mautoservicio	0.00180833625576861	0.00122933107888196	0.00131470406269334
Visa_mlimitecompra_tend6	0.00179458658334539	0.00191266142090967	0.00265518663641988
Visa_mconsumospesos_tend6	0.00178422788460916	0.00193028120768265	0.00244895854815426
chomebanking_transacciones	0.00177567299881399	0.00220356378450546	0.00311919983501753
ccomisiones_mantenimiento_tend12	0.00174966763217051	0.00912831099482873	0.00355743452258198
mprestamos_personales_tend12	0.00172047181644466	0.00245357029722841	0.00105691895236131
ccaja_seguridad	0.00171987184850192	0.00110336807769391	0.000257785110332027
mautoservicio_avg12	0.00169979259737503	0.00133993934425101	0.00255207259228707
mpasivos_margen_lag1	0.00169477089965678	0.00241199188894852	0.00360899154464838
Visa_mpagominimo_avg6	0.00169442294282662	0.000965400513195805	0.00201072386058981
Visa_mpagado_avg6	0.00168293136919264	0.000913381428005831	0.00213961641575583
mtransferencias_recibidas_tend6	0.00168103041914777	0.00243632442550403	0.00257785110332027
mrentabilidad_annual	0.00166644255464523	0.00469690316648473	0.00335120643431635
mcomisiones_avg6	0.00166385189214253	0.00167056176424216	0.00175293875025779
vm_mfinanciacion_limite_tend6	0.00166137396989312	0.00173721847171399	0.00244895854815426
vm_cconsumos_avg6	0.00163942501700675	0.0012287864506437	0.00164982470612497
mcaja_ahorro_dolares_tend12	0.0016371585132796	0.00211121267453094	0.00175293875025779
Visa_mpagominimo_tend6	0.00162249985394594	0.00115851286822305	0.0019333883274902
mcomisiones_lag1	0.00161250534614909	0.00152003585229804	0.00229428748195504
cprestamos_personales	0.00160406690203789	0.000527704004353456	0.000309342132398433
ctrx_quarter_avg6	0.00159457202391576	0.00197409483641107	0.00268096514745308
ctransferencias_recibidas_tend6	0.0015923119496425	0.00231193269450444	0.00244895854815426
ctrx_quarter_normalizado_avg6	0.00157891587965188	0.00222080138638674	0.0028356362136523
mcomisiones_mantenimiento	0.00157330460872825	0.00215274087304917	0.00159826768405857
mactivos_margen_lag1	0.0015649625592124	0.00230037381666701	0.00288719323571871
ccajas_consultas_tend6	0.0015568762869077	0.00358817445835467	0.000928026397195298
cproductos_avg12	0.0015553473430901	0.00215805247512982	0.0028614147246855
mrentabilidad_lag1	0.00155373955513648	0.0018657312427398	0.00260362961435348
vm_mlimitecompra_tend6	0.00153653249266311	0.00191992116174276	0.00257785110332027
Visa_msaldopesos_avg6	0.00151406170974566	0.000748030936255545	0.00123736852959373
vm_fechaalta_avg6	0.00151356772496778	0.00149513801289653	0.00252629408125387
ccomisiones_mantenimiento_avg6	0.00150518887447297	0.00229735207506964	0.00159826768405857
Master_mlimitecompra_tend6	0.00150262137202812	0.00207596276368111	0.00216539492678903
vmr_mpagado_avg6	0.00149284184478363	0.0022716414282323	0.00221695194885543
cdescubierto_preacordado_tend12	0.00147742695936703	0.00273601172528126	0.000618684264796865
mcomisiones	0.0014749271252133	0.00252451639510379	0.00257785110332027
Visa_mpagospesos_delta1	0.00147456885404217	0.00183078022764762	0.00232006599298825
vm_fechaalta_lag1	0.00145657233238762	0.00185529942637589	0.00257785110332027
ctrx_quarter_normalizado_delta1	0.00145111732651172	0.00149936065385221	0.00211383790472262
mpasivos_margen_delta1	0.00145003480689253	0.00206147340787192	0.00255207259228707
Visa_mpagospesos_lag1	0.00144261972448091	0.00127331158123001	0.00203650237162302
mcomisiones_otras_lag1	0.00143862586604226	0.00124535035566411	0.00219117343782223
tcallcenter_tend6	0.0014309370698917	0.00147033941161219	0.000618684264796865
Visa_msaldopesos	0.00142129176158288	0.00128583832606134	0.00141781810682615
mttarjeta_visa_debitos_automaticos_avg6	0.0014042274241992	0.000807432333167374	0.00164982470612497
Visa_mlimitecompra	0.00138183495570481	0.00095738290031317	0.00172716023922458
cmobile_app_trx_avg6	0.001365965657489	0.00186716399305637	0.00257785110332027
Visa_msaldototal	0.0013603895763486	0.000587505011897798	0.00131470406269334
Master_mfinanciacion_limite_tend6	0.00135163929997863	0.00227030348575981	0.00247473705918746
cproductos	0.00135108332887745	0.00142643186109431	0.00126314704062693
Visa_mfinanciacion_limite_tend6	0.00134321269533754	0.00152401157936696	0.00213961641575583
ccuenta_debitos_automaticos_avg12	0.00133691075474383	0.00116136153381846	0.00141781810682615
vmr_msaldopesos2_tend6	0.00133630862269736	0.00159694184888257	0.00206228088265622
Master_Fvencimiento_tend12	0.00133072900456652	0.00269938606696191	0.00268096514745308
Master_fultimo_cierre_tend12	0.00132473788308593	0.00677762965514131	0.00278407919158589
ctarjeta_visa_debitos_automaticos_tend12	0.0013097424647307	0.00203395018863862	0.00159826768405857
mextraccion_autoservicio_avg12	0.00129238128736207	0.000790709824370427	0.00159826768405857
Visa_mconsumospesos_avg6	0.00128182337000972	0.00124769101661213	0.00208805939368942
ctarjeta_debito_transacciones_avg12	0.00127039025572422	0.00100105121608431	0.001907609816457
mttarjeta_visa_debitos_automaticos_tend12	0.00126929154329549	0.00166594719179398	0.00170138172819138
active_quarter_avg12	0.00126795269390179	0.00488530259700124	0.00317075685708394
Master_mfinanciacion_limite_delta1	0.00126552849764518	0.00104825991075563	0.0018818313054238
Visa_msaldototal_tend6	0.00126514368215122	0.00082280154121179	0.00139203959579295
cproductos_avg6	0.00126085889449911	0.00146361661987733	0.00201072386058981
Visa_cconsumos_tend6	0.00125619378862944	0.00117111167882993	0.001907609816457
Visa_mconsumospesos_lag1	0.00124136274663136	0.000976115276334251	0.0019333883274902
vmr_Master_mlimitecompra_lag1	0.0012352787585169	0.0011867933688028	0.00146937512889256
Visa_mconsumosdolares_avg6	0.001234470324526	0.000573865087115294	0.00123736852959373
Visa_msaldopesos_delta1	0.00123203622948017	0.000899553659644407	0.00134048257372654
Master_mfinanciacion_limite	0.00122580383629656	0.00121518580761591	0.00183027428335739
ctarjeta_visa_debitos_automaticos_avg12	0.00121831345028565	0.000948897745944009	0.00152093215095896
mtransferencias_recibidas	0.00121661301131218	0.00136857101781085	0.001907609816457
thomebanking_avg6	0.00121491751539784	0.00113778982282788	0.00237162301505465
cproductos_tend12	0.00121265703905162	0.00291625413698864	0.0018560527943906
mcuenta_debitos_automaticos	0.00121240159439288	0.00141547550039681	0.00056712724273046
ctarjeta_debito_transacciones_avg6	0.00120776402015804	0.000804589574602747	0.00180449577232419
mcaja_ahorro_dolares	0.00119947018221891	0.00204153274870404	0.001907609816457
Visa_mfinanciacion_limite	0.00119542357613035	0.00112336396759961	0.00195916683852341
mpagomiscuentas_avg12	0.00119508280919377	0.00140007114551923	0.00141781810682615
Master_mfinanciacion_limite_lag1	0.00119505374050461	0.000768925876246517	0.00141781810682615
tcallcenter_avg12	0.0011947828610827	0.00102813170336037	0.00144359661785935
Visa_mlimitecompra_lag1	0.00119262386709687	0.000897632693233567	0.00164982470612497
vmr_Visa_mlimitecompra_lag1	0.00116399524352834	0.000943181807606219	0.00146937512889256
Visa_mfinanciacion_limite_lag1	0.00116388600785466	0.000775237243287298	0.00164982470612497
mcomisiones_otras_delta1	0.00116156442564985	0.00170042918864194	0.00229428748195504
vmr_msaldopesos2_avg6	0.00116117524521141	0.000808190500568455	0.00144359661785935
vm_mpagospesos_tend6	0.00116084414556644	0.00119554876983032	0.00159826768405857
Visa_mlimitecompra_avg6	0.00115933856637866	0.00146564125467842	0.0018560527943906
Visa_msaldopesos_tend6	0.00115665961638456	0.000996730223066078	0.00157248917302537
Visa_fultimo_cierre_avg6	0.00115532056178437	0.00184595509437925	0.00195916683852341
mcuenta_debitos_automaticos_tend12	0.00114600330737368	0.00266343440085498	0.00128892555166014
mtransferencias_emitidas_tend12	0.00114164112968522	0.00182933979819103	0.00141781810682615
chomebanking_transacciones_lag1	0.00113993323576856	0.00125794709881022	0.00229428748195504
vmr_Visa_mlimitecompra	0.0011338923993487	0.0015849771580303	0.00175293875025779
mcaja_ahorro_dolares_avg6	0.00112061545586125	0.00163796706372957	0.00170138172819138
vm_status04_delta1	0.00111069563143833	0.000822747787231659	0.000180449577232419
Visa_mpagominimo_delta1	0.00110698487108595	0.000998924094299122	0.00136626108475974
ccomisiones_mantenimiento_delta1	0.00110316382953944	0.000543388352490178	0.000180449577232419
ctransferencias_emitidas_avg6	0.00110163443492982	0.000911651849392381	0.00146937512889256
ccomisiones_otras	0.001101293257823	0.00156954149588957	0.00164982470612497
mcaja_ahorro_dolares_lag1	0.00109841557386418	0.000790536453016927	0.00144359661785935
vmr_Master_mlimitecompra_avg6	0.00109313481817425	0.00179008462511834	0.00157248917302537
ctrx_quarter_lag1	0.0010922841326193	0.00141903537249857	0.00203650237162302
mcomisiones_delta1	0.00107388777094757	0.00142819097486168	0.00216539492678903
cextraccion_autoservicio_tend12	0.00106972860064558	0.00220456650298098	0.00159826768405857
vmr_Visa_mlimitecompra_avg6	0.00106930256674804	0.00127171284334842	0.00141781810682615
vm_mpagominimo_avg6	0.00106442627839772	0.000935075589261829	0.00149515363992576
Master_status	0.00105929447337677	0.000157119635056361	5.15570220664054e-05
Visa_mfinanciacion_limite_delta1	0.00105726114928986	0.00188731376111399	0.00244895854815426
tcallcenter_avg6	0.00105725876317423	0.000345832728907484	0.000515570220664054
mcaja_ahorro_delta1	0.00105431558059299	0.0015284923575679	0.0019333883274902
vm_status01	0.00104999618617233	0.000706388141340114	0.000206228088265622
vmr_msaldopesos2_delta1	0.00104739041175829	0.00143692511057837	0.00157248917302537
vm_fultimo_cierre_avg6	0.00104604697370803	0.00107813147007696	0.00167560321715818
ccajas_consultas	0.00103403803827609	0.000949533637807868	0.000232006599298825
Master_mconsumospesos_avg12	0.0010279313767681	0.00175216680381507	0.00105691895236131
vm_mconsumospesos_avg6	0.00102682716543834	0.000518743038654673	0.000876469375128893
Visa_cconsumos_lag1	0.00102510367034523	0.00049407143853218	0.00110847597442772
mtransferencias_emitidas_avg6	0.00101825480871112	0.000652259360105763	0.00139203959579295
Visa_mconsumototal_avg6	0.00101057047977067	0.000986516376138085	0.00195916683852341
Visa_mlimitecompra_delta1	0.00100367228944383	0.00126826018385538	0.00167560321715818
cextraccion_autoservicio_avg12	0.000995835065715792	0.000975699716718622	0.00159826768405857
mcuenta_debitos_automaticos_avg12	0.000992358787432023	0.000616842280284749	0.00100536193029491
ccajas_transacciones_avg12	0.000991663541443872	0.00103806555702922	0.00128892555166014
Visa_mpagospesos_avg6	0.000990842026980755	0.000962575475723529	0.00149515363992576
Visa_msaldopesos_lag1	0.000986442056754193	0.000895875942278512	0.00116003299649412
mcaja_ahorro_dolares_delta1	0.000985835494056959	0.00183956427777443	0.00113425448546092
catm_trx_avg12	0.000983958760571271	0.000657912388565707	0.00118581150752733
cliente_edad_tend6	0.000979069831391452	0.00172966869566942	0.00213961641575583
mautoservicio_avg6	0.000973442082104116	0.000794456063293412	0.00146937512889256
thomebanking_tend6	0.000958740931980731	0.00243135424980268	0.00162404619509177
mautoservicio_tend12	0.000954004112489255	0.00157110538228954	0.00157248917302537
cprestamos_personales_tend12	0.000953892707982649	0.00283135474634769	0.000953804908228501
ctarjeta_debito_avg6	0.00095088692335784	0.00140703996508623	0.00175293875025779
active_quarter_avg6	0.000949656895729337	0.00260212503300003	0.00232006599298825
Visa_mpagospesos	0.000939790179702323	0.000771552437484463	0.00146937512889256
ctarjeta_visa_transacciones_avg12	0.000938202221430058	0.00177604243153947	0.00180449577232419
Visa_mfinanciacion_limite_avg6	0.000931579791524412	0.00164754915371525	0.0018818313054238
Visa_mpagado_tend6	0.000925966813288256	0.00081986958648233	0.00131470406269334
ctransferencias_emitidas_tend12	0.000923862042296117	0.000871066708338761	0.00110847597442772
vm_Fvencimiento_tend6	0.00091948431287085	0.0024900364657166	0.00157248917302537
Visa_mconsumospesos_delta1	0.000912778345052272	0.000492270680197788	0.00170138172819138
Master_mfinanciacion_limite_avg6	0.000910068502182799	0.000856827219931716	0.00146937512889256
Master_mlimitecompra_delta1	0.000908633353965917	0.00113384806118595	0.00183027428335739
vm_status01_avg6	0.000908408015671898	0.00059127783245931	0.000257785110332027
Master_msaldopesos_avg12	0.000905983870499864	0.000519795671540318	0.000696019797896474
Visa_cconsumos	0.00090235759353641	0.00068724522667957	0.00110847597442772
mtarjeta_visa_consumo_tend6	0.000898409680460993	0.00116942906111121	0.00103114044132811
matm_avg12	0.000890027658402216	0.00106104833705067	0.00146937512889256
mtarjeta_visa_consumo_lag1	0.000888367985680583	0.000294161567830666	0.000541348731697257
mpagomiscuentas_tend12	0.000886702861164862	0.00102853869778137	0.000928026397195298
mtransferencias_recibidas_lag1	0.000880776456675628	0.00077841404444274	0.00146937512889256
vm_msaldopesos_avg6	0.000879381242436929	0.000375313538142478	0.000799133842029284
thomebanking	0.000877953923777524	0.000529597503071152	0.000618684264796865
cprestamos_personales_avg12	0.000875646578247078	0.00298282460181103	0.00121159001856053
Visa_mconsumospesos	0.000870752009278195	0.000616509123748552	0.00146937512889256
vm_msaldototal_avg6	0.000869401432377926	0.000685784122615236	0.000953804908228501
tcallcenter_tend12	0.000867757455782437	0.00229003031041331	0.00139203959579295
mprestamos_personales_tend6	0.000863043142384816	0.0017611567139647	0.000824912353062487
vmr_mpagospesos_tend6	0.000860897761389102	0.000846906066379053	0.00105691895236131
ccajas_transacciones_tend12	0.000858908882441907	0.00218517962794907	0.00123736852959373
ccomisiones_otras_lag1	0.000849642065282709	0.000659571673512831	0.00131470406269334
vmr_msaldopesos_lag1	0.000844338370605067	0.000870712286491742	0.000902247886162095
Visa_mconsumototal_delta1	0.000840078767923889	0.000478351943562295	0.000928026397195298
mextraccion_autoservicio_tend12	0.000838411038368652	0.00218127596665571	0.00123736852959373
vm_mpagospesos_avg6	0.000837398585365749	0.000816338954182948	0.00121159001856053
vm_mpagominimo_tend6	0.000829233770379463	0.000733520610487071	0.00105691895236131
chomebanking_transacciones_delta1	0.000827698836336912	0.00207684379732249	0.001907609816457
vmr_msaldopesos2_lag1	0.00082444537872374	0.000774357686403614	0.00149515363992576
ctrx_quarter_normalizado_lag1	0.000817561583610574	0.000849028757891154	0.00144359661785935
mttarjeta_visa_debitos_automaticos_tend6	0.000814653898092635	0.00102931370022018	0.000876469375128893
ctarjeta_visa_transacciones_tend6	0.000813447088635019	0.00120756928212348	0.00108269746339451
vm_mpagado_avg6	0.000809642832531679	0.00100625708231393	0.00134048257372654
vmr_mconsumospesos_avg6	0.000804373998603212	0.000487138651852961	0.00128892555166014
catm_trx_tend12	0.000803201474987609	0.00243733009749495	0.000979583419261703
ctarjeta_debito_transacciones_tend12	0.000799771552900396	0.0012100614584111	0.00128892555166014
matm_other_avg12	0.000799576322159112	0.00188099058001164	0.00126314704062693
vm_msaldototal_tend6	0.000793043697851626	0.000663704527600605	0.000953804908228501
Visa_mpagominimo_lag1	0.000790308613989766	0.00093013583476901	0.00172716023922458
mv_status07_delta1	0.000789778614378029	0.00246729055762957	0.000541348731697257
Visa_mconsumototal_tend6	0.000785403156891561	0.000995658687681926	0.00121159001856053
cpayroll_trx_avg12	0.000784098383781145	0.00122657160945138	0.000902247886162095
vmr_mpagospesos	0.000781804072735338	0.00131730537439733	0.00110847597442772
mtarjeta_visa_consumo_avg12	0.000777911858303491	0.0017989179989522	0.00164982470612497
vm_mlimitecompra_delta1	0.00077773803026565	0.000830430471468862	0.00144359661785935
mtransferencias_emitidas_tend6	0.000777084555427221	0.000692508981810872	0.00103114044132811
vm_mfinanciacion_limite_avg6	0.000765125029706458	0.000528281416612557	0.000928026397195298
vmr_msaldototal_tend6	0.000762000489055933	0.00102640655502001	0.00103114044132811
mcomisiones_mantenimiento_delta1	0.000757752355914302	0.00323836363956595	0.00157248917302537
vmr_Master_mlimitecompra	0.000753846476311133	0.00214926872035455	0.00172716023922458
Master_mlimitecompra_avg6	0.000752892691437311	0.000625405702811793	0.00110847597442772
ccajas_consultas_avg12	0.000752143184484732	0.00207718197483485	0.00128892555166014
mcuenta_debitos_automaticos_lag1	0.000746486647686806	0.00056936747387663	0.000515570220664054
active_quarter_tend12	0.000741125547921237	0.00549152639874932	0.00229428748195504
Master_fultimo_cierre_avg6	0.000740632855315613	0.000819845072304578	0.00110847597442772
Visa_mconsumosdolares_tend6	0.000736769667344187	0.000503886265530738	0.000824912353062487
vmr_msaldototal_avg6	0.000732192528131572	0.000641340213702203	0.000979583419261703
vm_msaldopesos_tend6	0.000729303508950126	0.000794546145512862	0.000953804908228501
mtransferencias_recibidas_delta1	0.000721624907509215	0.00104883702766319	0.00118581150752733
vmr_mpagospesos_avg6	0.000717142429742994	0.000550234896519957	0.00105691895236131
Visa_msaldototal_delta1	0.000715153200971507	0.000399576076383203	0.000876469375128893
vmr_mpagospesos_lag1	0.000706656154071969	0.000674450598002204	0.00105691895236131
cproductos_lag1	0.000705490562174263	0.00155374343741026	0.00105691895236131
vm_mpagominimo	0.000701409492679066	0.000474076139329557	0.000928026397195298
foto_mes	0.00069865822912451	0.00247797283209871	0.00100536193029491
vmr_msaldototal	0.000698393427397944	0.000499621980008028	0.00085069086409569
Master_msaldototal_tend12	0.000698293871497693	0.000753389794582464	0.000670241286863271
vm_fultimo_cierre_tend6	0.000697314966351936	0.00174905527534979	0.00116003299649412
cpagomiscuentas_avg12	0.000696807217502531	0.000528752206966013	0.00105691895236131
vmr_mpagominimo_tend6	0.000692406097278873	0.0017364292924013	0.00123736852959373
Master_cconsumos_avg6	0.000680923166717482	0.000515839733024514	0.000644462775830068
vm_mfinanciacion_limite	0.000668632397556417	0.000805373437587737	0.00116003299649412
vmr_mpagominimo	0.000665101514606768	0.00129200969647255	0.00123736852959373
catm_trx_tend6	0.000664053495677275	0.000913449063508303	0.000696019797896474
mpayroll_tend12	0.000658016087224765	0.000945395467392389	0.000592905753763663
vm_mconsumospesos	0.000655882935000629	0.000402907937096716	0.000747576819962879
vmr_mconsumospesos_tend6	0.000655275002249638	0.000604808477172317	0.000979583419261703
Visa_msaldototal_lag1	0.000655274665655559	0.000569026933551953	0.000979583419261703
ctarjeta_visa_debitos_automaticos_avg6	0.000651271790170023	0.000282600031829386	0.000747576819962879
vmr_msaldopesos	0.000649452611497762	0.000619770690795739	0.000928026397195298
tcallcenter	0.00064573812768251	0.000249759303484657	0.000154671066199216
Master_msaldopesos_tend12	0.000645362060446028	0.00184881173446622	0.000953804908228501
ccuenta_debitos_automaticos_tend12	0.000643214874309447	0.00144016807047859	0.000592905753763663
ccuenta_debitos_automaticos_avg6	0.00064204982664381	0.000251605841307623	0.000644462775830068
vmr_msaldopesos_tend6	0.000641893754418438	0.0006016009594568	0.00085069086409569
Visa_msaldototal_avg6	0.000636478948216603	0.000388597564320268	0.000747576819962879
ccaja_ahorro	0.000635623567006093	0.00158623742304799	0.000386677665498041
cpagomiscuentas_tend12	0.000628704710635591	0.000978421676503723	0.000696019797896474
cmobile_app_trx_tend6	0.00062474961108356	0.00190373589739559	0.00134048257372654
Master_mpagospesos_tend12	0.000623480890494083	0.00191755628196853	0.000902247886162095
mpagomiscuentas_avg6	0.000620302445740119	0.000394488941472332	0.000696019797896474
cforex_tend12	0.000619534819113795	0.00114596456272936	0.000721798308929676
vm_cconsumos	0.000618591311745021	0.000392570928576884	0.000696019797896474
mcheques_depositados_avg12	0.000618037255864544	0.00123728903075368	0.000309342132398433
cextraccion_autoservicio_avg6	0.00061795690584884	0.000399604134779425	0.000670241286863271
cprestamos_personales_tend6	0.000616178531104703	0.00139131367703095	0.00056712724273046
vmr_msaldototal_lag1	0.000614806549115995	0.00070752347265673	0.000876469375128893
vm_mconsumosdolares_avg6	0.000607000730614356	0.00093102779641734	0.000696019797896474
mcuenta_debitos_automaticos_avg6	0.000598393192290646	0.000555193553511284	0.000824912353062487
mpayroll_tend6	0.000593647707813352	0.000748202240148271	0.000412456176531244
vm_cconsumos_tend6	0.000593292361478298	0.00121480598553652	0.00108269746339451
vmr_msaldopesos2	0.000589540727715402	0.00105328679395251	0.00141781810682615
mautoservicio_tend6	0.000587554238947826	0.00054709590036153	0.000592905753763663
cpagomiscuentas_tend6	0.000587027432350915	0.000901775589273673	0.000696019797896474
Master_msaldopesos_tend6	0.000584108939122095	0.000742789037138143	0.000515570220664054
vm_mfinanciacion_limite_delta1	0.000581635896866721	0.00074819544706287	0.00126314704062693
Master_mlimitecompra	0.000581153320325049	0.000794793945454236	0.00123736852959373
ctarjeta_visa_avg12	0.000577448735777948	0.000621842286491562	0.000360899154464838
ccajas_transacciones_tend6	0.000577057914601436	0.000805041757809235	0.000386677665498041
vmr_mconsumospesos	0.000575731277324283	0.000484810986372667	0.000902247886162095
vm_mconsumospesos_tend6	0.000575355156650039	0.000451271160934695	0.000670241286863271
Master_fultimo_cierre_lag1	0.00057446357232645	0.000433943181482424	0.000876469375128893
mtransferencias_emitidas_lag1	0.00057390976673883	0.000952589640183785	0.000876469375128893
matm_avg6	0.000563016930095262	0.000298351129413963	0.000670241286863271
ctarjeta_debito	0.000558859918596625	0.000476336760010456	0.000644462775830068
Visa_fultimo_cierre	0.000558817089977783	0.000532367014454062	0.000928026397195298
mcaja_ahorro_dolares_tend6	0.000554312380183289	0.00173064571856104	0.00105691895236131
mextraccion_autoservicio_tend6	0.000552196203575869	0.000732369034835801	0.000824912353062487
Master_mpagospesos_avg12	0.000550441410631857	0.000793809834125682	0.00056712724273046
vm_fultimo_cierre_lag1	0.000549384392865416	0.000540076280329791	0.00100536193029491
ccaja_ahorro_lag1	0.000549236158203051	0.000440054890882718	0.000257785110332027
matm_tend12	0.000547770264104627	0.0010786382933182	0.000799133842029284
Master_mlimitecompra_lag1	0.000547063788829818	0.000537673595558545	0.000902247886162095
mtarjeta_master_consumo	0.000544766844723371	0.000371332199394304	0.000180449577232419
ctarjeta_debito_transacciones_tend6	0.000543623654212759	0.000664783446773237	0.000696019797896474
ccajas_otras_tend12	0.000541952109946077	0.0029273481315034	0.000696019797896474
Master_fultimo_cierre	0.000537778132791761	0.000507733514680124	0.000696019797896474
vm_cconsumos_lag1	0.000537458959706002	0.000304943671120045	0.00056712724273046
vmr_Master_mlimitecompra_tend6	0.000536853613545689	0.00206034014401607	0.00105691895236131
vmr_mconsumototal_avg6	0.000534610549040259	0.000291860779340438	0.000696019797896474
Visa_fultimo_cierre_lag1	0.000527011250518203	0.000576480424994751	0.000876469375128893
mttarjeta_visa_debitos_automaticos_delta1	0.000525749863627633	0.000917269731019162	0.000799133842029284
ccajas_consultas_tend12	0.000524575902744123	0.00289075141763489	0.00121159001856053
vm_fultimo_cierre	0.000520571946958141	0.000480758172552011	0.00100536193029491
vm_mlimitecompra	0.000512709827720104	0.0002754383477073	0.000721798308929676
ctransferencias_emitidas_tend6	0.000510296600165029	0.000739364140689788	0.000721798308929676
mextraccion_autoservicio_avg6	0.000507736781289069	0.000335946426836444	0.000721798308929676
mforex_sell_tend12	0.000505951794432878	0.00045112466657126	0.000515570220664054
Visa_cconsumos_delta1	0.000505223077305839	0.000740947815642882	0.000773355330996082
cforex_sell_tend12	0.00050267721151171	0.000838846513577854	0.00056712724273046
cextraccion_autoservicio_tend6	0.000498583537766412	0.00116398720900178	0.000670241286863271
Master_fultimo_cierre_tend6	0.00049072973302492	0.001585201034497	0.000928026397195298
mcomisiones_mantenimiento_lag1	0.000484136601452022	0.000903454958125462	0.00085069086409569
matm_other_tend12	0.000473506711668794	0.00124428738547459	0.000618684264796865
ccallcenter_transacciones_avg6	0.000471482584525184	0.00141312066257491	0.00085069086409569
Visa_mconsumototal_lag1	0.000470716073187159	0.000261026964704452	0.000592905753763663
mplazo_fijo_dolares	0.00046951549358111	0.000923894170691476	0.000206228088265622
ctransferencias_recibidas	0.000464554506354485	0.000791845451038582	0.000670241286863271
cdescubierto_preacordado_avg6	0.00046346696468226	0.00176069419345434	0.000747576819962879
vm_mfinanciacion_limite_lag1	0.000462158746389723	0.000566601802063729	0.00085069086409569
vmr_mconsumototal_tend6	0.000458001638205062	0.000390226132707318	0.000515570220664054
mpagomiscuentas_tend6	0.000455191752259298	0.000807669795804877	0.000412456176531244
ccaja_ahorro_avg12	0.000454340357519574	0.00123036008364447	0.000489791709630852
ccomisiones_mantenimiento	0.000453679871710683	0.00109726611489441	0.000309342132398433
mprestamos_personales_delta1	0.00044684803678294	0.00230626903338908	0.000799133842029284
mttarjeta_visa_debitos_automaticos_lag1	0.000445791887088847	0.000606419915170094	0.000696019797896474
cmobile_app_trx_lag1	0.00044468632517047	0.00033780389266636	0.000464013198597649
ccallcenter_transacciones	0.000442463010669958	0.000750262021782526	0.000206228088265622
Visa_mconsumototal	0.000437341805836805	0.000361417248223963	0.000799133842029284
mautoservicio_lag1	0.000437253458205404	0.000250822273674173	0.000644462775830068
cpagomiscuentas_avg6	0.000435922708459492	0.000551684186522723	0.000773355330996082
vm_mpagospesos_lag1	0.000427668066033874	0.000315966190562319	0.00056712724273046
vm_mlimitecompra_avg6	0.000427259332948906	0.000911077095297133	0.000773355330996082
Visa_mpagado_lag1	0.000426664416348306	0.000405696350978133	0.000515570220664054
vmr_mpagospesos_delta1	0.000424723498147018	0.000459598892933471	0.000747576819962879
ctarjeta_visa_transacciones_avg6	0.000422135560046796	0.000429890958364847	0.000799133842029284
ccajas_extracciones_avg12	0.000420800340075069	0.000946980323751639	0.000644462775830068
catm_trx_other_avg12	0.00041903240084749	0.000571499025934906	0.000592905753763663
cforex_sell_avg12	0.000417231574846603	0.000679113903454349	0.000412456176531244
catm_trx_other_tend6	0.000416630051794148	0.000517911033368797	0.00028356362136523
mforex_sell_avg12	0.000416337460236967	0.000294979396242661	0.000721798308929676
vm_mpagospesos_delta1	0.000415613760502301	0.000682711875904665	0.000670241286863271
vmr_mconsumosdolares_avg6	0.000414128516362629	0.000415870620799876	0.000438234687564446
catm_trx_avg6	0.000412636423135626	0.000290976496832127	0.000412456176531244
cpayroll_trx_tend12	0.000411823763028733	0.00201189333569251	0.000747576819962879
vm_mconsumototal_avg6	0.000411819043873449	0.000356624578797656	0.000592905753763663
active_quarter_tend6	0.000408784520196108	0.00554324540677549	0.00146937512889256
Master_mconsumospesos_tend6	0.000406074775292059	0.000556857859434575	0.000360899154464838
mttarjeta_visa_debitos_automaticos	0.000401866266696779	0.000631238600359099	0.000696019797896474
Visa_Fvencimiento_tend6	0.000399578183617709	0.000857417332307002	0.00100536193029491
vm_mpagominimo_lag1	0.000399226172467196	0.000425660638269143	0.000696019797896474
mprestamos_personales_lag1	0.000398099835299292	0.00174709502718424	0.000644462775830068
Master_mpagado_avg12	0.000397847815957717	0.000278639367688955	0.00056712724273046
ctarjeta_debito_transacciones	0.000397087005308115	0.00051317979706264	0.000670241286863271
Master_fultimo_cierre_delta1	0.000396835689292992	0.000132522758873281	0.000335120643431635
cforex_avg12	0.000396604981269203	0.000660234442366756	0.000412456176531244
mtransferencias_emitidas	0.000396588954967073	0.000591622212353996	0.000618684264796865
mcuenta_debitos_automaticos_tend6	0.000395833663210685	0.000706329957086895	0.000464013198597649
Master_mpagominimo_avg6	0.000395084122598049	0.000319337333030543	0.000644462775830068
cprestamos_personales_avg6	0.000391506175517302	0.00221835558029077	0.000799133842029284
vm_msaldototal_lag1	0.000389681692968534	0.000386727103022628	0.000618684264796865
mprestamos_personales_avg12	0.000388041859433153	0.00108721825553143	0.000696019797896474
cseguro_accidentes_personales_avg12	0.000381566868951892	0.000507667355935347	0.000489791709630852
ccajas_depositos_avg12	0.000378838104956469	0.000748450040089645	0.000360899154464838
ccallcenter_transacciones_tend6	0.000377881168008595	0.00206748440239735	0.000876469375128893
mtarjeta_visa_consumo_avg6	0.000377383407208729	0.000295876083515618	0.000696019797896474
vm_mconsumototal	0.000377080302408643	0.000144026405972882	0.000360899154464838
Visa_fultimo_cierre_tend6	0.00036748299692882	0.00167630782843694	0.000953804908228501
cprestamos_prendarios_avg12	0.000366502154224381	0.00267862492121819	0.000592905753763663
cdescubierto_preacordado_tend6	0.000366161495776853	0.000855119201980627	0.000154671066199216
vm_status06_delta1	0.000362979534959768	0.000905249809429071	0.000180449577232419
vmr_mpagado_tend6	0.000360353144283483	0.00118713095561209	0.000928026397195298
mtarjeta_visa_consumo_delta1	0.000359932934393809	0.000558624061638883	0.000618684264796865
Master_mconsumospesos_lag1	0.000359167642945157	0.000282969811956442	0.000232006599298825
Visa_mconsumosdolares_lag1	0.000358209540464624	0.000335705124628932	0.000386677665498041
Master_cconsumos_tend6	0.000357327519193024	0.000232915109853567	0.00028356362136523
matm_other_avg6	0.000357209401861659	0.000493900725342533	0.000464013198597649
ccajas_otras_avg12	0.000355054628796518	0.00140992348216327	0.000592905753763663
ccajas_extracciones_tend12	0.00034941502402435	0.0012308669068857	0.000670241286863271
vmr_Visa_mlimitecompra_tend6	0.000345568946097941	0.000755886696494709	0.00056712724273046
vm_mlimitecompra_lag1	0.000344367934393212	0.000360898610921159	0.000670241286863271
Master_mpagado_avg6	0.000343756945459019	0.000864927826596862	0.000412456176531244
vmr_mpagominimo_delta1	0.000341380039268979	0.000567855569347557	0.000670241286863271
thomebanking_delta1	0.000337317534886354	0.000770525204831188	0.000360899154464838
mpayroll_delta1	0.000334611132778221	0.00105912057755443	0.000360899154464838
vmr_mconsumospesos_delta1	0.000332866523394803	0.000528234751069366	0.000541348731697257
vm_status04	0.000332047996968485	0.000191726565605398	7.73355330996082e-05
Master_mconsumospesos_tend12	0.000331023688413023	0.00151378444161971	0.000747576819962879
ctarjeta_debito_lag1	0.00033079494563777	0.000443762143402531	0.000541348731697257
Visa_delinquency_avg6	0.000330202765306487	0.000809775356927706	0.000360899154464838
vm_mconsumospesos_lag1	0.000330188257102487	0.000276762408657453	0.000721798308929676
vm_msaldopesos_delta1	0.00033015195835432	0.0003138931181088	0.000541348731697257
vm_mpagado_tend6	0.000326431292619278	0.000757627793818187	0.000644462775830068
Master_msaldototal_tend6	0.000323775294749573	0.000814986539485033	0.000438234687564446
Master_msaldototal_delta1	0.000323371700851211	0.000494200802506342	0.000386677665498041
tcuentas_avg12	0.000319659129235121	0.00285920639649255	0.000876469375128893
ccaja_seguridad_lag1	0.00031835736715642	0.000446786838515294	0.000103114044132811
vmr_msaldopesos_delta1	0.000317819785322485	0.000398701835827224	0.000592905753763663
cmobile_app_trx	0.000317252578223616	0.000297930253470629	0.000489791709630852
mautoservicio_delta1	0.000316866153748101	0.000744882488847865	0.00056712724273046
ctarjeta_master_transacciones_tend12	0.000314374216960003	0.000492874969446954	0.000309342132398433
vmr_msaldototal_delta1	0.000313675916863223	0.000800941392390771	0.000360899154464838
ctarjeta_master_transacciones_avg12	0.000310496241510013	0.000603079193910406	0.000335120643431635
catm_trx_other_tend12	0.000310302931695221	0.00109134018161226	0.000464013198597649
vmr_mpagominimo_lag1	0.000309400718671508	0.000391821031018901	0.000799133842029284
mpayroll_sobre_edad_avg6	0.000307024052589574	0.000375253877131563	0.000412456176531244
Master_mpagominimo_tend6	0.000306555435588461	0.000869642523216825	0.000335120643431635
mpagomiscuentas	0.000300389047796882	0.000399412156278957	0.000412456176531244
Master_msaldototal	0.000298656384163665	0.000801447034225851	0.000335120643431635
vm_mpagado	0.000296359705806705	0.000244528037022665	0.000154671066199216
vmr_mconsumospesos_lag1	0.000296101727846192	0.000617672218109851	0.000799133842029284
Master_msaldototal_avg12	0.000294994563313856	0.000266485356500075	0.00056712724273046
cplazo_fijo_tend12	0.000292837302166549	0.00107265506183745	0.00028356362136523
Visa_fultimo_cierre_delta1	0.000292258046143073	0.00010831663277654	0.000232006599298825
mextraccion_autoservicio_lag1	0.000291517647370379	0.000398436610145039	0.000464013198597649
mpayroll_avg6	0.000281168018532313	0.00117064295593725	0.000515570220664054
ccomisiones_mantenimiento_lag1	0.0002808102563822	0.00015931527839864	0.000257785110332027
cpagomiscuentas_lag1	0.000276652255999378	0.000253478665417577	0.00028356362136523
mpayroll_sobre_edad_tend6	0.000274597111219601	0.000357137604421215	0.000206228088265622
ctarjeta_debito_transacciones_delta1	0.000273760472695981	0.000525565068506699	0.000232006599298825
vm_Finiciomora_lag1	0.000272490480109557	0.000398889679406144	7.73355330996082e-05
cseguro_accidentes_personales_avg6	0.000271182755025406	0.000447511040489368	0.000386677665498041
Master_msaldopesos_lag1	0.000267656552620602	0.000665030065308454	0.000335120643431635
ctarjeta_debito_tend12	0.000265854422317937	0.00218468314201171	0.000721798308929676
ctarjeta_visa_debitos_automaticos_lag1	0.000263910710434293	0.000189875302157805	0.00028356362136523
Master_msaldototal_avg6	0.000263153109020067	0.00022172040046395	0.000309342132398433
vm_mconsumospesos_delta1	0.000262765071085099	0.000265632676606456	0.000412456176531244
ctarjeta_visa_tend12	0.000254961798316335	0.000944349922943684	0.000489791709630852
Visa_mconsumosdolares	0.000249599761939176	0.000296905678981206	0.000335120643431635
ctransferencias_recibidas_lag1	0.000247947769496551	0.00045723430851078	0.000515570220664054
mpayroll_avg12	0.000246980926983408	0.000317280800263218	0.000386677665498041
vm_mpagominimo_delta1	0.000245589812350778	0.000891867135837194	0.000618684264796865
Master_mpagospesos	0.000245503323617855	0.000427233680566826	0.00028356362136523
mextraccion_autoservicio_delta1	0.000244833242931921	0.000101036808038781	0.000232006599298825
mtarjeta_master_consumo_avg12	0.00024411693876425	0.000272069863402929	0.000180449577232419
Master_mpagominimo	0.000243162607381358	0.00090427544470131	0.000438234687564446
ccajas_transacciones_avg6	0.000242970439818728	0.000531801120904989	0.000464013198597649
Visa_mconsumosdolares_delta1	0.000238622960325049	8.96090662847497e-05	0.00028356362136523
Master_Fvencimiento_tend6	0.000237005632335209	0.000786876161391844	0.000592905753763663
Master_status_avg12	0.000236480960781383	0.000649519383876771	0.000309342132398433
mv_status07_tend6	0.000236134408096112	0.000862214432006397	0.000386677665498041
ctarjeta_visa_transacciones_lag1	0.00023577401541876	0.000236959949182665	0.000412456176531244
vmr_msaldodolares2_avg6	0.000228995686884081	0.000582760189420839	0.000232006599298825
vm_mconsumototal_lag1	0.000227589531589085	0.00013020159112685	0.000464013198597649
Visa_delinquency_tend6	0.000227520930021951	0.000684545713611446	0.000309342132398433
vm_mconsumototal_tend6	0.000227504690151153	0.000355769536091724	0.000541348731697257
mv_status07	0.000227422703418348	0.000992602094602931	0.000335120643431635
vm_msaldototal_delta1	0.000224553442399774	0.000488538322797144	0.000515570220664054
Visa_Finiciomora_lag1	0.000222630719066919	0.000557165615738402	0.000103114044132811
vm_mpagado_lag1	0.000221144506464477	0.000131101231915198	0.000257785110332027
cseguro_vida_avg6	0.000216783387387459	0.000733458586663843	0.00028356362136523
Master_mconsumosdolares_avg12	0.000211093355461911	0.000112631128060911	0.000154671066199216
ctarjeta_visa_transacciones_delta1	0.000210550251466931	0.000448665274304492	0.000335120643431635
mforex_sell_avg6	0.00020524734412241	0.000287103256747294	0.000232006599298825
Visa_fechaalta_tend6	0.00020440546875233	0.000444948275183886	0.000489791709630852
mextraccion_autoservicio	0.000203574042418175	0.00063258156380776	0.000412456176531244
thomebanking_lag1	0.000203199819070077	0.000158262940864534	0.000438234687564446
ctarjeta_master_transacciones_tend6	0.000202688083521423	0.00038701152655486	0.000154671066199216
ccajas_extracciones_tend6	0.000201784702863181	0.000396899896086675	0.000154671066199216
mtransferencias_emitidas_delta1	0.000199076615192314	0.000626864739415352	0.000386677665498041
Master_mpagado_tend12	0.000198574199929652	0.000422574805387769	0.000412456176531244
vm_status04_tend6	0.000196017597006317	0.0014751238111954	0.000335120643431635
matm	0.00019388643836027	0.000226124977967772	0.000232006599298825
ctarjeta_visa_debitos_automaticos	0.000191315794305024	0.000259564974585501	0.000360899154464838
Master_msaldopesos_delta1	0.000190516700208975	0.000385890076760586	0.000386677665498041
vmr_mconsumototal_lag1	0.000187203746011386	0.000276336511737952	0.000438234687564446
matm_other_tend6	0.000186094566683196	0.000248889493201766	0.000206228088265622
mtarjeta_master_consumo_avg6	0.000184836496543631	0.000292779027275755	7.73355330996082e-05
mcuenta_debitos_automaticos_delta1	0.000184016326454902	0.000321687740579353	0.000309342132398433
Visa_mpagado_delta1	0.000184003748224574	0.000534497089754642	0.000489791709630852
ccuenta_debitos_automaticos_tend6	0.000183069330804246	0.000772335709766374	0.000257785110332027
ccomisiones_otras_delta1	0.000182844118165505	0.0002784784011001	0.000309342132398433
mpagomiscuentas_lag1	0.000182778729995322	0.00031708882176275	0.000309342132398433
Master_mconsumototal_delta1	0.000182490904562528	0.000445453621667426	0.000180449577232419
ctarjeta_debito_transacciones_lag1	0.000182463278659305	0.000171326339442556	0.000464013198597649
vm_fechaalta_tend6	0.000181939483330518	0.000850666482175918	0.000541348731697257
mforex_sell_tend6	0.000181194153616283	0.000391105098887923	0.000206228088265622
Visa_mpagado	0.000181141327406657	0.00038816694177614	0.000180449577232419
vm_mconsumosdolares_tend6	0.000181132012009797	0.000569519284567769	0.000335120643431635
cpagomiscuentas_delta1	0.000177422192564128	0.000241477055622915	0.000103114044132811
mtarjeta_master_consumo_tend6	0.000174601056769935	0.000540575129079469	0.000257785110332027
ctarjeta_visa_debitos_automaticos_tend6	0.000174105060938382	0.000592181608169206	0.000386677665498041
ccuenta_debitos_automaticos	0.000173720248825691	0.000142912930670166	7.73355330996082e-05
cprestamos_personales_lag1	0.000173237945398387	0.00112165831246083	0.000257785110332027
ctarjeta_master_transacciones_avg6	0.000171871285064882	0.000331137217723943	0.000232006599298825
ctarjeta_visa_descuentos_avg6	0.000171489756256045	0.000292413086718709	0.000154671066199216
ccajas_consultas_avg6	0.000169157232423773	0.00161827863477615	0.000464013198597649
mprestamos_prendarios_avg12	0.000169135060070334	0.00274723951404326	0.000541348731697257
cplazo_fijo_avg12	0.000167986725918065	0.000289378349653613	0.000180449577232419
cseguro_vida_avg12	0.00016795045805825	0.000666308642121573	0.000335120643431635
ccajas_extracciones	0.000167942308468205	0.00113201629093995	0.000206228088265622
matm_tend6	0.000166149807700593	0.000602800382057418	0.000438234687564446
tcuentas_tend12	0.00016356263280262	0.00292781390088069	0.000799133842029284
cplazo_fijo	0.000163217541373991	0.000206312796719441	7.73355330996082e-05
active_quarter_lag1	0.000160928533746238	0.000613681132760884	0.000412456176531244
ccajas_depositos_tend12	0.000160588731628002	0.000941500961996734	0.00028356362136523
Master_mconsumototal_tend6	0.000160547039572565	9.44026217656741e-05	0.000154671066199216
mtarjeta_master_consumo_tend12	0.000159903572423034	0.000282198058384559	0.000180449577232419
vmr_mconsumototal	0.000159040833616268	0.000101535656788459	0.00028356362136523
Master_fechaalta_tend6	0.000158162235925505	0.00032759624812069	0.000438234687564446
cseguro_vida_tend12	0.000156268988777593	0.00136380079510152	0.000438234687564446
catm_trx_delta1	0.000154732000476877	0.000278075836952195	0.000128892555166014
vmr_msaldodolares2_tend6	0.000153862542722514	0.00021218084109991	0.000128892555166014
vm_mconsumototal_delta1	0.000153560362708132	0.000123572721181448	0.000257785110332027
Master_mpagominimo_lag1	0.000152979802154414	0.000311254742809287	0.000232006599298825
cseguro_accidentes_personales_tend12	0.000148016754729557	0.000772377058981859	0.000206228088265622
vm_msaldopesos_lag1	0.000147960700093164	0.000490446589091799	0.000541348731697257
Master_msaldopesos_avg6	0.000147923174721027	4.65736888620752e-05	0.000103114044132811
vm_mpagospesos	0.000147204954287532	0.000155531529830179	0.000360899154464838
vmr_mconsumosdolares_tend6	0.000146548889076987	0.00035287509100774	0.000180449577232419
Master_mconsumototal_avg6	0.000144415136540475	0.000155293476489598	0.000180449577232419
ccheques_depositados_avg6	0.000143889204230137	6.94424631894007e-05	2.57785110332027e-05
mplazo_fijo_dolares_delta1	0.000142896055259083	0.000614839796849095	0.000128892555166014
mplazo_fijo_dolares_avg12	0.000142400003865052	0.000401352911242922	0.000206228088265622
Master_msaldodolares_avg12	0.000142217189235941	0.00076560642029765	0.000154671066199216
Master_mpagospesos_lag1	0.000141279006178266	0.000464101822499841	0.00028356362136523
ctransferencias_emitidas	0.000140011774492401	0.000431545517687345	0.000386677665498041
mpagomiscuentas_delta1	0.000137518917767787	0.000583295071058298	0.000206228088265622
Visa_mpagosdolares_avg6	0.000134030451835985	0.000113388409407373	0.000206228088265622
ctarjeta_master_debitos_automaticos_avg6	0.000132633756784114	0.000426524836872789	0.000154671066199216
Master_mpagospesos_delta1	0.000130962145348976	0.000595778103861826	0.000180449577232419
Master_mconsumospesos	0.000130071377921768	8.68321711133603e-05	0.000154671066199216
cextraccion_autoservicio	0.000129585182836296	0.000124224562028423	0.000180449577232419
mprestamos_hipotecarios_tend12	0.00012848978939988	0.00240191242697086	0.000438234687564446
Master_mconsumosdolares_tend12	0.000126874875453533	3.66664168317532e-05	0.000103114044132811
matm_other	0.000125888081395315	0.000601625768986091	0.000180449577232419
ctransferencias_recibidas_delta1	0.000121470336521553	0.000384231973219618	0.000360899154464838
cplazo_fijo_avg6	0.000121142740511252	0.000338972598706903	0.000103114044132811
vm_status05_avg6	0.000117468733733445	6.79470983465221e-05	0.000103114044132811
Master_delinquency_avg12	0.000117225905138695	0.000751884387787253	0.000309342132398433
vm_fultimo_cierre_delta1	0.000116643523999936	6.62408525046675e-05	0.000206228088265622
cextraccion_autoservicio_lag1	0.000115432705179428	0.000108329037541185	0.000128892555166014
catm_trx_other_avg6	0.000112197360517444	0.000548882777173582	0.000206228088265622
vm_Finiciomora_tend6	0.000111491259741055	0.000585892983196943	0.000154671066199216
cseguro_vida	0.000109711203506555	0.000188239645333815	7.73355330996082e-05
mplazo_fijo_dolares_avg6	0.000109097098842504	0.000140385607549385	7.73355330996082e-05
Master_mpagado_tend6	0.000107268581525631	4.07431541270828e-05	0.000128892555166014
ccajas_extracciones_avg6	0.000106591158116457	0.000204776378012616	0.000128892555166014
Master_msaldototal_lag1	0.000105182002630369	0.000290786881143972	0.000257785110332027
mtarjeta_visa_descuentos_avg6	0.000104307079830997	0.000118438920727386	7.73355330996082e-05
mttarjeta_master_debitos_automaticos_tend6	0.000103951575372392	0.00087148226795439	0.000180449577232419
mv_status07_avg6	0.000102303307123719	0.000395486638971689	0.000257785110332027
Master_Finiciomora_tend12	0.000101205778644218	0.000567834008685197	0.000128892555166014
mtarjeta_master_consumo_lag1	0.000101191450744118	8.49342421225765e-05	0.000103114044132811
Master_fechaalta_delta1	0.000100433122699694	4.98317116907922e-06	2.57785110332027e-05
vm_mpagosdolares_avg6	9.74349596386084e-05	5.94752347966247e-05	5.15570220664054e-05
Master_mpagospesos_avg6	9.72784458013389e-05	0.000263488424431995	0.00028356362136523
matm_lag1	9.55304935306182e-05	4.46825529566927e-05	0.000128892555166014
vm_mconsumosdolares	9.52090310285554e-05	0.000166899019870217	0.000128892555166014
vmr_mconsumosdolares_lag1	9.43528292433923e-05	3.24062662305916e-05	7.73355330996082e-05
cpagomiscuentas	9.16748941326945e-05	0.000105212783451276	0.000180449577232419
vm_status05_delta1	9.10274775692616e-05	0.000643086627353386	0.000154671066199216
vmr_mpagado_lag1	8.9518847791207e-05	0.000133929518254405	0.000180449577232419
Master_mpagospesos_tend6	8.8031871113293e-05	0.000313232121364111	0.000180449577232419
ctarjeta_debito_tend6	8.64890622773655e-05	0.000521955872697895	0.000180449577232419
vm_Finiciomora	8.59403252248479e-05	0.0012837017530269	0.000232006599298825
Visa_Finiciomora_avg6	8.54545799395753e-05	0.000142399314343528	7.73355330996082e-05
ccajeros_propios_descuentos_avg6	8.49093447854015e-05	0.000133034603090684	0.000103114044132811
vm_cconsumos_delta1	8.39729756416153e-05	0.000212939599204069	0.000232006599298825
ccallcenter_transacciones_lag1	8.34464110339223e-05	0.000771485983388147	0.000180449577232419
vmr_mpagado_delta1	8.29728564124094e-05	0.000179859636112603	0.000128892555166014
mtarjeta_master_consumo_delta1	8.28391643150515e-05	0.000274174833822679	7.73355330996082e-05
mtarjeta_visa_descuentos_tend12	8.24678724360317e-05	2.56518718810377e-05	2.57785110332027e-05
ctarjeta_visa_descuentos_avg12	8.19996304282538e-05	0.000157213556845821	0.000128892555166014
vm_mpagado_delta1	8.18579753503611e-05	7.75466140730164e-05	0.000128892555166014
Visa_msaldodolares_lag1	8.11858676620343e-05	0.000144097290342286	5.15570220664054e-05
cdescubierto_preacordado	8.02415859825956e-05	0.000791944098452669	0.000180449577232419
cdescubierto_preacordado_lag1	7.99528119698145e-05	0.000323758154869019	0.000154671066199216
Visa_mpagosdolares_lag1	7.7921415480551e-05	0.000246030785654023	0.000103114044132811
mforex_buy_avg12	7.72291202438513e-05	0.000430765198920826	7.73355330996082e-05
Master_delinquency_avg6	7.55076469670015e-05	0.000109047037132937	5.15570220664054e-05
mttarjeta_master_debitos_automaticos_delta1	7.36308341585638e-05	0.000288311835245627	7.73355330996082e-05
Master_msaldopesos	7.21110936210483e-05	0.000283165039323841	0.000154671066199216
tcuentas_avg6	7.17586787287065e-05	0.0010910495556977	0.00028356362136523
Master_msaldodolares_tend12	7.17055438183344e-05	4.57986864232616e-05	7.73355330996082e-05
mcaja_ahorro_adicional_tend12	7.14323548067396e-05	0.000528490525502297	0.000128892555166014
Master_mpagominimo_delta1	7.11603947494487e-05	7.37353978114115e-05	0.000154671066199216
Master_cconsumos_lag1	7.05000217104575e-05	5.68386316063467e-05	0.000103114044132811
vmr_msaldodolares_avg6	7.04735489308112e-05	0.000178579877893327	0.000103114044132811
vm_status02_avg6	6.97653980999973e-05	0.000392981467216347	0.000180449577232419
matm_other_lag1	6.95047476573552e-05	0.000183611782066371	7.73355330996082e-05
Visa_delinquency_delta1	6.94090390941215e-05	6.38612051534778e-05	5.15570220664054e-05
Master_mconsumototal_lag1	6.9305010452555e-05	0.000145212537754237	0.000128892555166014
catm_trx	6.92030477832106e-05	8.07712621778058e-05	7.73355330996082e-05
ctarjeta_visa	6.82373156056309e-05	7.04965728327413e-05	2.57785110332027e-05
mtarjeta_visa_descuentos	6.7702224076519e-05	0.000430765198920826	7.73355330996082e-05
active_quarter	6.72173387302708e-05	0.000174453816890954	0.000257785110332027
vmr_msaldodolares2_lag1	6.68237184111114e-05	9.32962348998982e-05	2.57785110332027e-05
vm_mpagosdolares_delta1	6.65033325463101e-05	0.000552330120338914	0.000103114044132811
ccajas_depositos_avg6	6.60474886477313e-05	0.000335737022595164	0.000103114044132811
ccajeros_propios_descuentos_avg12	6.59693712749935e-05	0.000136502916215298	0.000103114044132811
vm_status03_avg6	6.55026921447071e-05	5.29585984361124e-05	0.000128892555166014
ctarjeta_master_debitos_automaticos_tend12	6.43666615174836e-05	0.000866077039435819	0.000232006599298825
Master_status_tend12	6.42751603498592e-05	0.000427875774813008	0.000128892555166014
matm_delta1	6.42199451364104e-05	0.000124194140819887	7.73355330996082e-05
Visa_Fvencimiento_delta1	6.41905138375318e-05	6.83679742898564e-05	0.000154671066199216
Visa_cadelantosefectivo_delta1	6.34522398270365e-05	5.49974101110859e-06	2.57785110332027e-05
Master_delinquency_tend12	6.30936537527203e-05	0.000900671565220211	0.000206228088265622
ctarjeta_master_transacciones_lag1	6.24312120166306e-05	7.07886755049924e-05	5.15570220664054e-05
ctransferencias_emitidas_lag1	6.17432416061085e-05	8.20852811756267e-05	0.000206228088265622
Master_mconsumospesos_delta1	6.10266174058703e-05	0.000373168695264938	0.000128892555166014
ccaja_seguridad_avg6	6.06369596601474e-05	0.00105542779726004	0.000206228088265622
cforex_sell_tend6	5.71797915792514e-05	6.97815267563816e-05	2.57785110332027e-05
vmr_mconsumosdolares	5.7178256300228e-05	0.000170515304115962	0.000128892555166014
Master_mconsumospesos_avg6	5.70401371161433e-05	8.00426299306437e-05	0.000154671066199216
vmr_Visa_mlimitecompra_delta1	5.61318071935355e-05	0.00028717679928055	5.15570220664054e-05
Master_mpagosdolares	5.55425934234224e-05	2.3714956487082e-05	2.57785110332027e-05
Visa_mpagosdolares	5.504291931921e-05	0.000130292559400918	0.000128892555166014
matm_other_delta1	5.50183811739045e-05	0.000267365208735298	0.000103114044132811
cpayroll_trx_delta1	5.48634331384676e-05	0.000150358447621406	5.15570220664054e-05
mttarjeta_master_debitos_automaticos_avg12	5.34706978270777e-05	0.000273553118832701	0.000103114044132811
cseguro_vivienda_avg12	5.29839582658661e-05	0.000238947074338281	0.000128892555166014
mtarjeta_master_descuentos_avg6	5.25147029739327e-05	0.00028717679928055	5.15570220664054e-05
cinversion2_avg6	5.15574437088491e-05	0.000475479059140672	0.000103114044132811
Master_mconsumototal	5.11547237086709e-05	6.93789626084765e-05	0.000128892555166014
mv_status07_lag1	5.08882787300361e-05	0.000699575267385802	0.000257785110332027
Visa_fechaalta_delta1	5.04927741300325e-05	1.4331933438808e-05	5.15570220664054e-05
ctarjeta_master_debitos_automaticos_tend6	5.04774769022774e-05	0.000143588399640275	2.57785110332027e-05
ccaja_ahorro_avg6	5.02784425985982e-05	0.000103847373285637	0.000103114044132811
vm_mconsumosdolares_lag1	4.9674545803725e-05	0.00024852355264472	0.000103114044132811
vm_status06_tend6	4.93394739898227e-05	0.000479860894575976	0.000128892555166014
cextraccion_autoservicio_delta1	4.89205371480315e-05	0.000358103994657419	0.000206228088265622
ctarjeta_master_descuentos_avg12	4.82125908840089e-05	0.000165693394887276	5.15570220664054e-05
catm_trx_other_lag1	4.82080208701159e-05	4.01297089802017e-05	7.73355330996082e-05
cinversion1_avg12	4.80210078011899e-05	0.000267325926980587	5.15570220664054e-05
cforex_avg6	4.74686195261663e-05	2.41506000073755e-05	5.15570220664054e-05
ccajas_extracciones_lag1	4.70367736836652e-05	0.000662296882164864	0.000128892555166014
Visa_mpagosdolares_tend6	4.69188770486597e-05	0.000336123933111492	0.000154671066199216
Visa_Finiciomora_tend6	4.63396586760742e-05	0.00040534724545882	0.000103114044132811
Master_madelantopesos_avg12	4.6225318039721e-05	1.93972123357799e-05	7.73355330996082e-05
cinversion2_lag1	4.59898592412116e-05	0.000124423628965832	2.57785110332027e-05
vm_Fvencimiento_delta1	4.53196284314909e-05	5.0370137546721e-05	0.000154671066199216
ctarjeta_visa_tend6	4.44255385873678e-05	0.000130802040806007	5.15570220664054e-05
Master_Fvencimiento_delta1	4.2533240662266e-05	0.000135126282691171	7.73355330996082e-05
vm_msaldodolares_tend6	4.23115178589619e-05	2.12576316810875e-05	2.57785110332027e-05
mtarjeta_visa_descuentos_avg12	4.19794457792229e-05	0.000150405408516136	0.000103114044132811
cseguro_vivienda_avg6	4.19523714991878e-05	0.000255151241183964	0.000103114044132811
mcaja_ahorro_adicional_avg12	4.19345909576123e-05	0.000576107100649224	0.000154671066199216
vmr_mpagado	4.17920665279727e-05	0.000832082372627507	0.000232006599298825
mpayroll_lag1	4.09268980518431e-05	0.000112444170536608	0.000154671066199216
ccuenta_debitos_automaticos_lag1	3.93564051183208e-05	8.9409999347341e-05	0.000128892555166014
mcaja_ahorro_adicional_lag1	3.91392541566228e-05	0.000267938190721311	5.15570220664054e-05
ccajas_otras_avg6	3.87785273733111e-05	0.000615833654778443	0.000154671066199216
cseguro_vida_lag1	3.84541084767324e-05	0.000143794850366163	5.15570220664054e-05
cpayroll_trx_tend6	3.76404831850048e-05	0.000115996068146812	0.000154671066199216
ctarjeta_visa_descuentos_tend12	3.72356240446152e-05	0.000373000640239143	0.000103114044132811
minversion2_tend6	3.6841552645857e-05	0.00098162565000077	0.000180449577232419
Master_Finiciomora_avg12	3.66480265212169e-05	0.000228269230142234	5.15570220664054e-05
ccheques_emitidos_avg6	3.63837616844882e-05	0.000111280190120692	2.57785110332027e-05
ccheques_emitidos_avg12	3.63461020211294e-05	0.000560805232755743	0.000103114044132811
mcajeros_propios_descuentos_avg6	3.60863591294386e-05	3.31038865661395e-05	2.57785110332027e-05
vm_Finiciomora_avg6	3.5561509190812e-05	0.000777189221609752	0.000180449577232419
Visa_status_tend6	3.47161942474059e-05	1.3652034195611e-05	2.57785110332027e-05
vm_msaldodolares_lag1	3.34483675010326e-05	0.000133428602043953	5.15570220664054e-05
mttarjeta_master_debitos_automaticos_avg6	3.28124464306731e-05	0.000379529090661223	0.000103114044132811
Visa_msaldodolares_avg6	3.22304481064274e-05	0.000147072366396466	5.15570220664054e-05
ccaja_ahorro_tend12	3.17809059799258e-05	0.000877561784036912	0.000180449577232419
vmr_mpagosdolares_avg6	3.17468227856062e-05	0.000103587463931157	5.15570220664054e-05
cforex_tend6	3.17158525522779e-05	4.21702927644103e-05	7.73355330996082e-05
ccheques_depositados_tend12	3.14781522463943e-05	0.000401164476960924	0.000103114044132811
Master_cconsumos_delta1	3.08012444350924e-05	4.89997064049164e-05	5.15570220664054e-05
Master_mpagado	3.07627220911394e-05	3.47168013216126e-05	2.57785110332027e-05
mprestamos_prendarios_tend12	3.06286183927862e-05	0.000894805292948977	0.000180449577232419
vm_mpagosdolares_tend6	3.01663027448098e-05	0.000137981150668904	2.57785110332027e-05
mplazo_fijo_dolares_lag1	2.96663895757209e-05	3.52251013205449e-05	2.57785110332027e-05
ctarjeta_master_descuentos_tend12	2.93682025661988e-05	0.000111973970886231	5.15570220664054e-05
cseguro_vida_tend6	2.88264758901361e-05	0.000452170506371504	0.000103114044132811
mpayroll_sobre_edad_lag1	2.84114472937396e-05	0.000110718726844707	0.000128892555166014
vmr_msaldodolares2	2.79615543369733e-05	0.000178364861972803	5.15570220664054e-05
ccajas_transacciones_lag1	2.73230587499086e-05	0.00067954718416233	0.000154671066199216
cplazo_fijo_tend6	2.67088112500767e-05	8.33889628695762e-05	5.15570220664054e-05
vm_msaldodolares_avg6	2.66591100670632e-05	0.000282690704751915	0.000103114044132811
ccajas_consultas_delta1	2.58122302329669e-05	0.000173810541238616	5.15570220664054e-05
vmr_msaldodolares_lag1	2.53339257505897e-05	3.69189423977538e-05	2.57785110332027e-05
vm_status02_tend6	2.51673545563177e-05	0.000156575892872727	7.73355330996082e-05
mprestamos_hipotecarios_avg12	2.34246315556135e-05	0.00036776612491022	0.000103114044132811
vm_status03_delta1	2.32697449313375e-05	0.000283894557625621	5.15570220664054e-05
mcajeros_propios_descuentos_avg12	2.30705194488657e-05	2.83918481100294e-05	2.57785110332027e-05
vmr_msaldodolares_tend6	2.26187409325866e-05	0.00014951935389859	5.15570220664054e-05
ctransferencias_emitidas_delta1	2.23744974137223e-05	0.00023356015761514	0.000103114044132811
Visa_mpagosdolares_delta1	2.18518880686133e-05	0.000127454231109378	2.57785110332027e-05
ctarjeta_master_transacciones	2.10649599692385e-05	0.000224667122770369	5.15570220664054e-05
Visa_Finiciomora	2.03002195760929e-05	7.74559411504875e-05	2.57785110332027e-05
tcuentas	2.01860012137477e-05	0.000276200354678389	5.15570220664054e-05
ccajas_otras_tend6	2.00277967418393e-05	0.000642385758150907	0.000154671066199216
ctarjeta_master_transacciones_delta1	1.99240798707855e-05	0.000281102894877272	5.15570220664054e-05
mttarjeta_master_debitos_automaticos_tend12	1.9870516361686e-05	3.7261550183205e-05	5.15570220664054e-05
ctarjeta_visa_debitos_automaticos_delta1	1.9806475304337e-05	0.000243656454630539	5.15570220664054e-05
vm_fechaalta_delta1	1.89110512296341e-05	2.19921709590332e-05	7.73355330996082e-05
vm_status03_tend6	1.83510964050522e-05	0.000195783218996063	7.73355330996082e-05
cliente_edad_delta1	1.83227489400555e-05	0.000210283798163744	0.000103114044132811
Master_mpagado_delta1	1.81354432542586e-05	0.000280463163443404	7.73355330996082e-05
cprestamos_prendarios_tend12	1.81015084702446e-05	0.000286330321769255	7.73355330996082e-05
vmr_Master_mlimitecompra_delta1	1.70463433652107e-05	0.000272456183216179	5.15570220664054e-05
Visa_cadelantosefectivo_tend6	1.67856705330829e-05	6.74346634260412e-06	2.57785110332027e-05
ctarjeta_master_tend12	1.6206583573071e-05	0.00015760371622908	0.000103114044132811
Master_status_tend6	1.59757432228523e-05	0.000162177825516392	7.73355330996082e-05
ccajas_depositos_lag1	1.59324304428037e-05	0.000422772395567481	7.73355330996082e-05
Visa_madelantopesos_tend6	1.58077738280411e-05	4.74836669542951e-06	2.57785110332027e-05
minversion1_pesos_avg12	1.55334940372545e-05	0.000143588399640275	2.57785110332027e-05
ctarjeta_master_avg12	1.5366422780672e-05	2.50661897788398e-05	5.15570220664054e-05
vmr_mpagosdolares_delta1	1.52654792815111e-05	0.00027993743770366	5.15570220664054e-05
cmobile_app_trx_delta1	1.51928830645756e-05	0.000186464287231791	7.73355330996082e-05
vm_status02_delta1	1.5124393353485e-05	2.87586747216935e-05	2.57785110332027e-05
cseguro_vivienda_tend12	1.48976357488407e-05	0.000291843353599626	7.73355330996082e-05
mpayroll_sobre_edad_delta1	1.48400245862588e-05	9.93547810231392e-05	7.73355330996082e-05
catm_trx_lag1	1.47772945475331e-05	8.79831560615526e-05	5.15570220664054e-05
Visa_msaldodolares_tend6	1.47512340999674e-05	9.90050848007477e-05	0.000103114044132811
vm_mpagosdolares_lag1	1.39013988564652e-05	0.000110899481986686	2.57785110332027e-05
cdescubierto_preacordado_delta1	1.28083838231364e-05	0.00114416675791036	0.000206228088265622
mtarjeta_visa_descuentos_tend6	1.26467761493928e-05	0.000113451909988298	2.57785110332027e-05
ctarjeta_master_descuentos_tend6	1.20102545838867e-05	1.87368062941688e-05	2.57785110332027e-05
vm_status05	1.20051771968308e-05	5.48290597337522e-06	2.57785110332027e-05
tcuentas_tend6	1.17765405203246e-05	0.000335719006151274	7.73355330996082e-05
mplazo_fijo_dolares_tend6	1.1539454143279e-05	0.000347738337038287	7.73355330996082e-05
Master_mconsumosdolares_tend6	1.13904637215381e-05	1.81688452843218e-05	7.73355330996082e-05
vm_mconsumosdolares_delta1	1.10575094046746e-05	0.000125973929194998	2.57785110332027e-05
vm_status05_tend6	1.06603568471334e-05	0.000121394208228441	5.15570220664054e-05
mplazo_fijo_dolares_tend12	1.06546485335074e-05	2.42350705475815e-05	2.57785110332027e-05
mcheques_depositados_tend12	1.05797941770082e-05	0.000100226068063726	2.57785110332027e-05
ccajas_depositos_delta1	1.05073860317531e-05	0.000143588399640275	2.57785110332027e-05
ccajas_depositos_tend6	1.02998980065656e-05	0.000387904964960886	7.73355330996082e-05
mcaja_ahorro_adicional	9.93722105335154e-06	0.000276687980069579	5.15570220664054e-05
mcaja_ahorro_adicional_avg6	9.93426783448724e-06	5.19183703151133e-05	2.57785110332027e-05
vm_status01_delta1	9.27326661049559e-06	0.000107058730571163	2.57785110332027e-05
Visa_madelantopesos_lag1	8.72129944057552e-06	2.39030954175409e-05	2.57785110332027e-05
vmr_mconsumosdolares_delta1	8.1741362318282e-06	8.87295094010656e-06	2.57785110332027e-05
mcaja_ahorro_adicional_delta1	7.96789708301774e-06	0.000143588399640275	2.57785110332027e-05
Visa_status_avg6	7.54604901407125e-06	8.82489724468165e-05	5.15570220664054e-05
active_quarter_delta1	6.83724121177526e-06	0.000381485499256765	7.73355330996082e-05
ccheques_depositados_avg12	6.30962466379423e-06	3.07567278842599e-05	2.57785110332027e-05
ctarjeta_master_debitos_automaticos_avg12	6.12260556341497e-06	4.80917957734709e-05	5.15570220664054e-05
Master_cconsumos	6.00562059171528e-06	1.81957222743874e-05	5.15570220664054e-05
vmr_mconsumototal_delta1	5.70454926811366e-06	5.41645187705926e-06	2.57785110332027e-05
cseguro_vivienda_tend6	5.5596527409972e-06	0.000415412825914144	7.73355330996082e-05
Master_madelantodolares_tend12	5.41987819713691e-06	5.60606756521412e-06	2.57785110332027e-05
cprestamos_personales_delta1	5.38573870925317e-06	0.000420306210215311	7.73355330996082e-05
vm_status04_avg6	5.01739456167463e-06	0.000136832823884565	7.73355330996082e-05
Master_msaldodolares	4.932280524614e-06	1.05517290888172e-05	2.57785110332027e-05
Visa_delinquency_lag1	4.84259683491929e-06	0.000137797442011533	2.57785110332027e-05
ccajas_depositos	4.75524055511554e-06	0.000138792481347037	2.57785110332027e-05
vm_status06	4.44690900667503e-06	3.56734449570232e-05	2.57785110332027e-05
ccajas_otras_delta1	4.28770331351783e-06	0.00028717679928055	5.15570220664054e-05
Master_mpagado_lag1	4.02562771156801e-06	1.77225691086177e-05	2.57785110332027e-05
minversion2_avg6	3.92394142979391e-06	0.000271493337198445	5.15570220664054e-05
mcaja_ahorro_adicional_tend6	3.84559993373439e-06	0.000284448046410048	5.15570220664054e-05
tcallcenter_delta1	3.38915183888997e-06	2.59079416655085e-05	2.57785110332027e-05
mprestamos_prendarios_tend6	3.29663373168396e-06	0.00028717679928055	5.15570220664054e-05
ccallcenter_transacciones_delta1	3.19036244876926e-06	0.000128731626516341	2.57785110332027e-05
cforex_sell_avg6	2.82411249917087e-06	1.842225690494e-05	2.57785110332027e-05
ccaja_seguridad_avg12	2.7783142120462e-06	0.000111068423067099	2.57785110332027e-05
mprestamos_prendarios_lag1	2.68989840694499e-06	0.000127746924484708	2.57785110332027e-05
ccajas_consultas_lag1	2.52663263185614e-06	0.000117114564425694	2.57785110332027e-05
mttarjeta_master_debitos_automaticos	2.38952362481458e-06	4.86443985032804e-06	2.57785110332027e-05
cpagodeservicios_tend12	2.31392100256284e-06	0.000143588399640275	2.57785110332027e-05
ccajeros_propios_descuentos_tend12	2.23501734763949e-06	2.9690804179352e-05	2.57785110332027e-05
Master_msaldodolares_delta1	2.02062312564507e-06	6.89261886989105e-06	2.57785110332027e-05
mforex_sell_lag1	1.9670744210219e-06	1.98795213992641e-05	2.57785110332027e-05
catm_trx_other_delta1	1.96427162294832e-06	4.24635768428181e-05	5.15570220664054e-05
catm_trx_other	1.40686947389905e-06	9.71012487791803e-05	2.57785110332027e-05
mcheques_emitidos_rechazados_tend12	1.12003603552636e-06	0.000143588399640275	2.57785110332027e-05
Master_madelantopesos_lag1	4.50840179963338e-13	6.23900591368121e-06	2.57785110332027e-05
