Feature	Gain	Cover	Frequency
ctrx_quarter	0.0895703192050657	0.00455256572025385	0.00842373927654945
ctrx_quarter_normalizado	0.047024777869196	0.00264903794279141	0.00465893959987931
mpayroll_sobre_edad	0.0167194478489549	0.00246124073698794	0.00145747575718149
mprestamos_personales	0.0166749052321172	0.00765804579040808	0.0013675081178493
mcuentas_saldo	0.0164961851973034	0.00563241351346306	0.00662300237237744
mpasivos_margen	0.0117111702615124	0.00545321826784891	0.00902583040131104
cpayroll_trx	0.0114061994564281	0.00169153966366081	0.00111421461019098
mcaja_ahorro	0.0105470822758981	0.00274985353379565	0.00699671410498808
mcuenta_corriente	0.00952274592067968	0.00362290620668686	0.00407622612051234
mtarjeta_visa_consumo	0.00838634595804395	0.00120553409208114	0.00221458804510009
ctrx_quarter_normalizado_lag1	0.00818946882904947	0.00151188253198292	0.00261459801074629
mcomisiones_mantenimiento_tend6	0.00744674417310354	0.00399295101489299	0.00439734138705186
cdescubierto_preacordado	0.00729247709479737	0.00238526145669461	0.000382016437779765
ccomisiones_mantenimiento_tend6	0.00680601403842425	0.00486436415512324	0.00221043569251552
mcomisiones_avg12	0.00609612432924792	0.00240738632031682	0.00362638792385139
ctrx_quarter_lag1	0.00590852351394173	0.00268658237428369	0.00531777954329658
mcuenta_corriente_tend12	0.00587995257934873	0.00639217380847731	0.00548110541162271
numero_de_cliente	0.00561465416454024	0.00846018774738074	0.00905489686940297
mcomisiones_otras_avg12	0.00505226606896387	0.00258610117836622	0.00323191442831794
mpayroll	0.00485057124264401	0.00129179134705771	0.00147823752010431
ctrx_quarter_tend12	0.00474123900287336	0.00415203402143404	0.00505202897788457
mrentabilidad_annual_tend12	0.00455737479099226	0.00642806672042066	0.00703546939577733
ctrx_quarter_normalizado_avg6	0.00426414597952998	0.0026380315040793	0.00367206380228158
ccomisiones_otras_tend12	0.00425898421015195	0.00476379996303579	0.0055046354096019
Master_Fvencimiento_avg12	0.00425759126373731	0.00340349521250799	0.00458973372346993
azar	0.00409854116508711	0.00870453381380404	0.00965837211169275
mprestamos_personales_lag1	0.00394195696968562	0.00108006844315249	0.000546726423634084
mcuenta_corriente_avg12	0.00387788806316229	0.00516305127981092	0.00498835957158794
mcuenta_corriente_avg6	0.00385637245657105	0.00464324138122493	0.00424508845895123
chomebanking_transacciones_tend12	0.00375373542939235	0.00258872865209299	0.00406515318028684
mrentabilidad_annual_avg12	0.00374185261705307	0.00313201148317523	0.00489977604978394
mrentabilidad_annual_avg6	0.00351674857565889	0.00592215561843931	0.00401947730185666
cmobile_app_trx_avg12	0.00345102018427344	0.00238288935579857	0.00403885494725128
ctransferencias_recibidas_avg12	0.00339674739121576	0.003209836548778	0.00507002250575101
mactivos_margen_avg12	0.00334208400620497	0.00293307578745354	0.00376341555914196
thomebanking_avg12	0.00329045720267197	0.00415275759950315	0.00606381889098967
chomebanking_transacciones_avg12	0.00325048359756695	0.00346105247007854	0.00587973125974073
cliente_antiguedad	0.00320400261919481	0.00364901996786658	0.00434612903850892
mrentabilidad_annual_tend6	0.00316862080466689	0.00503941636743561	0.0056942595109636
mcuentas_saldo_tend12	0.00316682553432452	0.00293325181229758	0.0035142744040682
mcuenta_corriente_tend6	0.00315035523167113	0.00506665103293307	0.00470323136078131
mcaja_ahorro_avg12	0.00311289609260638	0.00333705143645101	0.00578561126782397
thomebanking_tend12	0.00310711677983896	0.00491386537707628	0.0045149913769478
mcomisiones_otras_avg6	0.00308034936232239	0.00193196152263397	0.00222704510285377
cpayroll_trx_avg6	0.00307119277768587	0.00108027332773224	0.00110037343490911
cliente_edad_lag1	0.0030599241564016	0.00478494118523677	0.00426723433940223
cliente_edad_avg6	0.00305289837036187	0.004804628476102	0.00488870310955844
mrentabilidad_annual_delta1	0.00302151422265581	0.00524345072504427	0.00516414249766776
ctransferencias_recibidas_avg6	0.00300019631738623	0.00190973314181074	0.00382431673038221
mcuentas_saldo_tend6	0.00299274589304555	0.00364971885555231	0.00322084148809244
mactivos_margen_tend12	0.00297655179377843	0.00257288908712095	0.00414681611444991
mtransferencias_recibidas_avg12	0.00297107674697403	0.00409386992765986	0.00481672899809269
vm_status01	0.00296737624880452	0.00065055082056083	0.000139795870346943
mcaja_ahorro_avg6	0.00287774431804816	0.00300482030869364	0.00564166304489247
cliente_edad_tend12	0.00285017594976913	0.00532052328769609	0.00502573074484901
cliente_edad	0.00284862326780764	0.00521455952374586	0.00492330604776313
Visa_Fvencimiento_avg6	0.00282832441314377	0.00308545884022515	0.00393504613263722
mpasivos_margen_avg6	0.00281172577517519	0.00303280597878105	0.0058492806741206
mpasivos_margen_tend12	0.00279995781924567	0.00159920297180579	0.00318762266741594
cmobile_app_trx_tend12	0.00275285904858378	0.00206033457821124	0.00299938268358243
mactivos_margen_tend6	0.00275188034574918	0.00323908644466977	0.00403470259466672
cliente_edad_avg12	0.00272446135038405	0.00552880549873016	0.00496621369113694
ccomisiones_otras_avg12	0.0027047662790421	0.00338985380826412	0.00535653483408583
Visa_fechaalta	0.00270352035771623	0.00220445312774841	0.0032582126613535
ctarjeta_visa_transacciones_tend12	0.00267006496178812	0.00102372231729012	0.00205403041183033
vm_Fvencimiento_avg6	0.00265853386245173	0.00340024520236019	0.00356410263508295
ccomisiones_otras_avg6	0.00264942440588602	0.00251594394259058	0.00508801603361745
Master_Fvencimiento	0.00264529693191556	0.00238867459275265	0.00348520793597626
mcaja_ahorro_tend12	0.00259937827630236	0.00169671246184405	0.00341877029462326
mcomisiones_mantenimiento_tend12	0.00256885401877363	0.00434495822769117	0.00400148377399022
mpasivos_margen_avg12	0.00256598061383991	0.00311609198390133	0.00564581539747703
mrentabilidad_tend12	0.00256154471316593	0.00471224917867777	0.00451914372953236
mcuentas_saldo_avg12	0.0025439381112132	0.00325446249492482	0.00480980841045175
chomebanking_transacciones_avg6	0.00253190034750116	0.00221494569378482	0.00467139665763299
mactivos_margen_avg6	0.00252131641400594	0.00363193689355961	0.00332188206765013
chomebanking_transacciones_tend6	0.00251491621118347	0.00125863326966384	0.00309488679302737
ccomisiones_mantenimiento_avg12	0.00250985389843748	0.00442088988616325	0.00321115266539512
ctrx_quarter_avg12	0.00249946955635537	0.00438125217921257	0.00560013951904684
ctransferencias_recibidas_tend12	0.00248469945516766	0.00183061616329823	0.00341184970698232
mactivos_margen	0.00247473882878813	0.0034047348130751	0.00332049795012194
mrentabilidad_avg12	0.00245312899576729	0.00185036449608754	0.00248310684556847
Visa_Fvencimiento	0.00245259516648957	0.00234109615883506	0.00393089378005265
ccomisiones_mantenimiento_tend12	0.00245229538212952	0.0084029376538145	0.00379940261487483
mcomisiones_mantenimiento	0.00244654401269222	0.00181415666775037	0.00168447103180425
Master_fechaalta_avg6	0.00242254336044502	0.00155029542653807	0.00248725919815303
mtarjeta_visa_consumo_tend12	0.00242070465702324	0.00132362135543954	0.00193361218687801
mcomisiones_mantenimiento_avg12	0.00241740342556514	0.00476200062691724	0.00314886737662668
ctrx_quarter_tend6	0.00240917400442121	0.00167908463559561	0.00346859852563801
mrentabilidad_tend6	0.00238222055973973	0.00291032363174279	0.00403470259466672
ctrx_quarter_delta1	0.00237948357044181	0.00142620488212752	0.00274332094086773
mcomisiones_avg6	0.00237699737292812	0.00176630012500258	0.00254400801680872
mcuentas_saldo_lag1	0.00237302404889082	0.00358095261995058	0.00452468019964511
Master_Fvencimiento_avg6	0.00236640858428198	0.00187341827838151	0.00301183974133612
active_quarter_avg12	0.00235849620072427	0.00889074451589662	0.00733028642928128
cliente_antiguedad_avg12	0.00235741620295578	0.00230233101915345	0.00341877029462326
mpasivos_margen_lag1	0.00232507623653167	0.00250732784569098	0.00631572828111981
mcaja_ahorro_lag1	0.00231145939649233	0.00188981608054399	0.00501604192215169
Master_fultimo_cierre_avg12	0.00231123580451476	0.00305047673632935	0.0028139109348053
mactivos_margen_delta1	0.00228791759071396	0.00298792563699546	0.00340216088428501
vm_msaldopesos	0.00228266094928436	0.000930564067586036	0.00162080162550763
ctrx_quarter_normalizado_tend6	0.00225712671792072	0.00297490279525867	0.00352257910923732
vm_Fvencimiento	0.00225394392501885	0.00267587925595419	0.00299938268358243
mrentabilidad_delta1	0.00222603706460814	0.00234008509089299	0.00359316910317489
Master_Fvencimiento_lag1	0.0021809149312498	0.00206800840148235	0.00289280563391199
ccallcenter_transacciones_avg12	0.00217441085938861	0.00133557827619256	0.00237237744331347
vm_Fvencimiento_lag1	0.00216906827417656	0.00306582386170254	0.00312672149617568
mcuenta_corriente_lag1	0.00215195117262064	0.00307560275188165	0.00355718204744201
ctarjeta_debito_avg12	0.00213335440581635	0.00293303285615368	0.00268795623974023
mcuenta_corriente_delta1	0.00211987880139061	0.00405736281800016	0.00384646261083321
cproductos_tend6	0.0021142023416267	0.00215436552547665	0.00108791637715542
Master_mfinanciacion_limite_avg12	0.00210169534372392	0.00164587776375016	0.0023682250907289
mactivos_margen_lag1	0.00209465476658565	0.00338069139591592	0.00308935032291462
chomebanking_transacciones	0.00209099533957372	0.00137600835552593	0.003158556199324
mtransferencias_recibidas_tend12	0.00208040461384528	0.00183139361721708	0.00291218327930661
ctransferencias_recibidas_tend6	0.00207445601121491	0.00186070286123355	0.00237237744331347
mcuentas_saldo_delta1	0.00206898988373688	0.00165603280768554	0.00268103565209929
Visa_Fvencimiento_lag1	0.00206855474067516	0.00216558512232707	0.00331080912742463
mprestamos_personales_tend12	0.00204917172602601	0.00497190966711686	0.00134951458998286
mrentabilidad_avg6	0.00204337848089105	0.00276711602054544	0.00281529505233348
mcomisiones_tend12	0.00201875049029168	0.00172419096930717	0.0029800050381878
mrentabilidad	0.00201797166933026	0.00208206283219225	0.0029357132772858
Visa_mfinanciacion_limite_tend6	0.00201398778456724	0.00169149907762164	0.00210524276037327
mrentabilidad_annual	0.00200309919788933	0.00295212575372616	0.00269626094490935
mrentabilidad_annual_lag1	0.00199099040148177	0.00235285386272166	0.00281944740491805
Master_fechaalta	0.00196408731253173	0.00151795330442605	0.00309350267549918
mcuentas_saldo_avg6	0.00196077055470063	0.00252923883456745	0.00433090374569886
Master_mfinanciacion_limite_tend12	0.00195827041612057	0.00166370565376471	0.00265196918400735
mtransferencias_recibidas_tend6	0.00195452987931773	0.00105101131466023	0.0021356933459934
Visa_cconsumos_avg6	0.00195385890433049	0.00120107777103881	0.00203326864890752
mtransferencias_recibidas_avg6	0.00195278772831176	0.00154961315111556	0.00376895202925471
ccomisiones_otras_tend6	0.00195174936779225	0.00187463410061107	0.00332326618517832
ctarjeta_visa_debitos_automaticos_tend12	0.00193492453210592	0.00157118420748419	0.00157374162954925
mcuenta_debitos_automaticos_tend12	0.00193448304740778	0.00280577607951889	0.000968882269731287
mcaja_ahorro_dolares_avg12	0.00189948823824495	0.00197180658971736	0.00257030624984429
Master_fechaalta_lag1	0.00187450870986061	0.00144561119773282	0.0028914215163838
Visa_mpagospesos_tend6	0.00182706424004749	0.00131982353148215	0.00230455568443228
mcaja_ahorro_tend6	0.00182468431464009	0.00112355811049483	0.00260767742310535
cproductos_avg12	0.00181083622197343	0.00220749981682358	0.00324021913348706
ctarjeta_visa_transacciones	0.00180298968039977	0.00133180449115724	0.00195022159721626
vm_msaldototal	0.00179362992413304	0.000548166054716351	0.00147408516751974
Visa_fechaalta_avg6	0.00179068276875589	0.00131593815112566	0.0022464227482484
mrentabilidad_lag1	0.00178418323610402	0.0015064705823554	0.00266996271187379
vmr_msaldototal_lag1	0.00177486063111902	0.000592355652082502	0.00070174758679109
cliente_antiguedad_lag1	0.00176334143222694	0.00174355474448939	0.00258691566018254
Visa_mlimitecompra_tend6	0.00173879750202022	0.00136091614696055	0.00208309687992227
mttarjeta_visa_debitos_automaticos_tend12	0.00171700490585849	0.000905819222042049	0.00150453575313987
mpasivos_margen_tend6	0.00171506817420226	0.00139523245740481	0.0028028379945798
Master_mlimitecompra_tend12	0.00171415138605293	0.001740375939062	0.00218136922442358
vm_fechaalta	0.00167797880007504	0.00151498980695926	0.00244988802489197
mcomisiones_otras_tend12	0.00167722574977551	0.00145991135964616	0.00261459801074629
ccallcenter_transacciones_tend12	0.00166891214285095	0.00311473694439134	0.00163325868326131
ctrx_quarter_avg6	0.00164862605882906	0.00325909874957901	0.00461187960392093
Master_mlimitecompra_avg12	0.00164585857262406	0.00164089213039923	0.00188239983833507
mcomisiones_otras	0.00163384332502078	0.00171677714424203	0.00211354746554239
mttarjeta_visa_debitos_automaticos_avg12	0.00163321200954076	0.000570196912472549	0.00131491165177818
mcomisiones_mantenimiento_delta1	0.00160873282201625	0.00281902347996678	0.00220489922240277
mcomisiones_mantenimiento_avg6	0.00160827179975604	0.00203374453367298	0.00218552157700815
active_quarter_tend12	0.00158742504351892	0.010655821978326	0.00436965903648811
mcaja_ahorro_dolares_tend12	0.00157555418138673	0.00168575481758352	0.00144917105201237
ccajas_consultas_tend6	0.00157457548539398	0.00584656982077292	0.000755728170390404
Master_mfinanciacion_limite_tend6	0.00157252421886566	0.00118346473296195	0.00179796866911563
mtransferencias_emitidas_tend12	0.00156611212823392	0.000902530645385123	0.0013785810580748
Visa_fechaalta_lag1	0.00156248536711023	0.00162432416654445	0.00245542449500472
cproductos_tend12	0.00155529308046517	0.00379658318418885	0.00220766745745915
mcomisiones_tend6	0.00155423564906147	0.00166975349476997	0.00275439388109323
ccomisiones_otras	0.00153829301839667	0.00119160943246278	0.00222566098532559
Visa_mconsumospesos_avg6	0.00153549351823645	0.00101726978852351	0.00190869807137064
Visa_mpagominimo_avg6	0.00151632864986424	0.000649690175033598	0.00164156338843044
mv_status07_avg6	0.00150369845601838	0.00222017868699244	0.000811092871517906
mautoservicio	0.0014869421843757	0.000861881349323331	0.00143256164167412
thomebanking_avg6	0.00148338836757673	0.00178178509958747	0.00300076680111062
cprestamos_personales	0.00147766723740061	0.0015438739724756	0.000334956441821388
tcallcenter_tend12	0.00145998947287189	0.00225053176745451	0.00155297986662644
vm_status01_avg6	0.00144922524435141	0.0010426711116224	0.000305889973729449
vmr_msaldopesos2	0.00144730936049773	0.00085061211112163	0.00166232515135325
Visa_mpagominimo	0.00144348663225911	0.000558638816329153	0.00173291514529082
vm_fechaalta_avg6	0.00143177225466471	0.00128790127617984	0.0020457257066612
mcomisiones_otras_tend6	0.0014110159355092	0.00168133211194441	0.00237376156084165
chomebanking_transacciones_lag1	0.00140629232380682	0.000891759709933994	0.00255923330961879
tcallcenter_tend6	0.0013989700378173	0.00300182905897535	0.000710052291960215
ctransferencias_emitidas_avg12	0.00139155748668103	0.000769374365483735	0.0018242669021512
vm_fechaalta_lag1	0.00138930816055857	0.00132339191076866	0.00228240980398128
Visa_mconsumospesos_tend6	0.00138675443459307	0.000856870960442898	0.00185471748777132
ccajas_consultas_tend12	0.00137967863767955	0.00332578148164188	0.00102839932344335
Visa_cconsumos_tend6	0.00136848236592213	0.000689054333383203	0.00192530748170889
cproductos	0.00136071620811128	0.00181163030081781	0.00167616632663513
vm_mpagominimo	0.00135629258761063	0.000708312832418875	0.00141041576122312
active_quarter_avg6	0.0013524643344877	0.00453534583907327	0.0042257108135566
Visa_mpagado_avg6	0.00135164630543211	0.000871251577827142	0.00188793630844782
Visa_msaldopesos	0.00135131145059	0.000841197127226311	0.00160003986258481
mttarjeta_visa_debitos_automaticos_tend6	0.0013501670643991	0.00069856827425043	0.00107407520187354
Visa_mfinanciacion_limite_avg6	0.00135012768156856	0.00118976664387533	0.00181596219698207
cmobile_app_trx_avg6	0.00134704358252827	0.00108722813316338	0.00237791391342622
cliente_edad_tend6	0.00134341849134285	0.00229978315399789	0.00244435155477922
Visa_mpagospesos_avg6	0.00132990455853024	0.00088304999804517	0.00165817279876869
Visa_mfinanciacion_limite	0.00132714261703569	0.00133136762120754	0.00244296743725103
mcaja_ahorro_dolares_avg6	0.00132061996271372	0.00212360469538511	0.00193776453946258
vmr_mpagominimo_avg6	0.00131959140481626	0.000877221178329932	0.00137166047043387
ccomisiones_mantenimiento_avg6	0.00131701475537233	0.00269159478269416	0.00144778693448418
mtransferencias_emitidas_avg12	0.00131409492265505	0.000924047174442699	0.00219659451723365
mcomisiones_delta1	0.00131170006679777	0.00141031378656643	0.00204710982418939
Master_Fvencimiento_tend12	0.00129962176151614	0.0019417862756888	0.00202773217879477
mautoservicio_avg12	0.00129558680629099	0.000815304341720524	0.00227548921634034
mcomisiones_lag1	0.00128899806341752	0.00103266095268077	0.00217168040172627
cproductos_avg6	0.00128208224633989	0.00212155962806312	0.00253293507658322
ctarjeta_debito_transacciones_avg12	0.00127645696269981	0.00083506205555259	0.00213984569857796
tcallcenter_avg12	0.00127640890325909	0.00118727649819121	0.00146716457987881
Master_fultimo_cierre_tend12	0.00126912686593809	0.00517942927754979	0.00244435155477922
vmr_msaldopesos2_tend6	0.00126497502454553	0.00139661798530377	0.00179243219900288
ccallcenter_transacciones_avg6	0.00126386521447702	0.00122903959764254	0.00151560869336537
vm_mpagospesos_tend6	0.00125575210653671	0.000460271286608869	0.00103808814614067
Master_mfinanciacion_limite	0.00124879986291919	0.00131525190178921	0.00202219570868202
mtransferencias_recibidas	0.00124293815683623	0.00111562735088586	0.00187271101563776
mcaja_ahorro_delta1	0.00123458746619721	0.000901512541660985	0.00200697041587195
ctrx_quarter_normalizado_delta1	0.00123309090291882	0.00130387960240939	0.00161941750797944
mpasivos_margen_delta1	0.00123042682785081	0.00176254119328498	0.0025689221323161
vm_mfinanciacion_limite_tend6	0.00122824707979619	0.00141588430187507	0.00182841925473576
ctarjeta_visa_transacciones_avg12	0.00122667629452781	0.00104253476077171	0.00189900924867332
mcomisiones	0.00122650437166283	0.00155579024204332	0.00212323628823971
ccomisiones_mantenimiento_delta1	0.00121347118821697	0.00148406005295188	0.000377864085195202
mcuenta_debitos_automaticos	0.00121009286006802	0.000717906903026355	0.000445685844076392
cliente_antiguedad_avg6	0.0012012397519318	0.00150641651106726	0.00188101572080689
mcaja_ahorro_dolares_delta1	0.00119645367764887	0.00123694032488545	0.00106023402659167
Visa_mpagospesos_delta1	0.00119395100450896	0.000774598303379251	0.00178412749383376
mcaja_ahorro_dolares	0.00117871783129986	0.00141596899184445	0.00160834456775394
ctransferencias_emitidas_tend12	0.00116743725280471	0.000841528265006564	0.00125401048053792
mcomisiones_otras_lag1	0.00116002396477024	0.000748105065990601	0.00196683100755451
ccallcenter_transacciones_tend6	0.00115069996929976	0.00185192500649245	0.00106161814411985
vmr_Master_mlimitecompra_avg6	0.00114942021472616	0.00270150051238894	0.00142010458392043
ctarjeta_debito_avg6	0.00114801625613217	0.00118843955205524	0.00134120988481374
vm_status01_tend6	0.00114398181057936	0.00150119127024914	0.000460911136886455
Master_mfinanciacion_limite_delta1	0.00114310327096248	0.00114518975276462	0.00187547925069414
ccajas_transacciones_tend12	0.00114290862472306	0.00197866406682984	0.00138826988077212
ctarjeta_visa_debitos_automaticos_avg12	0.00113545797870268	0.000540918156845054	0.00126369930323524
Master_status_avg12	0.00113250742761193	0.00166615215154154	0.000538421718464958
vm_mlimitecompra_tend6	0.00112745295070979	0.00139964578200115	0.00170661691225525
Visa_mconsumospesos	0.0011200709990085	0.000543098532679656	0.00166509338640963
Visa_mpagospesos_lag1	0.00111790602519807	0.00083626869217778	0.00171907397000894
Visa_mfinanciacion_limite_delta1	0.00110621567306878	0.00111494800703921	0.00206095099947127
mtarjeta_visa_consumo_avg12	0.00110495140948264	0.0022741172724639	0.00182565101967938
chomebanking_transacciones_delta1	0.00110481260062854	0.00107166335456889	0.00187547925069414
Master_mfinanciacion_limite_avg6	0.00110415509893358	0.000561131893589135	0.00113220813805742
Visa_msaldopesos_tend6	0.00110106208825216	0.000505490062541306	0.00111144637513461
vmr_Visa_mlimitecompra	0.00110105802345034	0.00161642806467679	0.00143671399425868
cproductos_delta1	0.00109827395686795	0.00061041591834379	0.000166094103382506
Visa_mpagominimo_tend6	0.0010870844413648	0.000696796429798863	0.00139934282099762
Visa_mlimitecompra_delta1	0.00108245310463712	0.00125787568531473	0.00173845161540357
cmobile_app_trx_tend6	0.00108201368389822	0.00219148689799884	0.0012789245960453
mprestamos_personales_avg6	0.00108006453637335	0.000627931628102003	0.000451222314189142
vm_fultimo_cierre_avg6	0.00107738028052546	0.00113754895858156	0.001490694577858
vmr_msaldopesos2_avg6	0.00107574736501086	0.000892862112750724	0.00236684097320072
ctarjeta_debito_transacciones_tend12	0.00106981887982914	0.000736008537080376	0.00139795870346943
mautoservicio_avg6	0.00106690157023098	0.000611711479436823	0.001645715741015
mv_status07_tend6	0.00105268543886211	0.000934627818047257	0.000546726423634084
ccaja_ahorro	0.0010466853767134	0.000758418284730328	0.000224227039566384
vmr_msaldopesos_lag1	0.00104587023404534	0.000434837585883219	0.000721125232185715
Visa_mfinanciacion_limite_lag1	0.0010436951141937	0.000761775460262448	0.00146024399223787
Visa_fultimo_cierre_avg6	0.00104267740011591	0.000968841458190181	0.00127200400840436
thomebanking_tend6	0.00104209889844072	0.00298068953057375	0.00192669159923707
mpayroll_avg6	0.00101902680484661	0.000332742850610781	0.000651919355776338
vmr_mpagado_avg6	0.00101758828847101	0.000822592695338729	0.00147408516751974
vm_mfinanciacion_limite	0.00101151159186554	0.000567191135167201	0.00117511578143123
mtransferencias_emitidas_tend6	0.00100816304121334	0.000419046424485984	0.000906596980962848
vm_status04_tend6	0.00100742789014308	0.000677736300729918	0.000253293507658322
vmr_Visa_mlimitecompra_avg6	0.00100303531801042	0.00106730931295111	0.00126646753829161
Visa_cconsumos	0.000994497474272085	0.000320789122018148	0.00115020166592386
cpagomiscuentas_tend12	0.000994255027580728	0.000632887424525255	0.000797251696236031
mttarjeta_visa_debitos_automaticos_avg6	0.00099267595091499	0.000382505243400139	0.000863689337589034
Visa_cconsumos_lag1	0.000992440692560423	0.000352629684073078	0.00108653225962723
Visa_mpagominimo_lag1	0.000984853422445057	0.000708580843598879	0.00143671399425868
cprestamos_personales_tend12	0.000979337370308498	0.00316985369762905	0.000914901686131973
ctarjeta_visa_transacciones_tend6	0.000976012511071252	0.000582239304948504	0.0012124869546923
ctarjeta_debito_transacciones_avg6	0.00096827865142824	0.000549903632303386	0.00171492161742438
mcomisiones_otras_delta1	0.000967445078078133	0.00164251993675673	0.00186025395788407
vmr_msaldopesos_avg6	0.000966430775840263	0.000340438367543285	0.000858152867476283
vmr_msaldopesos2_lag1	0.000961610351392421	0.00055361025167837	0.00137166047043387
vmr_mpagominimo	0.000953463745739167	0.000711607467665918	0.0012567787155943
vm_cconsumos_avg6	0.000944338993829296	0.000532493915299151	0.00127061989087617
Visa_msaldototal	0.000940999192129051	0.000556713683033019	0.00140349517358218
Visa_mpagospesos	0.000940828577996315	0.00110827183160732	0.001712153382368
ccomisiones_otras_lag1	0.000940154453493868	0.000974330736274359	0.0018131939619257
Master_fultimo_cierre_avg6	0.000932691465416879	0.0019829808448611	0.00115573813603661
cextraccion_autoservicio_tend12	0.000927359000763091	0.00116977694467331	0.00102009461827423
vmr_msaldopesos2_delta1	0.000926013998320765	0.000598472482839742	0.00109760519985273
vm_status06_delta1	0.000920654061360707	0.00295415824784501	0.000222842922038196
vmr_Master_mlimitecompra_lag1	0.000918687147310345	0.000919180758510202	0.000992412267710476
Visa_msaldopesos_avg6	0.000917983537813773	0.000568203571178003	0.00108653225962723
Master_mlimitecompra_delta1	0.000916597329700662	0.000777403626041703	0.00132875282706005
ccaja_seguridad	0.000914910903081412	0.00104968037921845	8.16629341630657e-05
Visa_mpagado_tend6	0.00091432630488557	0.00042860785688219	0.0011681951937903
matm_avg12	0.000913586163220865	0.000455113341743334	0.00112113519783192
vmr_Master_mlimitecompra	0.000909407235581816	0.00237201535916933	0.00133567341470099
Master_mlimitecompra_tend6	0.000903993463835052	0.000852215161949622	0.00127754047851711
mtransferencias_recibidas_lag1	0.000902744326163309	0.00141125579961039	0.00178412749383376
mcaja_ahorro_dolares_tend6	0.000900662447393647	0.0016921980304535	0.0012014140144668
Master_mpagospesos_tend12	0.000877499103902957	0.00167760158393961	0.000791715226123281
vm_status05_tend6	0.000870751168933078	0.000484227733684113	0.000193776453946258
mautoservicio_tend12	0.000866506391762288	0.000675780223021897	0.00128169283110167
mtarjeta_master_consumo	0.00086164928381888	0.000175748168422231	0.000171630573495257
cdescubierto_preacordado_tend12	0.000860247316176634	0.00503333471558873	0.000715588762072965
vmr_Visa_mlimitecompra_lag1	0.00085870760857762	0.000771259564202003	0.00101594226568966
Master_mfinanciacion_limite_lag1	0.000857338975495788	0.000858215967448819	0.00100210109040779
cextraccion_autoservicio_avg12	0.000855365564782201	0.000427796657267847	0.00117788401648761
mextraccion_autoservicio_avg12	0.00085045948591063	0.000534233056393314	0.00118895695671311
mtransferencias_emitidas_avg6	0.000842940012110866	0.000557188077153774	0.00153775457381637
ccajas_transacciones_tend6	0.00084186320638622	0.00305609578550506	0.00052042819059852
Master_mconsumospesos_avg12	0.000840349537581501	0.00165017597513428	0.000811092871517906
vmr_mpagospesos_tend6	0.000831536852932011	0.000390039588806311	0.00115020166592386
mextraccion_autoservicio_tend12	0.000821751272019706	0.000987553641777259	0.000959193447033974
vmr_Master_mlimitecompra_tend6	0.000818029694965935	0.00256787726502565	0.000979955209956788
mcuenta_debitos_automaticos_avg12	0.000815409070490995	0.000435023512939061	0.000888603453096409
Visa_msaldopesos_delta1	0.000814606103748139	0.000364635464423812	0.000867841690173596
ccajas_consultas_avg12	0.000813406135679318	0.00188712899810801	0.00132598459200368
mtarjeta_visa_consumo_tend6	0.000810532877213723	0.000359003776898825	0.000863689337589034
ccuenta_debitos_automaticos_tend12	0.000807938580424186	0.00219287789817275	0.000833238751968907
Visa_mconsumospesos_lag1	0.000807590310858506	0.000480255513535946	0.0013785810580748
vm_mpagominimo_avg6	0.000806794271785568	0.000624278558846116	0.00147270104999156
cpagomiscuentas_avg12	0.000805248871522998	0.000394502880484587	0.000977186974900413
mprestamos_personales_delta1	0.000804890595038403	0.00218278930329025	0.000578561126782397
Visa_mconsumospesos_delta1	0.000802159951318325	0.000349383973569881	0.00121525518974867
mcomisiones_mantenimiento_lag1	0.000800926815365023	0.00238015465154135	0.00114604931333929
cdescubierto_preacordado_avg6	0.000799672859107355	0.00208168602697466	0.000603475242289773
thomebanking	0.00079665921803235	0.000488129596011569	0.000555031128803209
vm_mpagado_avg6	0.000795481046440414	0.000449180613950287	0.00130660694660905
foto_mes	0.00079483799911155	0.0103526538422126	0.000924590508829286
vm_mconsumospesos_avg6	0.000790747237036964	0.000493676072398139	0.00124293754031242
Visa_mconsumosdolares_avg6	0.000780629228140146	0.000461700853291904	0.0009785710924286
mprestamos_personales_tend6	0.000779514922952335	0.00120895524111321	0.000658839943417276
ctarjeta_visa_debitos_automaticos_avg6	0.000779162170955651	0.000264324951367695	0.000759880522974967
vmr_mconsumospesos_avg6	0.000777630274247183	0.000409243821115453	0.00112805578547286
Visa_mpagominimo_delta1	0.00077660654535603	0.000529491460446448	0.00119449342682586
ccuenta_debitos_automaticos_avg12	0.000773889896148311	0.000588592681304819	0.000813861106574282
vmr_mpagospesos_lag1	0.000772161337444571	0.000364828166677203	0.00107130696681717
catm_trx_avg12	0.000761828111671258	0.000464461225124457	0.0010117899131051
ccajas_transacciones_avg12	0.000759294910323035	0.000886277793362538	0.00125816283312249
vmr_msaldopesos	0.00075727236266996	0.000376345937365951	0.000914901686131973
mpagomiscuentas_avg12	0.00074796311420988	0.000518234339424982	0.000977186974900413
mcuenta_debitos_automaticos_tend6	0.000747393419029697	0.000408412230762329	0.000524580543183083
mcaja_ahorro_dolares_lag1	0.00074365521934124	0.00067010332408249	0.0012789245960453
ctransferencias_emitidas_avg6	0.00073803180428375	0.000362589224471473	0.00113912872569836
ccajas_otras_tend12	0.000732184237820451	0.00482130953363897	0.000800019931292406
Visa_mlimitecompra_avg6	0.000724618442262871	0.000891376846126292	0.000985491680069538
mv_status07_delta1	0.000723809984919372	0.00578696977599493	0.00084846404477897
ctarjeta_visa_avg12	0.000723519082513512	0.00174357441862074	0.000752959935334029
vmr_mpagado_tend6	0.000713063903160373	0.000390075223739578	0.000871994042758159
Visa_mconsumosdolares_tend6	0.000710776167570552	0.000427722130094798	0.000790331108595093
mtransferencias_recibidas_delta1	0.000702026905950151	0.000475939842988902	0.00129414988885536
Visa_msaldototal_delta1	0.000696472570099722	0.000360893861576864	0.000907981098491035
cprestamos_personales_avg12	0.000696273940469847	0.0023259779569637	0.000838775222081657
cpayroll_trx_avg12	0.000694345726659624	0.00100899916155282	0.00103255167602791
cproductos_lag1	0.000693454742839437	0.00161981247129137	0.00127200400840436
mextraccion_autoservicio_tend6	0.000691871747415657	0.000368784295731189	0.000614548182515274
Visa_msaldototal_tend6	0.000691835467140116	0.000447346880674947	0.0010893004946836
vmr_mpagospesos_avg6	0.000690984695282955	0.000479621902272767	0.00115296990098023
mplazo_fijo_dolares	0.000690937693081363	0.00116491873715323	0.000121802342480505
tcuentas_avg12	0.000684899087813224	0.00245734792997259	0.000867841690173596
vmr_mpagominimo_delta1	0.000684342151614573	0.00040822897469783	0.000746039347693091
mtarjeta_visa_consumo_avg6	0.000679826106709854	0.000357767563930484	0.000852616397363533
vm_status05_delta1	0.000679489216514381	0.00249006229707307	0.000193776453946258
matm_tend12	0.000672129134292918	0.000916585597264058	0.000806940518933344
Visa_msaldototal_avg6	0.000669638495043319	0.000586500773915148	0.000996564620295038
mautoservicio_tend6	0.000669424622778608	0.000342753335283061	0.000866457572645409
vmr_mpagominimo_tend6	0.000665334869992415	0.000856589854890706	0.0009674981522031
mpagomiscuentas_tend12	0.000665242774298782	0.000428182452651411	0.000711436409488402
ctransferencias_emitidas_tend6	0.000663741790780631	0.00047414643516821	0.000887219335568222
vmr_msaldopesos_tend6	0.000659899887253514	0.000374729010412209	0.000800019931292406
mforex_sell_tend12	0.000658288038922632	0.000281842485217557	0.000534269365880396
cdescubierto_preacordado_avg12	0.000657944259906625	0.0020695803776062	0.000934279331526599
Master_msaldopesos_tend12	0.000655556958961684	0.00120136421857368	0.000750191700277654
mttarjeta_visa_debitos_automaticos	0.000655362725701062	0.000278729868258537	0.000776489933313218
cpagomiscuentas_tend6	0.000651815340894758	0.000377904819117607	0.000491361722506582
vm_cconsumos_tend6	0.000648851344275322	0.000468470187690106	0.000906596980962848
ctarjeta_debito_transacciones_tend6	0.000647585527798342	0.000401610518737374	0.000913517568603785
vm_mfinanciacion_limite_avg6	0.000645436544379717	0.00090429128470228	0.00109760519985273
vm_mpagominimo_tend6	0.0006435163141794	0.000378890675507252	0.000865073455117221
vm_mfinanciacion_limite_lag1	0.000642359243085019	0.000410058994643744	0.000870609925229971
matm_tend6	0.000636550031213466	0.000236636803657307	0.000494129957562957
ccaja_seguridad_lag1	0.000634469840097321	0.000100953179631405	1.79935278664382e-05
ctarjeta_visa_transacciones_avg6	0.000633874554030743	0.000411269540036751	0.00110590990502186
matm_other_avg12	0.000631792261648809	0.000785413994221888	0.000708668174432027
vmr_msaldototal_avg6	0.00062476764423333	0.000433736485989095	0.000903828745906472
Master_status_tend12	0.000624078761428429	0.00204045360790067	0.000574408774197835
vm_mfinanciacion_limite_delta1	0.000621583988938491	0.000600833443747501	0.0012124869546923
mtarjeta_visa_consumo_lag1	0.000621368022108105	0.000286587143032545	0.000862305220060846
Visa_mconsumototal_tend6	0.000620372907582276	0.000308340804004369	0.000794483461179656
mforex_sell_avg12	0.000618334681071188	0.000244025417170025	0.000621468770156212
cseguro_accidentes_personales_avg12	0.000617113625530597	0.000569220371979535	0.000498282310147519
vm_fultimo_cierre_tend6	0.000615935284812571	0.00228894635580904	0.000812476989046094
ctransferencias_recibidas_lag1	0.000615880307854484	0.000489207047860398	0.000679601706340089
cplazo_fijo_tend12	0.000615364605888432	0.000429075671243787	0.000174398808551632
Master_mconsumospesos_tend12	0.000613534870363084	0.000990875573252893	0.000748807582749466
ctarjeta_debito_transacciones_delta1	0.000613335508383539	0.000410701530926772	0.000422155846097204
catm_trx_tend12	0.00060924448263994	0.00135233568499422	0.000924590508829286
cforex_sell_tend12	0.00060594995875675	0.000349622864429646	0.000459527019358268
ctarjeta_debito_tend12	0.000605128722799754	0.0034911020347196	0.000884451100511847
mpayroll_tend12	0.000604276517393543	0.00052227255260313	0.000578561126782397
vmr_msaldototal_tend6	0.000603275834445399	0.000452135577274011	0.00084846404477897
Master_fultimo_cierre	0.000601212362309455	0.000443943581682584	0.000743271112636716
Visa_cconsumos_delta1	0.000601000474198116	0.000518079812803939	0.000867841690173596
vmr_mconsumospesos_tend6	0.000599604469576904	0.000379654709323267	0.000881682865455472
vmr_msaldototal	0.000598791965028728	0.000410897816217329	0.00102839932344335
Visa_mlimitecompra	0.000594520203640959	0.000720488253292878	0.000917669921188348
cprestamos_personales_tend6	0.00059324960276416	0.00143649771012847	0.000488593487450206
mttarjeta_visa_debitos_automaticos_delta1	0.000588143979577871	0.000526509656917047	0.000841543457138033
catm_trx_other_avg12	0.000583185440836917	0.000346603406436938	0.000516275838013957
vmr_mconsumospesos	0.000579143510721425	0.000449764062693145	0.000919054038716535
vmr_mpagospesos_delta1	0.000578293720446906	0.000275195625544295	0.00071835699712934
vm_msaldototal_avg6	0.000577627814083569	0.000402511424573123	0.000970266387259475
mextraccion_autoservicio_avg6	0.000573424651479504	0.000286049231434759	0.000770953463200467
vm_fultimo_cierre	0.000572936221860893	0.000398959852988225	0.000844311692194408
vm_mpagospesos_delta1	0.000572767058554167	0.000262579360806635	0.000686522293981027
vmr_mpagospesos	0.000569394568544538	0.000363305897050769	0.000985491680069538
Master_mpagospesos_avg12	0.000567777083476445	0.000786941605831006	0.000721125232185715
catm_trx_other_tend12	0.000567574326044684	0.00108726930551772	0.000553647011275021
vm_mconsumospesos_tend6	0.000563440136927158	0.000228588259844774	0.000708668174432027
Master_msaldopesos_avg12	0.000561640219828835	0.000792790751138893	0.000553647011275021
matm_other_tend12	0.000558326849305674	0.00106647355324565	0.000564719951500522
vm_fultimo_cierre_lag1	0.000558167279400626	0.000430834942492208	0.000909365216019223
ctarjeta_visa_transacciones_lag1	0.000553047799304093	0.000286302324150927	0.000873378160286346
cextraccion_autoservicio_tend6	0.000552517819470039	0.000680523252183629	0.000550878776218646
cpayroll_trx_lag1	0.000551491866392912	0.000248578024192926	0.000318347031483137
vmr_msaldopesos_delta1	0.000549749188724092	0.000543641134798823	0.00065053523824815
vm_mconsumospesos	0.000546070982144383	0.00032323679242532	0.000968882269731287
cextraccion_autoservicio_avg6	0.00054354686127095	0.000485850849520233	0.000750191700277654
vm_cconsumos_lag1	0.000543404112447631	0.000216882607716276	0.000570256421613272
mcuenta_debitos_automaticos_avg6	0.000542402446131606	0.00024314587926501	0.000552262893746834
Visa_msaldototal_lag1	0.000541176905982681	0.000422399756396417	0.000854000514891721
catm_trx_tend6	0.000540827987642214	0.000358002741460823	0.00044706996160458
ctarjeta_debito_transacciones	0.000539457156545998	0.000508853948124845	0.000927358743885661
Visa_msaldopesos_lag1	0.000532542656961613	0.000496754096761976	0.000884451100511847
ctarjeta_master_transacciones	0.000531652235964313	6.68715906945751e-05	5.81329361838773e-05
Master_msaldototal_tend12	0.000531077963839362	0.000724655064932214	0.000661608178473651
mcheques_depositados_avg12	0.000530884533973706	0.00110549523838833	0.000161941750797944
ctarjeta_visa_transacciones_delta1	0.000529814558208298	0.000771659235711318	0.000556415246331397
Master_msaldopesos_tend6	0.000528461502412806	0.000544086017722558	0.000348797617103264
mttarjeta_visa_debitos_automaticos_lag1	0.000528216982360087	0.000222535402587476	0.000698979351734714
matm_other_tend6	0.000527313242048214	0.000310038121282887	0.000280975858222073
Master_mlimitecompra	0.000523383108538205	0.000812875237960484	0.000950888741864849
vmr_mpagominimo_lag1	0.000523156370122462	0.000383169212760032	0.000902444628378285
mpagomiscuentas_tend6	0.000523146489663635	0.000281984373489323	0.000478904664752894
vm_mpagominimo_lag1	0.000521388329102249	0.000354879766267088	0.00096196168209035
vm_mpagospesos_lag1	0.000520185127211874	0.000366347244143254	0.00105469755647892
mtransferencias_emitidas	0.000520156812524151	0.000649588025901307	0.000791715226123281
vm_mpagospesos_avg6	0.000519390374328284	0.000626325450259758	0.00132875282706005
cforex_sell_avg12	0.000519364535495171	0.000257665518491288	0.000369559380026077
vm_msaldopesos_avg6	0.000517171962288734	0.000457540425973336	0.000964729917146725
mpagomiscuentas	0.000516606708912221	0.000186060605408395	0.000369559380026077
mv_status07	0.000511448758137713	0.000763423396774207	0.000451222314189142
cdescubierto_preacordado_tend6	0.000510962407186652	0.000769358600120205	0.000112113519783192
mpayroll_avg12	0.000510206028616534	0.000471450297420121	0.000939815801639349
active_quarter_tend6	0.000509101408099914	0.00612826435912859	0.00155297986662644
ctransferencias_recibidas	0.000508933562074126	0.000340773348945225	0.00071282052701659
vm_msaldopesos_delta1	0.000507674536533965	0.000481799476823766	0.000478904664752894
ctarjeta_visa_debitos_automaticos_tend6	0.000507082913256003	0.000500035963367483	0.000611779947458899
Visa_status_tend6	0.0005027446364916	0.000324187079027827	0.000166094103382506
vm_Fvencimiento_tend6	0.000496405712025813	0.00106302569430017	0.000874762277814534
mtransferencias_emitidas_delta1	0.000492532816292263	0.000294310737947203	0.000453990549245518
mprestamos_personales_avg12	0.000491080070953284	0.00111027318587589	0.000711436409488402
mautoservicio_lag1	0.000487470956887221	0.000254237333677155	0.000931511096470224
mtarjeta_visa_consumo_delta1	0.000485474482862753	0.000252392069536754	0.000638078180494462
vm_mlimitecompra	0.000485317080333671	0.000279181526379822	0.000542574071049521
vm_msaldopesos_tend6	0.000482806566632253	0.000348128737931496	0.000676833471283714
cpayroll_trx_tend12	0.000475724391253044	0.000803936732862089	0.00057164053914146
ccajas_consultas	0.000473421308800205	0.000808197876098082	0.000163325868326131
ccaja_ahorro_avg6	0.000472680954933204	0.000359604033343296	0.00024914115507376
ctarjeta_master	0.000472473107241868	6.25051061659069e-06	2.07617629228133e-05
ccajas_extracciones_tend12	0.000472334906788236	0.000711889029241022	0.000543958188577709
Visa_mlimitecompra_lag1	0.000469771546994443	0.000546416425095212	0.000676833471283714
ccallcenter_transacciones	0.000469515855686806	0.00126122445699604	0.000275439388109323
matm_other_avg6	0.000467674795924093	0.000718886896264274	0.00038478467283614
ccuenta_debitos_automaticos_avg6	0.000462305844822305	0.00018603454695628	0.000498282310147519
mpayroll_sobre_edad_avg6	0.000461967994710782	0.000336321392693619	0.000869225807701784
Visa_fultimo_cierre_lag1	0.000461363060211532	0.000589988893169147	0.000830470516912532
ccajas_otras_avg6	0.000459234586556568	0.00132046626320357	0.00026575056541201
cpagomiscuentas_avg6	0.000457408559386882	0.000215985740940604	0.000584097596895148
vm_msaldopesos_lag1	0.000456271112351706	0.000392920350687636	0.000755728170390404
ccajas_depositos_avg12	0.00045524245635824	0.0010935942130151	0.000337724676877763
vm_mpagominimo_delta1	0.000449780026938413	0.000369474518981588	0.0006339258279099
vm_mpagado_tend6	0.000449218098511455	0.000250255146171054	0.000687906411509214
mcuenta_debitos_automaticos_lag1	0.000446546282233681	0.000180130809191211	0.000308658208785824
ccajas_extracciones_avg12	0.000442724085576183	0.000705005949699337	0.00050935525037302
vm_mlimitecompra_delta1	0.000442168153897829	0.00071012278735666	0.000909365216019223
Master_mlimitecompra_avg6	0.000436101510356223	0.000429691367321137	0.000548110541162271
vmr_Visa_mlimitecompra_tend6	0.000436022697967453	0.000921512143074811	0.0006560717083609
ccajas_consultas_avg6	0.000431828614946585	0.00129751463004188	0.000444301726548205
catm_trx_other_tend6	0.000427890442594146	0.000689746771602032	0.000303121738673074
Master_mconsumospesos_tend6	0.00042779979131615	0.000225984434163302	0.000283744093278448
Visa_fultimo_cierre_tend6	0.000426784615159412	0.00326994108518893	0.000878914630399097
ccaja_seguridad_avg6	0.000425427404771071	0.00171670020666216	0.000120418224952317
Visa_mconsumosdolares	0.000423919418286413	0.000203694229662428	0.000409698788343516
mtransferencias_emitidas_lag1	0.000423902239432855	0.000384103408268359	0.000552262893746834
cforex_avg12	0.000422265169857506	0.000450694870602696	0.000358486439800576
vmr_mconsumospesos_lag1	0.000419693540001544	0.000298068236449941	0.000776489933313218
cprestamos_prendarios_avg12	0.000417887490632359	0.00121086428331516	0.000163325868326131
Visa_mconsumototal	0.000412887728030834	0.000211204601292654	0.000584097596895148
vmr_msaldototal_delta1	0.000407644386972181	0.000740421145069288	0.000697595234206527
Master_mlimitecompra_lag1	0.000404953835058004	0.000500222607030758	0.000489977604978394
mpagomiscuentas_avg6	0.000403102740198624	0.000262578774491462	0.000592402302064273
catm_trx_avg6	0.00040267537475771	0.000194111559627748	0.00052042819059852
cforex_tend12	0.000401393848165402	0.000389017706606617	0.00044153349149183
ccuenta_debitos_automaticos_tend6	0.000400086877695688	0.000711264147559302	0.000347413499575076
ccaja_ahorro_avg12	0.000399356061115516	0.00062854432745736	0.000312810561370387
mpayroll_delta1	0.000399269876187208	0.000406861557423089	0.000238068214848259
ccomisiones_mantenimiento	0.000397552539336109	0.00355659461212824	0.000438765256435454
Master_msaldototal_avg12	0.000396865811235862	0.000266680049123729	0.000568872304085085
mtarjeta_master_consumo_tend12	0.000395787086573299	0.000341788455947369	0.000246372920017385
Visa_fultimo_cierre	0.000393156388742915	0.000564751608026315	0.000804172283876969
Master_mpagado_avg12	0.000386737513436877	0.000281303987304598	0.0003224993840677
Visa_Fvencimiento_tend6	0.000385190066028159	0.000927333731569587	0.000705899939375652
Master_msaldodolares_avg12	0.000381572316529547	0.00100728093236648	0.000235299979791884
vmr_mconsumospesos_delta1	0.000381544852035172	0.000237801225590071	0.000495514075091144
vmr_mconsumosdolares_avg6	0.000379661601023574	0.000238379788373157	0.000494129957562957
ccallcenter_transacciones_delta1	0.000377528626828657	0.000454057127532979	0.000226995274622759
mplazo_fijo_dolares_delta1	0.000377252973238043	0.000409557239148267	8.9967639332191e-05
mpagomiscuentas_delta1	0.000376548565437792	0.000377054922701873	0.000275439388109323
vm_mlimitecompra_avg6	0.000376298238683618	0.00061035702624201	0.000542574071049521
ctarjeta_master_transacciones_tend12	0.00037529566316493	0.000418677436804034	0.000314194678898575
mpayroll_tend6	0.000374663232315619	0.000434788074824201	0.000388937025420703
vm_mconsumototal_avg6	0.000371097918608143	0.00020176818432047	0.000427692316209954
Visa_mconsumototal_lag1	0.000370022060805168	0.000168571344979078	0.000473368194640143
matm_avg6	0.000367468144264932	0.000218539794978537	0.000603475242289773
mpagomiscuentas_lag1	0.000365855715211846	0.000168311867942142	0.000346029382046888
ctarjeta_visa_debitos_automaticos_lag1	0.000364609520801397	0.000152830411248295	0.00024914115507376
tcuentas_tend12	0.000364103702801692	0.00355065764983672	0.000871994042758159
vm_cconsumos	0.000360388296678561	0.000172427539869203	0.000624237005212587
mautoservicio_delta1	0.000358690728498916	0.000311971984160479	0.000491361722506582
Visa_mpagado_lag1	0.000355196868537127	0.000182809487776383	0.000423539963625391
cseguro_accidentes_personales_tend12	0.000354735163100946	0.00278265610875654	0.000507971132844832
Master_cconsumos_avg6	0.000354612326332291	0.000178508279670263	0.000323883501595888
ctarjeta_debito_transacciones_lag1	0.000352677122556688	0.000222467846050368	0.000687906411509214
Visa_mconsumototal_avg6	0.000351692193363187	0.000287797949010074	0.000714204644544778
ctransferencias_recibidas_delta1	0.00034666492793866	0.00037403429207882	0.000462295254414643
vm_msaldototal_tend6	0.000343994289432721	0.000304087804034662	0.000653303473304525
vm_msaldototal_delta1	0.000340116922935291	0.000274186055963225	0.000480288782281081
ccomisiones_otras_delta1	0.00033675442020729	0.000663858937202146	0.000495514075091144
tcallcenter	0.000336020573881369	0.000196654278239011	0.00013564351776238
Master_mpagospesos_tend6	0.000334122298823872	0.000172405064454253	0.000334956441821388
vm_mconsumospesos_lag1	0.000333007391846508	0.000268026554490647	0.000734966407467591
cseguro_vida_tend12	0.00033226319447333	0.00422259314368743	0.000492745840034769
mcuenta_debitos_automaticos_delta1	0.000330224841904503	0.000216145153521419	0.000359870557328764
ctarjeta_debito	0.000327730191300155	0.000549180314818801	0.000448454079132767
ccaja_ahorro_lag1	0.000321604786243058	0.000275477187119399	0.000170246455967069
ctarjeta_visa_tend12	0.00031986592730788	0.0031775695401542	0.0006560717083609
vm_mpagospesos	0.000319807402577579	0.000401724394173117	0.00100902167804873
ccaja_ahorro_tend12	0.000317576688830746	0.00212769724043592	0.000267134682940198
vmr_mconsumosdolares_tend6	0.000314431413668146	0.000199527548315353	0.000272671153052948
Visa_Finiciomora_lag1	0.000311528677805235	0.00255330296819606	0.000166094103382506
Master_msaldototal_tend6	0.000311113842306416	0.000370122266955039	0.000314194678898575
ccajas_extracciones_tend6	0.000310240896261393	0.000419012809082756	0.000225611157094571
cmobile_app_trx	0.000310045292627886	0.000220022455757756	0.000563335833972334
Master_fultimo_cierre_lag1	0.000309871304968443	0.000409508900719594	0.000660224060945463
catm_trx_other_avg6	0.000309346242522864	0.000170042670331628	0.000204849394171758
cprestamos_personales_avg6	0.000307049618480575	0.00246173649903943	0.000459527019358268
cdescubierto_preacordado_delta1	0.000306319266085909	0.00209782383093116	0.000146716457987881
Master_fultimo_cierre_tend6	0.000305707483162664	0.00505363841913873	0.000797251696236031
Visa_mconsumototal_delta1	0.000303990140241353	0.000122594789259134	0.00051489172048577
cmobile_app_trx_lag1	0.000303298237809477	0.000174334562541117	0.000397241730589828
mextraccion_autoservicio	0.00030318041175135	0.000239343104201722	0.00037924820272339
ccajas_otras_avg12	0.000302863012460348	0.00140654697216706	0.000387552907892515
mpayroll_sobre_edad_tend6	0.000300145495510028	0.000186315066193299	0.000303121738673074
vm_mconsumosdolares_avg6	0.000294312715130551	0.00023248569223537	0.000510739367901207
Master_mpagado_tend12	0.000294035620367129	0.000201024671535496	0.000310042326314012
cseguro_vida_avg12	0.000292764313096238	0.00109708409121461	0.000388937025420703
Visa_mconsumosdolares_lag1	0.000291724946832737	0.000171513995684177	0.000359870557328764
tcallcenter_avg6	0.000290401228889124	0.000260166087556254	0.000507971132844832
vm_mconsumospesos_delta1	0.000288039125799605	0.000165071629713889	0.000448454079132767
cprestamos_personales_lag1	0.00028642671192221	0.00264049826230264	0.000293432915975761
Master_mpagominimo_tend6	0.000286312994197696	0.000902351754111352	0.000326651736652263
ccaja_seguridad_avg12	0.000284558934590575	0.000253089849738266	3.32188206765013e-05
Master_delinquency_avg12	0.00028138497275635	0.00167606185515026	0.000332188206765013
Visa_mpagado	0.0002810150643462	0.000338874599831857	0.000283744093278448
Master_mpagado_avg6	0.000280231011333988	0.000275037450739956	0.000211769981812696
Master_mpagominimo	0.000279176699722667	0.000171403507847209	0.00026575056541201
Master_msaldopesos_avg6	0.00027641978835157	0.000175904453988791	0.000247757037545572
Visa_mpagado_delta1	0.000269563584749755	0.000259684331922776	0.000440149373963642
vmr_mconsumototal_avg6	0.000265431576783478	0.000182587600056623	0.000476136429696518
active_quarter	0.000261770744548356	0.000856395198253406	0.000903828745906472
ccajas_depositos_tend12	0.000260323737470903	0.00105811536987585	0.000293432915975761
vm_mpagado	0.00026019072811837	0.000118311105462061	0.00012457057753688
matm_delta1	0.00026016089088424	0.000139735583037541	0.000196544689002633
Master_mpagospesos_avg6	0.000259699973926132	0.000240597558086543	0.000298969386088512
Master_Fvencimiento_tend6	0.000257813425131258	0.000568056471215814	0.00052042819059852
vm_cconsumos_delta1	0.000257432048155863	0.000166012014104593	0.000282359975750261
Master_mconsumospesos	0.000257029554692082	0.000128251688336542	0.00019792880653082
vm_msaldototal_lag1	0.000256535756214232	0.000363338470115913	0.000694826999150152
Master_msaldototal	0.000256410934984702	0.000348485803871603	0.000272671153052948
ctarjeta_master_transacciones_avg12	0.000255528937921444	0.000145276261418516	0.000267134682940198
Visa_mpagosdolares_avg6	0.00025355803427205	0.000222707583809827	0.000279591740693886
Visa_fechaalta_tend6	0.00024969458639902	0.0010274547345327	0.000404162318230766
cpagomiscuentas_lag1	0.000248686951223898	0.000175429799283515	0.000210385864284508
Master_cconsumos_tend6	0.000246775528888909	0.000183327790388953	0.000239452332376447
Visa_mconsumosdolares_delta1	0.000243188231675344	0.000156452405800035	0.000387552907892515
Visa_msaldodolares	0.000242697131546428	0.00067373437394634	0.000105192932142254
cplazo_fijo_tend6	0.000238081423211126	0.00018874443053786	9.41199919167536e-05
Master_mpagospesos_lag1	0.000237770495056729	0.000270675135563626	0.000257445860242885
vm_mlimitecompra_lag1	0.000237413144343513	0.000247635359687662	0.000334956441821388
Master_mconsumospesos_avg6	0.000236908010247666	0.000170058175110636	0.000298969386088512
Master_mpagominimo_avg6	0.00023687727561781	0.000139332849660102	0.000369559380026077
active_quarter_lag1	0.000236626521198132	0.000791238709730917	0.00090521286343466
ctarjeta_visa_descuentos_avg12	0.000233639544508519	0.000143565980060071	0.00014117998787513
ctarjeta_debito_lag1	0.000230543466458956	0.000345450775953757	0.000325267619124075
ctarjeta_visa_debitos_automaticos	0.000230442694681365	0.000132819865284582	0.000269902917996573
mtarjeta_master_descuentos_tend12	0.000227471821455616	0.00032148234199054	5.2596466071127e-05
mtarjeta_visa_descuentos_avg12	0.000227116785152833	0.00011359752235122	0.000128722930121442
Visa_mpagosdolares_tend6	0.000225529938049292	0.000301411926733092	0.000238068214848259
Visa_delinquency_avg6	0.000224777842854726	0.000532966029305347	0.000262982330355635
mextraccion_autoservicio_delta1	0.000224156966032109	0.000109117683555851	0.000242220567432822
Master_mpagominimo_delta1	0.000223804438713373	8.62263105646817e-05	0.000242220567432822
ccajas_transacciones_avg6	0.00022015870403795	0.000202973974045967	0.000513507602957582
Master_msaldototal_lag1	0.000218997658171827	0.000428239455515413	0.000200697041587195
mforex_sell_tend6	0.00021770712736843	0.000171115822535858	0.000193776453946258
Master_msaldototal_delta1	0.000216707065918044	0.000106135619441928	0.000218690569453633
ccajas_transacciones	0.000214523079691738	0.000156688169645546	6.36694062966275e-05
Master_mconsumospesos_lag1	0.000214188327729795	0.000157648553898249	0.000305889973729449
Visa_fultimo_cierre_delta1	0.000214022868589403	6.99930675273138e-05	0.000280975858222073
ctarjeta_master_descuentos_tend12	0.000213105121055157	0.000409040369750564	0.000123186460008692
vm_fechaalta_tend6	0.000213080424787902	0.000837910570099423	0.00040139408317439
Master_mconsumosdolares_avg12	0.000211973988443356	0.000489781897314058	0.000294817033503949
Master_fechaalta_tend6	0.000211929661652351	0.000515754551975578	0.000258829977771073
mprestamos_prendarios_avg12	0.000211539480569058	0.00214657795706205	0.000214538216869071
thomebanking_delta1	0.0002092171883546	0.00080131779327839	0.000325267619124075
vmr_mpagado_lag1	0.000208600157428844	0.000154675414804175	0.000272671153052948
ctarjeta_visa_descuentos_avg6	0.000206672011501665	6.98715048481968e-05	5.81329361838773e-05
cplazo_fijo_avg12	0.000203915840002743	0.000255004755091945	0.000146716457987881
cpayroll_trx_tend6	0.000203775083514084	0.000225127306527106	0.000272671153052948
Visa_status	0.000203023888113695	0.000261503602757193	6.22852887684399e-05
Master_msaldodolares_tend12	0.000202752862848135	0.000537423457831897	0.000116265872367755
mprestamos_hipotecarios_tend12	0.000201637278182023	0.0014350439742311	0.00013010704764963
mpayroll_sobre_edad_delta1	0.000200581900690355	0.000286557827273916	0.00019239233641807
cpagomiscuentas_delta1	0.000200254447519914	0.000352089166630081	0.000106577049670442
Master_mpagospesos_delta1	0.000196762629570193	0.000208674586176798	0.000228379392150946
ctransferencias_emitidas_lag1	0.000195345031961477	7.08767096385371e-05	0.000218690569453633
ccallcenter_transacciones_lag1	0.000194441126021068	0.000191175358389548	0.000123186460008692
mextraccion_autoservicio_lag1	0.000193169441377563	9.44256676688311e-05	0.000243604684961009
vm_mconsumototal_tend6	0.000192887482776205	9.06282997343568e-05	0.000244988802489197
mcaja_ahorro_adicional_tend12	0.000191021321168238	0.00105792475229863	0.000159173515741569
vmr_msaldodolares2_avg6	0.000190825827353112	0.000484768511711632	0.000229763509679134
mplazo_fijo_dolares_avg12	0.000188832417700384	0.000176157351266568	0.000157789398213381
vm_msaldodolares_avg6	0.000188791384540315	0.000633206575417534	0.000217306451925446
vmr_mconsumototal	0.000188529806020581	0.000129483471368024	0.000341877029462326
Master_msaldopesos	0.000188228223041932	0.000229426560249317	0.000275439388109323
mprestamos_prendarios_tend12	0.000187333321869276	0.00283780048395349	0.000256061742714697
Master_mpagospesos	0.000187302390631957	0.000195045364259293	0.000272671153052948
mplazo_fijo_dolares_tend6	0.000187095337690668	0.000148022040517885	8.44311692194408e-05
ccajas_otras_tend6	0.000186987621819883	0.00298320280313412	0.000305889973729449
cseguro_vivienda_avg12	0.000183836478894293	0.000368757911548422	0.000224227039566384
mforex_sell_avg6	0.000183485237494047	0.000109294490153452	0.000139795870346943
thomebanking_lag1	0.000182297300668853	0.000109566931270315	0.000340492911934138
Visa_msaldodolares_avg6	0.000180103330707989	0.000406530093912185	0.000199312924059008
mttarjeta_master_debitos_automaticos_tend6	0.000179734865507006	0.000295184086969841	7.19741114657528e-05
ctransferencias_emitidas_delta1	0.000179691617167127	9.56429882593884e-05	0.000191008218889882
mtarjeta_master_consumo_avg6	0.000179474603285787	0.000191088453451744	0.000132875282706005
Visa_mpagosdolares_lag1	0.000178861176701354	0.000451194020252961	0.000175782926079819
tcuentas_avg6	0.000178746869571913	0.00124589387873994	0.000398625848118015
ctarjeta_master_debitos_automaticos_tend6	0.000178069500553456	0.000162323244769308	6.92058764093777e-05
vm_mconsumosdolares_tend6	0.000177944309274316	0.000125780109299555	0.000204849394171758
ctarjeta_master_debitos_automaticos_tend12	0.000175809803000564	0.00144870798418218	0.000222842922038196
Master_mconsumospesos_delta1	0.000173181788798611	9.37233923843289e-05	0.000150868810572443
vm_status04	0.000167783835047792	0.000223434158600927	0.00018131939619257
ccajeros_propios_descuentos_tend12	0.000167610784469592	0.000132600713702294	6.78217588811901e-05
ctarjeta_master_transacciones_tend6	0.000166967461026271	0.000451316429831772	0.000132875282706005
vm_status01_lag1	0.000166210993479256	0.00231138352997985	0.000149484693044256
cplazo_fijo_avg6	0.000165888633847311	0.000136678991750569	5.2596466071127e-05
Master_mpagado_tend6	0.000165689932689959	0.00011228000701228	0.000246372920017385
vmr_mpagado_delta1	0.000162571547612289	0.000121529194006017	0.000213154099340883
vmr_Visa_mlimitecompra_delta1	0.000162508471017414	0.000984910923856005	0.000127338812593255
Master_mconsumototal_delta1	0.00016235001540955	4.73732236071841e-05	6.78217588811901e-05
ctarjeta_visa_descuentos_tend12	0.00016190066444982	0.000206389129634043	0.000143948222931506
ctarjeta_visa_debitos_automaticos_delta1	0.000160412831843383	0.000112048086788455	0.000134259400234193
matm_other_delta1	0.000160153916413237	9.9060554254285e-05	0.000103808814614067
Master_Finiciomora_avg12	0.00015764322417017	0.00432056360774361	0.000411082905871703
Master_msaldototal_avg6	0.000156668109110915	0.000161154718630337	0.000246372920017385
ctarjeta_master_transacciones_avg6	0.000155574402481579	0.00014193133335889	0.00013010704764963
Master_mconsumosdolares_tend12	0.000155025580457275	0.00011957858857294	0.000142564105403318
mcaja_ahorro_adicional_tend6	0.000154091708676234	0.000930518269856444	0.000102424697085879
vmr_mconsumototal_lag1	0.000149362535513834	0.000102797987748895	0.000250525272601947
ctransferencias_emitidas	0.000147372349650834	0.00013929858279557	0.000308658208785824
cextraccion_autoservicio_delta1	0.000146481293794731	0.000108268373455289	0.000128722930121442
minversion2	0.000146009083196913	0.000720289101572588	4.98282310147519e-05
mttarjeta_master_debitos_automaticos_delta1	0.000145637571506101	0.00023754735112034	6.64376413530026e-05
cpagomiscuentas	0.000144794303516687	9.75477959628726e-05	0.000166094103382506
mtarjeta_visa_descuentos_avg6	0.000143459256052078	0.000114272696845522	7.47423465221279e-05
matm_lag1	0.000142835421938133	5.93972448743983e-05	0.000161941750797944
Master_cconsumos_lag1	0.000142682376622948	0.0001229876855709	0.000148100575516068
catm_trx_delta1	0.000142206445849275	0.000118189347344554	9.82723445013163e-05
Master_delinquency_tend12	0.000141920290540132	0.00178869443301966	0.000369559380026077
vm_status02_avg6	0.000138829638198385	0.00027156105778941	0.000211769981812696
vm_status06	0.000137170834574247	9.05646519650657e-05	5.39805835993146e-05
vmr_msaldodolares_tend6	0.000135709164851595	0.000288418140170414	0.000103808814614067
mplazo_fijo_dolares_tend12	0.000135165346649487	7.57863174554146e-05	9.27358743885661e-05
cextraccion_autoservicio_lag1	0.000134300673147479	3.34048509354009e-05	0.000110729402255004
cseguro_accidentes_personales_avg6	0.000133445163174394	0.000123018564836656	0.000150868810572443
vm_Finiciomora_tend6	0.000133346745125033	0.000643185464216625	0.000137027635290568
ctarjeta_master_tend12	0.000133330745892755	0.000958865761551474	0.000264366447883823
Master_msaldopesos_delta1	0.000133241792632025	0.000131941500009912	0.000242220567432822
vmr_mconsumosdolares_lag1	0.000132074957530785	0.000116689748571459	0.000106577049670442
tcallcenter_delta1	0.0001320321332222	9.65970533374529e-05	5.2596466071127e-05
vm_status06_avg6	0.000131951113362748	0.000120641056811804	0.000121802342480505
vm_mpagado_lag1	0.000130839939541647	8.64707388455214e-05	0.000218690569453633
vm_mconsumototal_lag1	0.000130020446072967	6.93844723781654e-05	0.000235299979791884
mtarjeta_master_consumo_tend6	0.000129145534549777	0.000133971518575809	0.000116265872367755
ccuenta_debitos_automaticos	0.000128773904538282	0.000228403179688627	0.000134259400234193
cextraccion_autoservicio	0.000128641898493896	0.000126609419538118	0.000221458804510009
cprestamos_prendarios_tend12	0.000127082520122425	0.00293513635955454	0.000240836449904634
vmr_msaldodolares2_tend6	0.000125533159018091	0.0002567896939157	9.82723445013163e-05
Visa_msaldodolares_tend6	0.00012339744189091	0.000114340448821022	0.000137027635290568
mttarjeta_master_debitos_automaticos_tend12	0.000122748971482537	0.000444971457326264	0.000110729402255004
cseguro_vida_avg6	0.000122714215745247	0.000268961727190928	0.00014117998787513
vm_Finiciomora_avg6	0.000122334084256032	0.00100128344931993	0.000179935278664382
vmr_mconsumosdolares	0.000121797818104709	0.000108375473693482	0.000106577049670442
matm_other	0.000120440405327043	0.000347752128152303	0.000112113519783192
vm_mconsumototal	0.0001202764353734	0.000100924515334079	0.000343261146990513
vm_mpagado_delta1	0.000119974201895025	0.000140394536145402	0.000184087631248945
Master_mconsumototal_tend6	0.000119153070048693	5.69803885868523e-05	8.30470516912532e-05
cforex_tend6	0.000118840653390739	0.000235674921043608	9.41199919167536e-05
ccheques_depositados_tend6	0.000117655517716357	0.000316980939826045	4.84441134865644e-05
ctarjeta_master_debitos_automaticos_avg12	0.000117115621131359	7.85552885771661e-05	8.58152867476283e-05
ccheques_depositados_tend12	0.00011625895226798	0.000111097018432384	4.42917609020017e-05
mtarjeta_master_consumo_avg12	0.000115796602304486	8.50928330438047e-05	0.000211769981812696
ctarjeta_debito_tend6	0.000113624874800599	0.000585927227384095	0.000177167043608007
Master_msaldopesos_lag1	0.000113585907840903	0.000415662539040446	0.000242220567432822
Master_Finiciomora_tend12	0.000112523277905496	0.000973845983918887	0.000150868810572443
Visa_Finiciomora_avg6	0.00011215165251453	0.000890940497345625	0.000152252928100631
vm_status06_tend6	0.000111656524275896	0.000863354107890746	0.000178551161136194
cpayroll_trx_delta1	0.000110983783208096	0.000131866712252341	8.71994042758159e-05
mplazo_fijo_dolares_avg6	0.000110371124017187	9.85373656819439e-05	7.33582289939403e-05
catm_trx	0.000108095357397425	9.12213901044967e-05	9.96564620295038e-05
ctarjeta_master_descuentos_avg12	0.000106500426895014	9.10825637008535e-05	7.19741114657528e-05
ccajas_consultas_delta1	0.000106488376032287	0.000740735084271145	0.000112113519783192
matm	0.000106055429708191	0.000135426687688047	0.000171630573495257
mcaja_ahorro_adicional_delta1	0.000105239959277777	0.000306969673400202	4.98282310147519e-05
Master_mpagominimo_lag1	0.000104921476785106	6.67403863881756e-05	0.000175782926079819
vm_mconsumosdolares	0.000104581982773498	8.8790136522157e-05	8.9967639332191e-05
Master_mpagado	0.000104404249938471	4.30139702989777e-05	4.98282310147519e-05
vmr_mconsumototal_tend6	0.000103078966935171	0.000101371743518504	0.000247757037545572
ccuenta_debitos_automaticos_lag1	0.000103013866356577	5.31661478046334e-05	7.61264640503154e-05
cinversion1_avg12	0.000102913718700897	0.000389314772960729	3.04505856201262e-05
Master_mpagosdolares_avg6	0.000102672044578013	1.65970841750251e-05	4.98282310147519e-05
mplazo_fijo_dolares_lag1	0.000102331819217012	7.6734258797232e-05	4.15235258456266e-05
tcuentas_tend6	0.000101924518822764	0.0035609741910291	0.000416619375984454
mpayroll_lag1	0.000101804387005501	0.000208200257202173	0.000362638792385139
Visa_delinquency_tend6	0.000101611247822658	0.00076584396639118	0.000292048798447574
ccajas_extracciones_avg6	0.000101445764150054	0.000536728934936899	0.000157789398213381
vm_fultimo_cierre_delta1	0.00010087478391445	8.60421424543582e-05	0.000239452332376447
Master_mconsumototal_avg6	0.000100621016149566	5.55904307510323e-05	9.82723445013163e-05
vmr_mpagado	9.62889782118755e-05	0.000100455463196007	0.000112113519783192
Master_fultimo_cierre_delta1	9.60768237229905e-05	0.000100958195883438	0.00024914115507376
mcaja_ahorro_adicional	9.47494687460688e-05	0.000156806996187191	4.0139408317439e-05
mcajeros_propios_descuentos_avg12	9.44351113163419e-05	6.94003680339556e-05	4.70599959583768e-05
minversion1_pesos_avg12	9.37540648183528e-05	0.000195158979110515	2.21458804510009e-05
matm_other_lag1	9.25562993791418e-05	7.52140087008365e-05	9.13517568603785e-05
ccajas_extracciones	9.22903609307308e-05	0.00102800990985501	6.64376413530026e-05
mpayroll_sobre_edad_lag1	9.21440970467563e-05	0.00028855097313007	0.000516275838013957
mtarjeta_master_descuentos_avg6	9.18297327561596e-05	0.000283863383325214	2.35299979791884e-05
vm_Finiciomora	9.00315268083187e-05	0.000597974375527561	7.61264640503154e-05
ccajas_depositos_tend6	8.8907142106241e-05	0.000256093737805835	9.82723445013163e-05
vm_status01_delta1	8.87807273139337e-05	0.000103963777750394	4.15235258456266e-05
cforex_sell_avg6	8.86565442878157e-05	2.94831190382072e-05	6.5053523824815e-05
ccheques_emitidos_avg6	8.71148212823349e-05	0.000337244969382709	2.62982330355635e-05
mtarjeta_visa_descuentos_tend12	8.68202725103951e-05	8.43781799945479e-05	7.05899939375652e-05
minversion2_tend6	8.64480644684205e-05	0.00184025147140618	0.000121802342480505
mcajeros_propios_descuentos_tend12	8.61982192221524e-05	0.000113950484085119	4.0139408317439e-05
Master_cconsumos_delta1	8.56862260402426e-05	4.07143118998193e-05	9.55041094449412e-05
ccajeros_propios_descuentos_avg12	8.5612575048442e-05	4.19285054761228e-05	4.15235258456266e-05
Master_mconsumototal_lag1	8.5164744902468e-05	6.50974009823179e-05	0.000102424697085879
mcheques_depositados_tend6	8.50988355963558e-05	0.000264346514736821	6.09011712402524e-05
mtarjeta_master_consumo_delta1	8.46420906269304e-05	0.000157522691574533	8.02788166348781e-05
cseguro_vida_tend6	8.36826570734948e-05	0.00156962226386441	0.000168862338438882
cseguro_vivienda_avg6	8.35052081105111e-05	0.000108665829996175	9.41199919167536e-05
cseguro_accidentes_personales_tend6	8.30155654619957e-05	0.00098418076602774	0.000127338812593255
mcheques_depositados_avg6	8.27618813700818e-05	0.00011593600784403	4.42917609020017e-05
cseguro_vivienda_tend12	8.21368474094614e-05	0.000972735437835872	0.000177167043608007
ccheques_depositados_avg6	8.11217197215503e-05	9.66549031011484e-05	2.35299979791884e-05
mcaja_ahorro_adicional_avg6	8.09473438067397e-05	0.000127930517914224	3.87552907892515e-05
Master_status	8.07855958170816e-05	0.00147103512653893	0.000138411752818755
mtarjeta_visa_descuentos	8.02573174121894e-05	0.000395824630321996	3.32188206765013e-05
minversion1_pesos_tend12	8.0240961672189e-05	7.92134599314635e-05	1.66094103382506e-05
Master_Fvencimiento_delta1	7.97203119627792e-05	0.000105767283221281	0.000109345284726817
mprestamos_prendarios	7.90995410574079e-05	0.000877784106041749	4.84441134865644e-05
mv_status07_lag1	7.83749218568641e-05	0.00050837961915022	0.000305889973729449
mpagodeservicios_tend12	7.82452281945677e-05	0.000956981605171292	0.000106577049670442
vmr_mpagosdolares_tend6	7.75519995434872e-05	7.96470725746589e-05	4.84441134865644e-05
Visa_Finiciomora	7.66795836732454e-05	0.00059803971709624	6.78217588811901e-05
vmr_Master_mlimitecompra_delta1	7.64531711947075e-05	0.000337820600589931	9.68882269731287e-05
mtarjeta_visa_descuentos_tend6	7.59478591387703e-05	0.000126114439240191	4.15235258456266e-05
ccajas_depositos_avg6	7.59117529866041e-05	0.000281115258965154	8.16629341630657e-05
mcaja_ahorro_adicional_avg12	7.55199048336326e-05	0.000624739598010163	0.000127338812593255
vm_mconsumosdolares_delta1	7.49752090360364e-05	6.10996435510784e-05	6.09011712402524e-05
vm_mpagosdolares_delta1	7.45896911145475e-05	0.000129802231383522	2.76823505637511e-05
vm_msaldodolares_lag1	7.42691419720318e-05	4.58969471487328e-05	1.93776453946257e-05
vmr_msaldodolares2	7.31100643671982e-05	0.000131454662978271	4.0139408317439e-05
mforex_sell_delta1	7.25288284076739e-05	0.000125282718594807	3.04505856201262e-05
vmr_mconsumototal_delta1	7.24646727396313e-05	6.83790721494342e-05	0.000159173515741569
vm_mpagosdolares_avg6	7.21940627534369e-05	0.000115468844943736	0.000113497637311379
cseguro_auto_avg12	7.20456456856994e-05	0.000205494542972931	4.0139408317439e-05
mcheques_emitidos_avg6	7.11828471245298e-05	0.000218150742288458	2.07617629228133e-05
mttarjeta_master_debitos_automaticos_avg12	7.06385387886953e-05	6.22717527272161e-05	7.61264640503154e-05
vm_mconsumototal_delta1	6.97186705713688e-05	4.06145080282184e-05	0.000134259400234193
mtarjeta_master_consumo_lag1	6.91101074472257e-05	2.84287940656299e-05	8.30470516912532e-05
mprestamos_prendarios_delta1	6.85535651860129e-05	0.000571439184031006	3.73711732610639e-05
cplazo_fijo_delta1	6.76226086720615e-05	4.16132633516603e-05	1.10729402255004e-05
vm_status05_avg6	6.76020399579552e-05	0.00037311977070184	0.000344645264518701
ctarjeta_visa_avg6	6.75322946334656e-05	6.33176738489862e-05	4.29076433738142e-05
mcheques_emitidos	6.72786418050267e-05	7.46315371499335e-05	6.92058764093777e-06
ccajeros_propios_descuentos_avg6	6.71978625162338e-05	5.19666121076447e-05	2.62982330355635e-05
vmr_mpagosdolares_avg6	6.68421220390519e-05	6.27163099202998e-05	7.61264640503154e-05
cforex_sell_tend6	6.47348403188757e-05	9.74580245953361e-05	8.02788166348781e-05
ccajeros_propios_descuentos_tend6	6.42591618609318e-05	7.91765872217206e-05	3.04505856201262e-05
cmobile_app_trx_delta1	6.36126868630226e-05	0.000364482957332808	0.000138411752818755
cpagodeservicios_tend12	6.29679218328386e-05	0.000727214656391221	0.000106577049670442
Visa_mpagosdolares_delta1	6.22979741968061e-05	0.000104247293709407	0.000114881754839567
ccomisiones_mantenimiento_lag1	6.1429665663238e-05	0.000222974943528528	0.000156405280685194
vmr_mconsumosdolares_delta1	6.11069514379226e-05	3.99330795054083e-05	5.67488186556897e-05
ccheques_depositados_avg12	6.0317679844142e-05	5.92947048653254e-05	4.15235258456266e-05
ctarjeta_master_transacciones_lag1	5.96856079667531e-05	6.47666540788469e-05	3.59870557328764e-05
mttarjeta_master_debitos_automaticos_avg6	5.92630668773353e-05	2.75384419029869e-05	4.15235258456266e-05
cdescubierto_preacordado_lag1	5.92256202595764e-05	0.000204278916181761	0.000131491165177818
Master_mpagosdolares_delta1	5.90081608124399e-05	4.39612601794922e-06	1.93776453946257e-05
ccajas_extracciones_lag1	5.66494676481499e-05	0.000314843234706782	3.04505856201262e-05
catm_trx_other_delta1	5.651986840537e-05	3.42401546179507e-05	4.29076433738142e-05
vm_msaldodolares_tend6	5.64469550911303e-05	7.01039462410636e-05	5.81329361838773e-05
catm_trx_lag1	5.62664092824459e-05	4.12213442318491e-05	9.55041094449412e-05
vmr_msaldodolares2_lag1	5.573459000387e-05	0.000229844146944462	4.70599959583768e-05
vm_status05	5.51814018862836e-05	0.00010133461022424	8.9967639332191e-05
mprestamos_hipotecarios_avg12	5.47646607511233e-05	0.000297222704824936	5.12123485429395e-05
Master_cconsumos	5.46668723197093e-05	4.67593516214824e-05	0.000101040579557691
Visa_Finiciomora_tend6	5.36399475122358e-05	0.000463999208768456	9.55041094449412e-05
Master_mpagado_lag1	5.31040559873871e-05	7.34413173495759e-05	7.05899939375652e-05
vm_status02	5.27635556298302e-05	0.000141534658571568	4.98282310147519e-05
mttarjeta_master_debitos_automaticos_lag1	5.23663458431151e-05	6.51839801894704e-05	3.59870557328764e-05
mprestamos_prendarios_lag1	5.22077790713745e-05	0.000604880256214847	4.29076433738142e-05
ccheques_emitidos	5.12104402680091e-05	5.30082335848159e-05	5.53647011275021e-06
cforex_avg6	5.09866735239707e-05	3.80902257718278e-05	6.64376413530026e-05
vm_mconsumosdolares_lag1	5.09157140609698e-05	3.96487817928325e-05	5.81329361838773e-05
cseguro_vida	5.05775311794947e-05	6.18174887607194e-05	3.46029382046888e-05
ccaja_ahorro_tend6	5.04528101509626e-05	0.000831083646522046	8.02788166348781e-05
Master_mconsumototal	5.02596568638775e-05	3.45413251782711e-05	8.16629341630657e-05
cplazo_fijo	4.96145245984008e-05	0.000120287964785644	1.66094103382506e-05
Master_mpagosdolares_tend6	4.90494424103439e-05	1.67841187150813e-05	4.56758784301893e-05
vm_mpagosdolares_tend6	4.89001123887675e-05	5.59936852975136e-05	4.42917609020017e-05
cinversion1_tend6	4.88662618174286e-05	3.18392591323251e-05	8.30470516912532e-06
cliente_edad_delta1	4.84881311174881e-05	0.000551707072628143	0.000220074686981821
vmr_msaldodolares_avg6	4.78071696828016e-05	0.000115005265080608	0.000149484693044256
Master_msaldodolares_avg6	4.77867836851115e-05	0.000478617674674381	5.12123485429395e-05
cseguro_auto_tend12	4.75259683905408e-05	0.00117038951373641	7.05899939375652e-05
Visa_msaldodolares_lag1	4.73652047845697e-05	0.000118016319222509	5.67488186556897e-05
Visa_Fvencimiento_delta1	4.72717692268448e-05	3.8981294541904e-05	8.30470516912532e-05
vm_status03_tend6	4.62101349973466e-05	0.000231974881427784	7.33582289939403e-05
cseguro_accidentes_personales	4.58158216256045e-05	4.10220622192988e-05	3.87552907892515e-05
cinversion2_avg6	4.55177972237007e-05	0.000313148002104434	3.18347031483137e-05
Visa_status_avg6	4.49686459300807e-05	0.000508034996120998	0.000128722930121442
vm_Finiciomora_lag1	4.44522216350669e-05	0.000603829774863957	7.19741114657528e-05
cprestamos_personales_delta1	4.41756384614418e-05	0.00110785150877471	0.000152252928100631
mcajeros_propios_descuentos_avg6	4.38161135284309e-05	3.428074065712e-05	2.90664680919386e-05
minversion2_lag1	4.374762890531e-05	0.000214099825614904	2.07617629228133e-05
Master_mconsumosdolares_avg6	4.3728217987435e-05	9.64542530198621e-05	6.09011712402524e-05
Master_status_tend6	4.30967652608556e-05	0.000165916705315982	7.88946991066905e-05
mprestamos_prendarios_avg6	4.17993489704744e-05	0.000161702206709275	1.93776453946257e-05
ctarjeta_master_avg12	4.16388661837488e-05	0.000123337194559893	0.000155021163157006
Master_status_avg6	4.12591634165684e-05	0.000333842126413257	8.58152867476283e-05
Master_mpagado_delta1	4.10536601473634e-05	4.64641745051485e-05	0.000102424697085879
vm_Fvencimiento_delta1	4.06240838211757e-05	0.000108964655295805	9.96564620295038e-05
mcheques_depositados_tend12	4.04844323827786e-05	0.000543382895538362	6.92058764093777e-05
catm_trx_other	4.03826825341852e-05	4.41119431788478e-05	3.18347031483137e-05
vmr_mpagosdolares_lag1	3.9468178085546e-05	5.34929859402872e-05	1.79935278664382e-05
ccajas_otras_delta1	3.86983787984286e-05	0.000357491474630325	5.12123485429395e-05
ccajas_transacciones_lag1	3.77049653020861e-05	6.35122653401558e-05	2.76823505637511e-05
Visa_mpagosdolares	3.66863589029882e-05	7.02987983167543e-05	9.96564620295038e-05
mpagodeservicios_avg12	3.66214106203975e-05	0.00020888767916897	5.67488186556897e-05
cprestamos_hipotecarios_tend12	3.61446243654719e-05	0.00101746431486854	0.000114881754839567
Visa_cadelantosefectivo_avg6	3.55405504200221e-05	0.000218448916126785	4.84441134865644e-05
mcaja_ahorro_adicional_lag1	3.55202818847494e-05	7.54905540239081e-05	2.21458804510009e-05
minversion2_avg6	3.47998726751334e-05	0.000332838224545523	3.46029382046888e-05
Master_fechaalta_delta1	3.38670837093096e-05	1.72232687793512e-05	6.78217588811901e-05
mtarjeta_visa_descuentos_delta1	3.38368192044576e-05	5.83272196844217e-05	1.79935278664382e-05
vm_status04_delta1	3.38067731982385e-05	0.000555166397292554	8.9967639332191e-05
cseguro_vivienda	3.3544849185003e-05	2.90117216394449e-05	2.90664680919386e-05
Visa_msaldodolares_delta1	3.32974441995722e-05	7.4994531387897e-05	6.36694062966275e-05
catm_trx_other_lag1	3.25478727650289e-05	2.50568303619348e-05	3.87552907892515e-05
cinversion1_avg6	3.2347554253829e-05	9.97081067893455e-06	1.10729402255004e-05
Master_msaldodolares_tend6	3.21233067716275e-05	3.16272736243687e-05	2.21458804510009e-05
mtarjeta_master_descuentos_avg12	3.20556752972632e-05	0.000155726352177978	3.04505856201262e-05
cforex_buy_tend12	3.18936943486015e-05	0.000198352898440134	3.18347031483137e-05
Master_delinquency_avg6	3.17911733349368e-05	0.000551722121384239	6.22852887684399e-05
tcuentas	3.10105237939799e-05	0.000283671788556037	7.61264640503154e-05
cinversion2	3.06452451544913e-05	0.000119545168608103	1.79935278664382e-05
mforex_buy_avg12	3.00819858787883e-05	0.000155390523876344	4.0139408317439e-05
mcajeros_propios_descuentos_tend6	2.9813904754748e-05	4.72789571566577e-05	1.93776453946257e-05
Visa_madelantopesos_avg6	2.97569979091109e-05	0.000218784027820985	5.2596466071127e-05
mcheques_emitidos_rechazados_avg12	2.97043344493359e-05	0.000616507928425391	4.0139408317439e-05
cprestamos_prendarios	2.96404227306836e-05	0.000173613460024961	2.35299979791884e-05
mcheques_emitidos_tend6	2.94188793905903e-05	1.86190246207667e-05	8.30470516912532e-06
ctarjeta_master_descuentos_avg6	2.92841165016235e-05	3.71890593515571e-05	1.2457057753688e-05
vm_status04_avg6	2.90545193166761e-05	0.000282553229498996	0.000233915862263697
vm_fechaalta_delta1	2.87688032229908e-05	3.34274566426107e-05	5.95170537120648e-05
ctarjeta_visa_descuentos_tend6	2.85046290472374e-05	1.97885930978231e-05	2.90664680919386e-05
ccheques_emitidos_tend12	2.74800792968893e-05	0.000261444775801543	2.76823505637511e-05
vmr_msaldodolares_lag1	2.72725427536276e-05	3.2532413958587e-05	2.07617629228133e-05
vmr_msaldodolares	2.69212188431627e-05	7.66066375279982e-06	2.07617629228133e-05
vmr_mpagosdolares_delta1	2.67696724661301e-05	4.44163058995523e-05	1.93776453946257e-05
cforex_buy_tend6	2.64088737924417e-05	5.20474584553318e-05	6.92058764093777e-06
minversion2_tend12	2.58455168629789e-05	6.63221482317281e-05	6.92058764093777e-06
cprestamos_hipotecarios_avg12	2.49025824979044e-05	0.000166578068830663	3.04505856201262e-05
ctarjeta_master_debitos_automaticos	2.48829494050314e-05	1.46140359690653e-05	8.30470516912532e-06
vm_status02_tend6	2.47799624311766e-05	0.000355153640598818	0.000170246455967069
mforex_buy_tend12	2.41868284903192e-05	0.000149980724071117	4.0139408317439e-05
vm_msaldodolares_delta1	2.40872909373538e-05	3.92350387193749e-05	3.59870557328764e-05
mtarjeta_master_descuentos	2.39121385009172e-05	9.60132137178138e-05	9.68882269731287e-06
vm_msaldodolares	2.38850182647708e-05	6.57282761080247e-05	1.93776453946257e-05
cseguro_vivienda_tend6	2.37694150192226e-05	0.00152284239121189	0.000105192932142254
mtarjeta_master_descuentos_tend6	2.36247544917622e-05	4.97704057633832e-05	8.30470516912532e-06
cseguro_auto	2.33347117662005e-05	4.14008218207919e-05	9.68882269731287e-06
tcallcenter_lag1	2.3049561328889e-05	1.88409123405269e-05	3.59870557328764e-05
ctarjeta_master_transacciones_delta1	2.24191084503192e-05	3.05872156543244e-05	2.76823505637511e-05
mcheques_depositados	2.23533624439738e-05	5.24684327492514e-05	8.30470516912532e-06
minversion2_avg12	2.2323262844089e-05	0.000106054903386502	1.52252928100631e-05
active_quarter_delta1	2.21645110459234e-05	0.000642872893083504	0.000139795870346943
vmr_mpagosdolares	2.16190661678951e-05	9.96866085663505e-06	1.38411752818755e-05
ccajas_otras	2.12253553784563e-05	9.78223869020356e-05	1.79935278664382e-05
minversion1_pesos_tend6	2.10739713656444e-05	1.78061963531662e-05	6.92058764093777e-06
ccheques_emitidos_avg12	2.08695384245273e-05	0.000524060748733399	3.73711732610639e-05
ccajas_consultas_lag1	2.05119312416873e-05	0.00135864026689895	8.9967639332191e-05
Master_Finiciomora_avg6	2.03261835463691e-05	0.000308644059240859	3.04505856201262e-05
ctarjeta_visa	2.01714789307436e-05	1.37916963664427e-05	2.90664680919386e-05
ccajas_transacciones_delta1	2.00132854296434e-05	0.000112295511791288	5.2596466071127e-05
Master_msaldodolares	1.97385222004756e-05	3.03421359121818e-05	1.93776453946257e-05
ctarjeta_master_descuentos_delta1	1.92884193682478e-05	8.40215700773526e-05	5.53647011275021e-06
mcheques_depositados_delta1	1.89530683468147e-05	7.79603741153782e-06	5.53647011275021e-06
Master_mconsumosdolares	1.87997284454707e-05	1.99330872148014e-05	3.32188206765013e-05
vm_status03_avg6	1.87282471709361e-05	4.50398846586669e-05	0.000103808814614067
Master_madelantopesos_avg12	1.86335919680748e-05	4.0170015981265e-05	8.30470516912532e-06
mttarjeta_master_debitos_automaticos	1.82532689870267e-05	1.40125417481183e-05	2.62982330355635e-05
vm_mpagosdolares_lag1	1.80784464722711e-05	0.000175694227426353	5.2596466071127e-05
Master_mconsumosdolares_tend6	1.77975612051043e-05	1.59759809688615e-05	3.59870557328764e-05
ctarjeta_master_debitos_automaticos_lag1	1.75850812641e-05	8.24691377925949e-06	1.10729402255004e-05
cplazo_fijo_lag1	1.74200225303331e-05	2.27117651099658e-05	8.30470516912532e-06
tcuentas_lag1	1.73168419769426e-05	0.000129129923318952	5.2596466071127e-05
ctarjeta_master_debitos_automaticos_avg6	1.69394134310686e-05	3.21679865057572e-05	3.46029382046888e-05
cinversion2_lag1	1.64357761351851e-05	4.93855224256431e-05	6.92058764093777e-06
ccajas_depositos_delta1	1.6029860019014e-05	0.000424194597431976	3.32188206765013e-05
Master_Finiciomora_tend6	1.60255724478167e-05	0.000260869535471102	3.04505856201262e-05
cseguro_auto_avg6	1.58140218439745e-05	0.000113770094450352	1.52252928100631e-05
ctarjeta_master_debitos_automaticos_delta1	1.5388598679614e-05	1.19065627943054e-05	1.38411752818755e-05
Visa_fechaalta_delta1	1.50499044295983e-05	1.11693040378387e-05	4.70599959583768e-05
cinversion2_tend6	1.47561360738358e-05	1.34120247191256e-05	2.76823505637511e-06
minversion2_delta1	1.47260451471166e-05	0.000198030946264252	3.04505856201262e-05
mplazo_fijo_pesos_tend12	1.43805894283495e-05	5.0825056466612e-06	2.76823505637511e-06
cforex_delta1	1.37442923448973e-05	1.01274871222766e-05	1.2457057753688e-05
cinversion2_avg12	1.34404050264923e-05	4.62570749569636e-05	1.2457057753688e-05
vmr_msaldodolares2_delta1	1.3285341198905e-05	9.81348928890261e-05	4.29076433738142e-05
Visa_delinquency_delta1	1.29970233008624e-05	2.28738486821218e-05	1.93776453946257e-05
cforex_sell	1.29377095028707e-05	9.84279853291907e-06	1.38411752818755e-06
vm_Finiciomora_delta1	1.27896124748359e-05	0.000746332960954513	5.12123485429395e-05
cinversion1_tend12	1.25626372438883e-05	5.88139264238016e-06	4.15235258456266e-06
ccaja_seguridad_tend12	1.22886932568731e-05	0.000513229422819493	4.0139408317439e-05
Master_mpagosdolares_lag1	1.2094797258568e-05	1.91094446895731e-05	2.90664680919386e-05
mcheques_emitidos_avg12	1.20470469578798e-05	8.73472800285434e-05	1.66094103382506e-05
mtarjeta_visa_descuentos_lag1	1.15946217182246e-05	1.36668112346811e-05	9.68882269731287e-06
minversion1_pesos	1.11541184849867e-05	6.19735137427586e-05	4.15235258456266e-06
cinversion1	1.11522404842933e-05	6.62498360271086e-05	6.92058764093777e-06
ccajas_extracciones_delta1	1.08863068883595e-05	7.41877617104132e-06	4.15235258456266e-06
vmr_msaldodolares_delta1	1.08118348994659e-05	4.66844987177817e-05	1.66094103382506e-05
mforex_sell_lag1	1.07816571002949e-05	2.69405307192057e-05	1.66094103382506e-05
mcheques_emitidos_rechazados_avg6	1.06542694352355e-05	5.0345580947694e-06	2.76823505637511e-06
mpayroll2_avg12	1.0536181985106e-05	1.23210876213265e-05	2.76823505637511e-06
tcuentas_delta1	1.05005219335506e-05	0.000324404276226207	4.70599959583768e-05
mcheques_depositados_rechazados_tend12	1.02867892040755e-05	2.67939519260582e-06	4.15235258456266e-06
minversion1_pesos_avg6	1.00864252709363e-05	2.20922254109291e-05	9.68882269731287e-06
cforex_sell_lag1	1.00512422438979e-05	1.31449255849457e-05	2.76823505637511e-06
vmr_madelantopesos_avg6	1.00110727266091e-05	6.37556512829109e-05	1.10729402255004e-05
ccaja_seguridad_tend6	9.86938299930193e-06	0.00028169375660211	1.66094103382506e-05
cpagodeservicios_avg6	9.82356714527902e-06	6.41630751817307e-06	4.15235258456266e-06
mforex_buy_avg6	9.66025086175816e-06	0.000176971808187426	1.38411752818755e-05
cprestamos_prendarios_tend6	9.6342415799772e-06	0.000162473406599622	1.52252928100631e-05
ccaja_ahorro_delta1	9.44378208939337e-06	0.00178468814144535	7.88946991066905e-05
ccajas_depositos_lag1	9.04313532076693e-06	4.93078030922098e-06	2.76823505637511e-06
mcheques_depositados_rechazados_avg12	9.01757140936211e-06	0.000171502595111377	1.10729402255004e-05
Master_msaldodolares_delta1	8.99392785283377e-06	9.36188979913473e-06	1.93776453946257e-05
mcheques_emitidos_rechazados_tend12	8.91066640888233e-06	0.00029888282366306	1.79935278664382e-05
cprestamos_prendarios_avg6	8.68102922183437e-06	0.000124646957509329	2.07617629228133e-05
vm_mpagosdolares	8.5193899347631e-06	1.01245555464137e-05	1.10729402255004e-05
cseguro_accidentes_personales_lag1	8.39505960974606e-06	1.87383071853236e-05	2.07617629228133e-05
mtarjeta_master_descuentos_lag1	8.32175058994102e-06	1.03730228873313e-05	5.53647011275021e-06
Visa_status_delta1	8.15195328078961e-06	0.000106033470309637	3.73711732610639e-05
mcajeros_propios_descuentos_delta1	8.14508188199181e-06	6.37311563379227e-06	5.53647011275021e-06
Master_madelantopesos	8.0116112128509e-06	2.88727649435411e-07	2.76823505637511e-06
vm_madelantopesos_avg6	7.70093239504278e-06	6.6538107653632e-05	1.52252928100631e-05
ctarjeta_master_delta1	7.56904385005209e-06	0.000397614976274564	3.04505856201262e-05
ccajas_depositos	7.56702455631536e-06	0.000128302437172037	1.79935278664382e-05
Visa_delinquency	7.56181211696199e-06	2.05490438766723e-05	2.62982330355635e-05
mprestamos_prendarios_tend6	7.53681071409315e-06	0.00013387673095624	1.52252928100631e-05
mprestamos_hipotecarios	7.52963839866699e-06	1.01036436385913e-05	1.38411752818755e-06
ctarjeta_debito_delta1	7.48685515174136e-06	0.000227642598617517	1.38411752818755e-05
ctarjeta_master_tend6	7.39630793188622e-06	7.53788935565949e-05	2.35299979791884e-05
ctarjeta_visa_descuentos_delta1	7.32068306296633e-06	1.47920803431418e-06	1.38411752818755e-06
Master_delinquency_tend6	7.13729739695464e-06	0.000328574084587536	4.29076433738142e-05
mprestamos_hipotecarios_delta1	7.10689491475738e-06	3.59849634254481e-05	4.15235258456266e-06
mforex_buy_tend6	7.04468373430524e-06	0.000541224473949667	2.76823505637511e-05
Visa_delinquency_lag1	7.0348692146594e-06	3.81478149510022e-05	1.66094103382506e-05
mcheques_emitidos_tend12	6.99915716896959e-06	0.000240535929847291	2.4914115507376e-05
Master_delinquency_delta1	6.90425634279946e-06	7.54235838019723e-06	6.92058764093777e-06
mpayroll2_tend12	6.83195871495025e-06	2.35631598866967e-05	2.76823505637511e-06
vm_status02_delta1	6.72380332983413e-06	2.49870588563966e-05	2.4914115507376e-05
ctarjeta_master_descuentos_tend6	6.70569678099518e-06	3.0032496354924e-05	1.10729402255004e-05
cpagodeservicios_avg12	6.65793684921856e-06	0.000158752845952757	3.73711732610639e-05
Master_cadelantosefectivo_tend6	6.43621743673871e-06	3.26916311010103e-06	1.38411752818755e-06
cseguro_vivienda_lag1	5.93750032304436e-06	2.63121962925802e-05	1.66094103382506e-05
cforex_buy_avg12	5.32921259196633e-06	0.000148999037033811	1.52252928100631e-05
vm_status03_delta1	5.16125697593771e-06	0.000439843544826792	4.29076433738142e-05
ccheques_emitidos_tend6	5.15588551044807e-06	1.92988896364499e-06	4.15235258456266e-06
cinversion2_tend12	5.07143547533162e-06	5.6505147566403e-06	1.38411752818755e-06
ccheques_depositados_rechazados_tend12	4.89164894999019e-06	3.39424368025356e-06	1.38411752818755e-06
mtarjeta_master_descuentos_delta1	4.54214081949677e-06	8.04750147444862e-07	1.38411752818755e-06
Master_cadelantosefectivo_avg6	4.44461684728372e-06	1.5856568112044e-07	1.38411752818755e-06
ctarjeta_visa_descuentos	4.36608263833659e-06	1.74067202822416e-05	1.38411752818755e-06
cforex_sell_delta1	4.1705542022633e-06	5.70139388439505e-06	4.15235258456266e-06
ctarjeta_visa_tend6	4.069275607543e-06	7.5830095654968e-05	2.35299979791884e-05
mforex_sell	3.98051390749751e-06	6.01526794012154e-06	2.76823505637511e-06
ccheques_emitidos_rechazados_tend12	3.64722934246997e-06	0.000176341649669153	1.38411752818755e-05
mcheques_emitidos_delta1	3.26442278668104e-06	1.12572513137272e-06	1.38411752818755e-06
ccheques_depositados_rechazados_avg12	3.11676536863527e-06	6.81513864240785e-05	4.15235258456266e-06
Visa_cadelantosefectivo	2.96706554199741e-06	6.22823064003227e-06	5.53647011275021e-06
ccajeros_propios_descuentos_delta1	2.95579831014833e-06	1.29875325341705e-06	1.38411752818755e-06
mcajeros_propios_descuentos	2.91820534008144e-06	5.85129513018721e-06	4.15235258456266e-06
vmr_madelantodolares_avg6	2.75777055099938e-06	2.08747745281112e-06	1.38411752818755e-06
Master_Finiciomora_delta1	2.45944148332493e-06	2.05724964835759e-06	1.38411752818755e-06
vm_cadelantosefectivo_lag1	2.45339752512253e-06	6.45936911029329e-06	1.38411752818755e-06
ctarjeta_master_descuentos	2.27932330460484e-06	1.72669818327743e-06	1.38411752818755e-06
Master_mpagosdolares	2.20926375648465e-06	8.12828267600546e-06	2.76823505637511e-05
vm_status03_lag1	2.1270732541014e-06	3.28987957953255e-07	2.76823505637511e-06
Master_Finiciomora_lag1	2.0858806600651e-06	9.08149433976313e-05	9.68882269731287e-06
vm_status02_lag1	2.03198682758705e-06	0.000106572554537768	1.2457057753688e-05
cseguro_vida_lag1	1.98883370193479e-06	2.75486698454421e-05	1.66094103382506e-05
Master_mconsumosdolares_delta1	1.98135967950221e-06	1.12857853187933e-05	1.79935278664382e-05
mpagodeservicios_avg6	1.97419518087333e-06	1.39139756529929e-05	4.15235258456266e-06
vm_status05_lag1	1.80082273105088e-06	5.39409958782762e-06	1.2457057753688e-05
ccheques_emitidos_rechazados_avg6	1.57011548130283e-06	2.65660707623116e-05	1.38411752818755e-06
Visa_madelantopesos_tend6	1.53543087846393e-06	1.01448811390635e-05	9.68882269731287e-06
cpayroll2_trx_tend12	1.53043452072192e-06	0.000214765163043533	1.10729402255004e-05
Visa_status_lag1	1.51573749745209e-06	0.000187444700092489	1.52252928100631e-05
vm_madelantopesos_tend6	1.48209026448188e-06	6.66086609127337e-06	1.38411752818755e-06
Master_Finiciomora	1.45443990470446e-06	4.70532258152105e-05	4.15235258456266e-06
mcheques_depositados_lag1	1.24694854048274e-06	5.62914682590591e-06	1.38411752818755e-06
Master_msaldodolares_lag1	1.22899192670202e-06	2.29023175410575e-05	1.38411752818755e-05
cprestamos_hipotecarios_avg6	1.22466690139711e-06	1.63038614425998e-05	1.38411752818755e-06
mplazo_fijo_pesos_avg12	1.19309099670474e-06	7.22372865695973e-06	2.76823505637511e-06
Master_madelantopesos_tend12	1.14532866634886e-06	1.15634381260797e-06	9.68882269731287e-06
ccajas_otras_lag1	1.11035005323959e-06	0.000180861097311737	1.79935278664382e-05
Master_status_delta1	9.49766661079297e-07	5.03174378194097e-05	1.2457057753688e-05
ccajeros_propios_descuentos	8.98230954835293e-07	2.9203707285403e-06	1.38411752818755e-06
ccuenta_debitos_automaticos_delta1	8.60561082942289e-07	6.94685760323669e-06	1.2457057753688e-05
cforex_lag1	8.50611046207323e-07	2.61848356078676e-06	5.53647011275021e-06
Master_mconsumosdolares_lag1	7.64713653859728e-07	8.23655554454374e-06	2.90664680919386e-05
Master_madelantopesos_tend6	7.63975565454991e-07	3.04453925286879e-06	5.53647011275021e-06
Visa_Finiciomora_delta1	7.44875718259402e-07	0.000179288404580459	1.66094103382506e-05
vm_status06_lag1	4.84850030547574e-07	6.29226928610515e-06	5.53647011275021e-06
Visa_madelantopesos	4.83488237597316e-07	9.75426494185799e-06	1.2457057753688e-05
Master_madelantopesos_lag1	4.13030107362108e-07	1.81301680590873e-07	1.38411752818755e-06
ctarjeta_master_descuentos_lag1	3.48173322488316e-07	4.91853283672687e-07	1.38411752818755e-06
Master_madelantopesos_delta1	3.12996651588477e-07	8.19668611280762e-07	2.76823505637511e-06
mcajeros_propios_descuentos_lag1	2.98772315114475e-07	7.88007591960904e-06	1.38411752818755e-06
mplazo_fijo_pesos_avg6	2.42201445169042e-07	1.5030515179995e-06	1.38411752818755e-06
Master_madelantodolares_tend12	2.21270425730395e-07	5.14719575403696e-07	2.76823505637511e-06
vm_status03	1.88527777692686e-07	6.09122832803708e-06	1.38411752818755e-05
Visa_cadelantosefectivo_delta1	1.47396414211804e-07	1.62800179589145e-07	1.38411752818755e-06
ctarjeta_master_avg6	1.11875413762319e-07	3.73404589583458e-06	1.2457057753688e-05
vm_status04_lag1	1.05293427336847e-07	6.38822953601904e-06	1.2457057753688e-05
Master_madelantopesos_avg6	9.45778608242738e-08	2.80323798628288e-07	2.76823505637511e-06
ctarjeta_visa_delta1	6.29836430118121e-08	7.09935166501431e-05	9.68882269731287e-06
Visa_madelantopesos_lag1	5.80691487363944e-08	2.17542472869961e-06	9.68882269731287e-06
Master_delinquency_lag1	4.85357855054881e-08	7.11610724972433e-06	4.15235258456266e-06
mpagodeservicios_tend6	4.80211404941344e-08	7.05597737146871e-07	2.76823505637511e-06
Master_status_lag1	3.30987716773058e-08	7.99421193987322e-06	6.92058764093777e-06
ccheques_depositados_delta1	1.77432567157555e-08	2.19216728418357e-07	1.38411752818755e-06
mpayroll2_delta1	7.00477908996004e-09	1.25080570152525e-07	1.38411752818755e-06
ctarjeta_visa_lag1	6.96009700098862e-09	1.52673865097214e-05	1.38411752818755e-06
Visa_madelantodolares_avg6	5.4831500876128e-09	1.00214292221681e-06	1.38411752818755e-06
Master_delinquency	5.14246340057058e-09	1.21679942151503e-06	5.53647011275021e-06
Visa_cadelantosefectivo_lag1	1.36753578625626e-09	1.43842655675403e-06	2.76823505637511e-06
cpayroll2_trx_avg12	1.18858825658552e-09	1.27267525746285e-05	2.76823505637511e-06
Visa_cadelantosefectivo_tend6	5.96676713519576e-10	1.19002436196675e-06	2.76823505637511e-06
Visa_madelantopesos_delta1	8.89825064645289e-11	2.88115275810706e-06	5.53647011275021e-06
vm_cadelantosefectivo_avg6	2.32307045038532e-12	7.93903316751948e-06	2.76823505637511e-06
ccheques_depositados	1.09602753185695e-12	2.03156904379815e-05	5.53647011275021e-06
mprestamos_hipotecarios_avg6	1.41163659167347e-13	1.62735033458857e-07	1.38411752818755e-06
cliente_vip_lag1	1.15825716523548e-16	1.29510507012093e-07	1.38411752818755e-06
