Feature	Gain	Cover	Frequency
ctrx_quarter	0.13245316688997	0.00289035575566114	0.00409386776293251
mcuenta_corriente	0.0468693858701566	0.00400812528698379	0.00477903391572456
mprestamos_personales_lag1	0.0261102799230258	0.00182118162495078	0.000736553614251456
Master_status_avg12	0.0223755193022303	0.00221067612438497	0.000702295306611853
mtarjeta_visa_consumo	0.0152571495655234	0.000696857341819263	0.00109626584446728
mpasivos_margen	0.0133752406900738	0.00476089994111253	0.00460774237752655
ccomisiones_mantenimiento_tend6	0.0102683441139913	0.00394457618633218	0.0013360739979445
mcomisiones_avg12	0.00817822819666515	0.00279932913255755	0.00347721822541966
mcuentas_saldo	0.00692453407717026	0.00624594323412206	0.00507022953066119
mpayroll_sobre_edad	0.00671550273467457	0.00102118270263289	0.000685166152792052
mcaja_ahorro	0.00590748900042756	0.00204065570391576	0.00373415553271668
mcuenta_corriente_avg6	0.0054589776531705	0.00444489570071462	0.00512161699212059
numero_de_cliente	0.00491720148056264	0.00813859625742121	0.00865022267899966
ctrx_quarter_normalizado	0.00470337460935022	0.00200940658100295	0.00304898937992463
Master_mpagominimo	0.00442526681606187	0.000709648361107472	0.000428228845495033
mprestamos_personales	0.00441143351437553	0.00657817618783795	0.00147310722850291
active_quarter_avg12	0.00438618891336945	0.00520456259961853	0.00462487153134635
ctrx_quarter_tend12	0.00434913271209927	0.00473062420386449	0.00459061322370675
mcuenta_corriente_tend12	0.00421119852624854	0.00553786039564786	0.00536142514559781
mprestamos_personales_avg6	0.00397501985513725	0.00108355936491378	0.000462487153134635
cpayroll_trx_avg6	0.00393810053353002	0.000981182792382344	0.000702295306611853
mcomisiones_otras_avg6	0.00390190593933387	0.00291654463600056	0.00304898937992463
Visa_fechaalta	0.00387586813916287	0.00183504896346521	0.00318602261048304
vm_msaldopesos	0.00380341367637035	0.00107977843946133	0.00102774922918808
mrentabilidad_annual_tend12	0.00377491813496473	0.00618784028723591	0.0066289825282631
cpayroll_trx_lag1	0.00374627141013852	0.000336267805863499	0.000171291538198013
mcuenta_corriente_avg12	0.00372879551337965	0.00595237026109018	0.00507022953066119
mpayroll_lag1	0.00360624950740711	0.000334461985368991	0.000239808153477218
mrentabilidad_annual_avg12	0.00353079032296886	0.00433125525560115	0.00495032545392258
mactivos_margen_avg12	0.00349941007380948	0.00597897087567542	0.00488180883864337
mpayroll_avg6	0.00349559503296969	0.000685613553834591	0.00078794107571086
Visa_Fvencimiento_avg6	0.003407782403445	0.00276320483228985	0.00481329222336417
cliente_edad_avg6	0.00337464421684725	0.00526775986116287	0.00613223706748887
cliente_edad_avg12	0.00333337240864208	0.00508249092745741	0.00566974991435423
mcomisiones_otras_avg12	0.00332832644224431	0.00292469145080349	0.00315176430284344
mtransferencias_recibidas_avg6	0.00331545518394425	0.00159578653495425	0.00316889345666324
ccomisiones_otras_avg12	0.00331321840065709	0.00245013150849196	0.00433367591640973
ctrx_quarter_delta1	0.00328027785580634	0.00143216521066439	0.00304898937992463
mcuenta_corriente_lag1	0.00327889143739486	0.0036866451245779	0.00431654676258993
thomebanking_tend12	0.00327852669699929	0.00559787353120407	0.00489893799246317
mrentabilidad_annual_avg6	0.00327573057657386	0.00592100063059323	0.00483042137718397
mactivos_margen_tend12	0.00327017710665886	0.00371238999185432	0.00450496745460774
cpayroll_trx	0.00324152596522839	0.000931289066012339	0.000342583076396026
ctransferencias_recibidas_avg12	0.00315868125357536	0.00243895335410222	0.00423090099349092
chomebanking_transacciones_avg12	0.00315023471607028	0.00290924316755424	0.00465912983898596
Master_fechaalta	0.00313251703823894	0.00212769840367219	0.00380267214799589
Master_Fvencimiento_avg12	0.0031112167479391	0.0038917626616214	0.00467625899280576
mcuentas_saldo_tend12	0.00306402302158532	0.00417930810352504	0.0040082219938335
mactivos_margen	0.00296187697022458	0.00270709528169138	0.00323741007194245
mcaja_ahorro_avg6	0.00294696877639203	0.00312185907382886	0.00453922576224735
ctarjeta_visa_transacciones	0.00291502570403946	0.00114590697625922	0.0013189448441247
Master_msaldopesos	0.00289846156699267	0.000296480218499302	0.000342583076396026
mrentabilidad_annual_tend6	0.0028756680068309	0.00572737865630842	0.00556697499143542
mcaja_ahorro_avg12	0.00282882835236631	0.00285586691546395	0.00435080507022953
thomebanking_avg12	0.00281433165803056	0.0037776229708022	0.00570400822199383
cliente_edad	0.00280345199441301	0.00571393811548782	0.00578965399109284
mrentabilidad_tend12	0.0027565252295615	0.00603061411393663	0.00457348406988695
mcuenta_corriente_tend6	0.00274617448453244	0.00425851601704462	0.00469338814662556
mrentabilidad_annual_delta1	0.00270445673040214	0.00439934347525544	0.00438506337786913
azar	0.00265398539803285	0.0077367916930748	0.00866735183281946
cliente_antiguedad_avg12	0.0026372766306175	0.00301006533571166	0.0040082219938335
cdescubierto_preacordado_avg12	0.00261107308751442	0.00169320006001737	0.000856457690990065
cliente_edad_lag1	0.00260439842572348	0.00523902489945493	0.0052243919150394
chomebanking_transacciones_avg6	0.00259735370600934	0.00264606141820521	0.00476190476190476
mcuentas_saldo_tend6	0.00258474920457628	0.00326166472814915	0.00351147653305927
vm_Fvencimiento_avg6	0.00256317339615647	0.00448110643648165	0.00419664268585132
mcomisiones_otras	0.00255997057397376	0.00181226370507075	0.00275779376498801
ccomisiones_otras_tend12	0.00254115357788597	0.00566118269264797	0.00465912983898596
mpasivos_margen_avg6	0.00253655973123403	0.0028272176719483	0.00421377183967112
mactivos_margen_avg6	0.00253537509766772	0.00400331717783794	0.0039054470709147
Visa_Fvencimiento_lag1	0.00253519098416829	0.00241446485012119	0.00412812607057211
mcomisiones_mantenimiento	0.00252953043551121	0.00244432992908398	0.00173004453579993
cliente_edad_tend12	0.00252731768837909	0.00610521799216564	0.00513874614594039
mtransferencias_recibidas_avg12	0.00251972262602188	0.0032954513247459	0.00435080507022953
ctarjeta_visa_transacciones_tend12	0.00248435561509205	0.000848692593995815	0.00210688591983556
mrentabilidad_annual_lag1	0.00246461416322674	0.00317449076120285	0.00311750599520384
Master_Fvencimiento_avg6	0.00245996618083757	0.00202323697820438	0.00356286399451867
mpasivos_margen_avg12	0.00245831512269441	0.0024366647859641	0.00357999314833847
mcaja_ahorro_dolares_avg12	0.00242887919674873	0.00142268814994008	0.00253511476533059
mrentabilidad_annual	0.00240421517325638	0.00391151120062619	0.00344295991778006
mcuentas_saldo_lag1	0.00239972658069029	0.00317730583271455	0.00337444330250086
cmobile_app_trx_avg12	0.00239013332342145	0.00240915211546674	0.00414525522439192
ctransferencias_recibidas_avg6	0.00238320670615698	0.00203849804431398	0.00369989722507708
Master_Fvencimiento_lag1	0.00235344381954757	0.00217807487768581	0.00327166837958205
mcomisiones_tend12	0.00233452637940469	0.00287876981221435	0.0039397053785543
mcomisiones	0.00233288414813926	0.00213574945798414	0.00280918122644741
Visa_fechaalta_lag1	0.00230313582123687	0.00193552574827879	0.00308324768756423
mcomisiones_otras_tend12	0.00228097106024915	0.00220077692846264	0.00342583076396026
ctarjeta_debito_avg12	0.00225456350311607	0.00151175329691965	0.0025693730729702
cmobile_app_trx_tend12	0.00224949048810784	0.00210002828427769	0.0025693730729702
ccomisiones_otras_avg6	0.00224222300583489	0.00202230519634843	0.00349434737923947
mcaja_ahorro_tend12	0.00222463916439682	0.00196605074972617	0.00347721822541966
mcuentas_saldo_avg12	0.00218406694814934	0.00247048437868508	0.0040082219938335
mcuenta_corriente_delta1	0.00218182669028597	0.004739179166378	0.00359712230215827
mcomisiones_otras_lag1	0.00216807763169562	0.00118157686251171	0.00239808153477218
ctransferencias_recibidas_tend12	0.00216219804037445	0.00246872948699101	0.00334018499486125
vm_Fvencimiento_lag1	0.00215857023463139	0.00295328940686517	0.00310037684138404
vm_Fvencimiento	0.00214727516616816	0.00262435821749336	0.00412812607057211
ctrx_quarter_normalizado_tend6	0.0021410908706877	0.00208225915407314	0.00363138060979788
chomebanking_transacciones_tend6	0.00213853656535128	0.00196645315898036	0.00304898937992463
mpasivos_margen_tend12	0.00211743726290485	0.00249958731890888	0.00387118876327509
mpasivos_margen_lag1	0.00211019612222054	0.00218813797826871	0.00404248030147311
cliente_antiguedad_avg6	0.00210533512239981	0.00191598451101101	0.00296334361082563
Visa_cconsumos_avg6	0.002069074326497	0.000967726470806685	0.00224391915039397
ctrx_quarter_tend6	0.00205619065840709	0.00194740758088307	0.00340870161014046
chomebanking_transacciones_tend12	0.00205359483414561	0.00292335833565392	0.00416238437821172
ccomisiones_mantenimiento_tend12	0.0020498510717512	0.00973085507631111	0.0039225762247345
mcaja_ahorro_tend6	0.00204234545304514	0.00177011510155653	0.00315176430284344
ccallcenter_transacciones_avg12	0.00203705802345594	0.00265786900952998	0.00258650222679
mrentabilidad	0.00203270264086463	0.00259596254201934	0.00356286399451867
cprestamos_personales	0.00200660595614661	0.00130492749314023	0.000411099691675231
Master_fechaalta_lag1	0.00197700395735569	0.00213095784690041	0.00335731414868106
mrentabilidad_tend6	0.00196889777975838	0.00352153861604419	0.0039739636861939
mrentabilidad_avg6	0.00196663599111902	0.00290856531239345	0.0026550188420692
Master_Fvencimiento	0.00195010156918897	0.00242676989388406	0.0039397053785543
mcaja_ahorro_lag1	0.00194300869303594	0.00146685776606334	0.00363138060979788
mrentabilidad_avg12	0.00194129915568176	0.00176255181603753	0.0025693730729702
mactivos_margen_lag1	0.00194058459416428	0.0025823243831069	0.00294621445700582
ctransferencias_recibidas_tend6	0.00193923927222742	0.00187699994888757	0.00286056868790682
mcomisiones_mantenimiento_tend12	0.00193581676041335	0.00362530210175384	0.00298047276464543
ctrx_quarter_avg12	0.00193030064975703	0.00301523460895642	0.00356286399451867
cliente_antiguedad_lag1	0.00192345753687859	0.00296131320350929	0.00366563891743748
Visa_mpagospesos_tend6	0.00192087353468638	0.00164591912457139	0.00241521068859198
mcomisiones_mantenimiento_tend6	0.0019162792485931	0.00284133786119731	0.00251798561151079
mcomisiones_mantenimiento_avg12	0.00191247030248669	0.0032052786556835	0.00337444330250086
mactivos_margen_tend6	0.00190285154964217	0.00360220696671445	0.0038883179170949
vm_fechaalta_lag1	0.00188527133880309	0.00142369668365022	0.0026207605344296
Master_mlimitecompra_tend12	0.00184106839296368	0.00221936450600949	0.00325453922576225
cliente_antiguedad	0.001837777138759	0.00416284339618812	0.00472764645426516
Visa_fechaalta_avg6	0.00182912933203041	0.00226584026429356	0.00352860568687907
vm_fechaalta_avg6	0.00181408966326624	0.00176499675711222	0.00301473107228503
ccajas_consultas_tend6	0.00180816976566802	0.00378408447269476	0.000702295306611853
Master_mlimitecompra_avg12	0.00179944685629988	0.00195663896394328	0.00282631038026721
Visa_mfinanciacion_limite_tend6	0.00178569032923095	0.00237712471440635	0.00306611853374443
vm_mpagominimo	0.00178202384191913	0.000897485971353477	0.00114765330592669
Master_fechaalta_avg6	0.00178028489384724	0.00233531109328377	0.00334018499486125
ccomisiones_otras_tend6	0.00177530389933005	0.00264647171783693	0.00359712230215827
mtarjeta_visa_consumo_tend12	0.00177411435160018	0.00266261829949785	0.00227817745803357
mcuentas_saldo_avg6	0.00177361074933303	0.00233668760550977	0.00332305584104145
mcomisiones_avg6	0.00175292327103683	0.00282352569256985	0.00284343953408702
mcomisiones_mantenimiento_avg6	0.00174947089745028	0.0020752858536015	0.00253511476533059
ctrx_quarter_avg6	0.00174675625894397	0.0021742265253708	0.00332305584104145
vmr_mpagominimo	0.0017436701272978	0.000649757167749501	0.0013360739979445
mtransferencias_recibidas_tend12	0.00173307324694372	0.00201580675314287	0.00298047276464543
vm_status04_delta1	0.00172736518110685	0.000435349069814296	0.000102774922918808
mcomisiones_tend6	0.00171748937375944	0.00217929824485696	0.00277492291880781
Master_mfinanciacion_limite_avg12	0.00171111267809767	0.00157235139637388	0.00226104830421377
chomebanking_transacciones	0.00168964607946018	0.00197525953761435	0.00318602261048304
mpasivos_margen_tend6	0.00168897531739954	0.00229191939665456	0.00327166837958205
Visa_Fvencimiento	0.00168814328493465	0.00263207357210664	0.00380267214799589
mcuentas_saldo_delta1	0.00167684605882293	0.00294881341088276	0.00236382322713258
vm_mfinanciacion_limite_tend6	0.00167684430875333	0.00209029478628356	0.00248372730387119
tcallcenter_avg12	0.00166891691129167	0.000857127048925178	0.00107913669064748
mprestamos_personales_tend12	0.00165814696230225	0.00529755069884615	0.00149023638232271
vm_mlimitecompra_tend6	0.00164957958105466	0.00104503459660841	0.00205549845837616
cproductos_avg6	0.00162248758848975	0.00194036003913191	0.0026036313806098
mrentabilidad_delta1	0.00161207015435621	0.00314771297177665	0.00310037684138404
cproductos_tend6	0.00159466267502823	0.00276554791576366	0.00101062007536828
mpayroll_sobre_edad_avg6	0.00159414954131976	0.000545180973153946	0.000565262076053443
ctrx_quarter_lag1	0.00159129266516822	0.00199520677067156	0.00332305584104145
mttarjeta_visa_debitos_automaticos_avg12	0.00158941888969084	0.000814784055200829	0.00143884892086331
ctarjeta_visa_debitos_automaticos_tend12	0.00158837521831043	0.001447197097172	0.0013532031517643
mactivos_margen_delta1	0.00158802955417666	0.00299918307047942	0.00296334361082563
ctrx_quarter_normalizado_avg6	0.00158480981266342	0.00237420204683738	0.00325453922576225
thomebanking_avg6	0.00157721641074031	0.0018017544395037	0.00323741007194245
mautoservicio_avg12	0.00157142238366744	0.00125867123081299	0.00224391915039397
Master_fultimo_cierre_avg12	0.00157062444611539	0.00435093206390109	0.00364850976361768
ctransferencias_emitidas_avg12	0.00155169383033534	0.000807022792936449	0.00198698184309695
mtransferencias_recibidas	0.00154497194283264	0.00117444898237112	0.00169578622816033
vm_fechaalta	0.00154318443681533	0.00159999641002168	0.00299760191846523
mcomisiones_otras_tend6	0.00152910542148786	0.00204403063357878	0.00298047276464543
mtransferencias_emitidas_avg12	0.00151764690556015	0.001118670110322	0.00248372730387119
Master_mfinanciacion_limite_tend12	0.00151462442935915	0.00315498789986217	0.00315176430284344
mcuenta_debitos_automaticos_tend12	0.0014941366263693	0.00255171007693198	0.00109626584446728
vmr_mpagominimo_avg6	0.00148400855806458	0.00102219195365007	0.00162726961288112
mpayroll	0.00147997978091028	0.00147053145411205	0.00065090784515245
Visa_mlimitecompra_tend6	0.00147988003057615	0.00135131825053907	0.00241521068859198
Visa_mpagominimo_avg6	0.00147788296729157	0.00110306150894742	0.00198698184309695
Visa_mpagospesos_avg6	0.00146936487552281	0.00143580482662829	0.00198698184309695
mprestamos_personales_tend6	0.0014654569611179	0.0011242249361053	0.000770811921891059
mrentabilidad_lag1	0.00146539679616555	0.00254579085916806	0.00279205207262761
Visa_mfinanciacion_limite_lag1	0.00145492030791771	0.00105397331839284	0.00202124015073655
vm_fultimo_cierre_tend6	0.00145262955369067	0.00255875510810847	0.00138746145940391
mcaja_ahorro_dolares_tend12	0.0014386577470107	0.00114929625206321	0.00114765330592669
Master_mlimitecompra_delta1	0.00143287886568242	0.00153968738530798	0.00181569030489894
cproductos_avg12	0.00143236093470705	0.00211192876686523	0.00313463514902364
ctarjeta_debito_avg6	0.00143138956037345	0.00156459623121942	0.00198698184309695
ccomisiones_mantenimiento_avg12	0.00140684369781654	0.00513219169823138	0.00298047276464543
mcaja_ahorro_dolares_avg6	0.00140248233410765	0.00152898839202662	0.00149023638232271
Visa_mpagominimo	0.0013766905215513	0.000950451206505004	0.00173004453579993
mtransferencias_recibidas_tend6	0.00137570353063016	0.00143488272841749	0.00222678999657417
Visa_mpagospesos	0.00136589872211963	0.00106420677939975	0.00149023638232271
cproductos	0.00135497968115933	0.00147421482580591	0.00166152792052073
ctarjeta_visa_transacciones_tend6	0.00134974399515589	0.000891368059537128	0.00118191161356629
vm_mpagospesos_tend6	0.0013451877913178	0.000926517180872433	0.00119904076738609
Master_mfinanciacion_limite_tend6	0.00134494747667275	0.00208304209471654	0.00224391915039397
ccallcenter_transacciones_tend12	0.00134336182971981	0.00353623552016017	0.00184994861253854
Master_fultimo_cierre_lag1	0.00133357929037292	0.000747915616182449	0.00106200753682768
cproductos_delta1	0.00133119335220691	0.00081144678415785	0.000205549845837616
Master_Fvencimiento_tend12	0.00133108253790401	0.00276178492298742	0.00253511476533059
ccajas_transacciones_tend12	0.00132365311997866	0.00237312536895764	0.0013360739979445
ctrx_quarter_normalizado_lag1	0.00131414355843281	0.00131781068638417	0.00217540253511477
Visa_mpagospesos_lag1	0.00129885686850291	0.00129120648526369	0.00196985268927715
Visa_mfinanciacion_limite_avg6	0.00128279232968146	0.00153922615687582	0.00214114422747516
ctrx_quarter_normalizado_delta1	0.00127638228349367	0.00109863464849783	0.00193559438163755
vmr_Master_mlimitecompra_lag1	0.0012665486406254	0.00123294967601565	0.00147310722850291
active_quarter_tend12	0.00126356745298131	0.00908369204950238	0.00373415553271668
Visa_mpagado_tend6	0.001257768946286	0.000631730524314554	0.00152449468996232
cextraccion_autoservicio_avg12	0.00125427976250229	0.000877487092188778	0.00138746145940391
Master_fultimo_cierre_tend12	0.00123929779399918	0.00589595872422431	0.00274066461116821
Master_mlimitecompra	0.00123249026667662	0.00141966039688851	0.00198698184309695
Visa_cconsumos_tend6	0.00123230144640627	0.000885906125016599	0.00162726961288112
cmobile_app_trx_avg6	0.00122597932400504	0.00140290553885049	0.0026892771497088
Visa_mconsumospesos_tend6	0.00121401990604343	0.0021632280563967	0.00238095238095238
active_quarter_avg6	0.00121036640593762	0.00332663732463844	0.00325453922576225
Visa_mlimitecompra_avg6	0.00120606170989284	0.00149579321509133	0.00208975676601576
Visa_mconsumototal_tend6	0.00120318185401026	0.000814075355836946	0.00164439876670093
Visa_mpagado_avg6	0.00119751696114734	0.000793445963776648	0.00196985268927715
mautoservicio_avg6	0.00119473393849017	0.000866116699510052	0.00157588215142172
cproductos_tend12	0.00119433279906937	0.00297553919554795	0.00143884892086331
vmr_Visa_mlimitecompra_lag1	0.00117599979114752	0.000989564525243645	0.00149023638232271
Visa_mconsumospesos_avg6	0.00116465819907569	0.000993023021177813	0.00222678999657417
Visa_msaldototal	0.00115378371730601	0.000965795838885744	0.0013703323055841
chomebanking_transacciones_lag1	0.00114374621336642	0.00112107846873721	0.00214114422747516
mpasivos_margen_delta1	0.00114027453422841	0.0015057092677293	0.00250085645769099
cextraccion_autoservicio_tend12	0.00113977314937976	0.00131820735718197	0.00116478245974649
mautoservicio	0.00112221142574434	0.00106160367212088	0.00092497430626927
vmr_Master_mlimitecompra	0.00112123392127957	0.00333964425334824	0.00171291538198013
cdescubierto_preacordado_tend12	0.00111942447106819	0.00413152684641276	0.00065090784515245
mcomisiones_otras_delta1	0.00111825188334236	0.00193186102656819	0.00231243576567318
Visa_mfinanciacion_limite	0.00111719749529854	0.00148796452596439	0.00253511476533059
ctarjeta_debito_transacciones_avg6	0.001114919968496	0.000743445358656422	0.00171291538198013
Master_mlimitecompra_tend6	0.00111457969478482	0.00131223111350769	0.00188420692017814
mcuenta_debitos_automaticos_avg12	0.00111273597202381	0.000545656547727078	0.00109626584446728
vmr_mconsumospesos_avg6	0.00110385377993152	0.000728723707447273	0.00167865707434053
Visa_mconsumosdolares_tend6	0.00109344118035104	0.000823743220236143	0.00116478245974649
tcallcenter_tend6	0.00108229645479855	0.00195992171965057	0.000633778691332648
mtarjeta_visa_consumo_avg12	0.00107911620408849	0.00150234151113676	0.00179856115107914
Master_mfinanciacion_limite_delta1	0.00106915560064836	0.000869526059911402	0.00179856115107914
ctarjeta_visa_transacciones_avg12	0.00106867758276806	0.00149341534222567	0.00208975676601576
mcomisiones_delta1	0.00106557862546241	0.00152958841937266	0.00222678999657417
Visa_mlimitecompra	0.00106350560232116	0.00113404702151992	0.00169578622816033
mttarjeta_visa_debitos_automaticos_tend12	0.00105596562420964	0.00122279332551645	0.00138746145940391
Visa_mpagominimo_tend6	0.00105024215638234	0.000770095467428002	0.00152449468996232
Visa_mlimitecompra_lag1	0.00103645599067986	0.000837824316251014	0.00145597807468311
Visa_mpagospesos_delta1	0.00103292990125564	0.00100222320138141	0.00212401507365536
Master_msaldopesos_lag1	0.0010320688790044	0.000924018441769108	0.000342583076396026
ccomisiones_otras	0.00102974547655911	0.00118023262910289	0.00190133607399794
ccallcenter_transacciones_avg6	0.00102775527395265	0.001129955860769	0.00116478245974649
Master_mconsumospesos_avg12	0.00101988382150997	0.00188062916389927	0.00092497430626927
ctarjeta_visa_debitos_automaticos_avg12	0.00101956139829226	0.000628143271765186	0.0013360739979445
mextraccion_autoservicio_tend12	0.00101449534039572	0.00189286427022492	0.00102774922918808
vmr_msaldopesos2_lag1	0.00101046839900028	0.000971896893986454	0.00161014045906132
chomebanking_transacciones_delta1	0.00100906614953864	0.00222208704491193	0.00164439876670093
mextraccion_autoservicio_avg12	0.00100671828269333	0.000646559054273925	0.00173004453579993
mcaja_ahorro_dolares_delta1	0.0010056780444428	0.00172334775795726	0.00111339499828708
Visa_msaldopesos	0.00100447230639817	0.000804884500624978	0.00119904076738609
Master_mfinanciacion_limite_lag1	0.00100425630203091	0.000930316039001097	0.00149023638232271
vmr_Visa_mlimitecompra_avg6	0.00099712680989347	0.000935124506800475	0.00152449468996232
vmr_msaldopesos2_tend6	0.000994628862176837	0.00101672392201963	0.00173004453579993
mcaja_ahorro_dolares	0.000990014054084215	0.00157320463310803	0.00161014045906132
ctarjeta_debito_transacciones_avg12	0.000987560889966062	0.00108255441773889	0.00202124015073655
Visa_fultimo_cierre_avg6	0.000984562720215652	0.00126887779280558	0.00169578622816033
ccomisiones_otras_lag1	0.00098213430231721	0.000951450773877039	0.00147310722850291
tcallcenter_tend12	0.000979391691734802	0.00185906727267597	0.00157588215142172
cdescubierto_preacordado_avg6	0.000975869906600719	0.00172849587064408	0.000873586844809866
mprestamos_personales_delta1	0.000974679962914268	0.00269217708835096	0.000770811921891059
vmr_Visa_mlimitecompra	0.00097453470092783	0.00132650695838622	0.00183281945871874
vm_mpagado_avg6	0.000972348584858496	0.00042623640107061	0.00092497430626927
mcuenta_debitos_automaticos	0.000969738242548931	0.000956077404339631	0.000548132922233642
ctarjeta_debito_transacciones_tend12	0.000967462935198535	0.0010285419142966	0.00161014045906132
ccajas_transacciones_avg12	0.00096627613456606	0.000983099795469364	0.00113052415210689
Visa_msaldototal_tend6	0.000952471484846897	0.000908506676846076	0.0012504282288455
mtransferencias_emitidas_tend12	0.000942865667465145	0.0018465255175871	0.0012675573826653
Master_status_tend12	0.000932866514007055	0.00200774314595756	0.000565262076053443
matm_other_avg12	0.000930216907169526	0.000965495645885962	0.000839328537170264
vm_fultimo_cierre_avg6	0.000929719112793618	0.001213321644595	0.00149023638232271
cliente_edad_tend6	0.000912969386195125	0.00243510105659845	0.00234669407331278
Visa_msaldototal_delta1	0.000912805268274064	0.000403365783137386	0.00104487838300788
cmobile_app_trx_tend6	0.000900247763554012	0.00252295718254783	0.00116478245974649
Visa_cconsumos	0.00089763422660343	0.000580929045874718	0.00138746145940391
mtransferencias_emitidas_avg6	0.000896659566051249	0.000321074525269984	0.00121616992120589
mcaja_ahorro_delta1	0.000895618740693091	0.000999257136736014	0.00166152792052073
mcuenta_debitos_automaticos_lag1	0.000893350369243156	0.000302664839871158	0.000376841384035629
vm_msaldopesos_tend6	0.000892942824567368	0.000682109150249321	0.000736553614251456
mcomisiones_lag1	0.000891142482245953	0.00108499648958538	0.00234669407331278
vm_mfinanciacion_limite_delta1	0.00089047796848904	0.000662763379152249	0.0012846865364851
vmr_msaldopesos_avg6	0.000889273748993472	0.000781235245890647	0.00116478245974649
mtransferencias_recibidas_lag1	0.000886232968315275	0.000757534703702351	0.00164439876670093
Master_mpagospesos_tend12	0.000881945248048767	0.00166077096700984	0.000770811921891059
ccajas_consultas_avg12	0.00087602752886989	0.0016103424882352	0.000805070229530661
cprestamos_personales_tend12	0.00087062521665093	0.00286110899537412	0.000976361767728674
Visa_msaldopesos_delta1	0.000866683951315304	0.000654504305796235	0.0012504282288455
Visa_mlimitecompra_delta1	0.00086627237288526	0.00106110550237572	0.00207262761219596
ctransferencias_emitidas_avg6	0.000863187790961186	0.000490106855279935	0.0013360739979445
vm_mconsumospesos_avg6	0.000863122538897557	0.000529399859434215	0.0012846865364851
vmr_mpagominimo_tend6	0.000863074733025376	0.00125142069116712	0.00121616992120589
vm_mfinanciacion_limite	0.000857057895062654	0.000630355446702649	0.00147310722850291
Visa_mfinanciacion_limite_delta1	0.000849366641967768	0.00150031691199247	0.00238095238095238
cextraccion_autoservicio_tend6	0.000848489910720569	0.000433244490934103	0.000668036998972251
Visa_mconsumospesos_delta1	0.000848208404992389	0.000455817426442214	0.00155875299760192
Master_mfinanciacion_limite_avg6	0.000844420741342133	0.000811226929547496	0.0013703323055841
matm_avg12	0.000839894908335925	0.000672198836067743	0.0012675573826653
vmr_msaldopesos2	0.000838426046591439	0.000650360064323735	0.00155875299760192
Visa_msaldototal_avg6	0.000836413423868414	0.000419368186081568	0.00109626584446728
mautoservicio_lag1	0.000829381622472961	0.00037204636413383	0.000976361767728674
ccaja_seguridad	0.000821007622300713	0.00113898245266687	0.000154162384378212
vm_mfinanciacion_limite_avg6	0.000815580863724324	0.000997110595393485	0.0013018156903049
ctransferencias_recibidas_lag1	0.000812975720023848	0.000385885727673369	0.000753682768071257
vmr_Master_mlimitecompra_avg6	0.00081159055699521	0.00172952592356568	0.00138746145940391
Master_msaldopesos_tend6	0.00080918883156126	0.000553275065888813	0.000428228845495033
Visa_mpagominimo_lag1	0.00080113910586026	0.000562796599650123	0.00140459061322371
ctarjeta_debito_transacciones	0.000798699453274378	0.000478348040834465	0.000633778691332648
vmr_msaldototal_tend6	0.000797350113400619	0.00070034022619308	0.00113052415210689
ccomisiones_mantenimiento_avg6	0.000794498465038174	0.00200052058128658	0.0013360739979445
Visa_mconsumospesos_lag1	0.00079346363795862	0.000639536618269463	0.00162726961288112
Visa_msaldopesos_avg6	0.00078959348172428	0.00117843362302534	0.0013360739979445
mttarjeta_visa_debitos_automaticos_avg6	0.000786797452015062	0.000544815505212754	0.000959232613908873
vmr_msaldototal_delta1	0.000785076532846331	0.000600211693951525	0.000633778691332648
mpagomiscuentas_avg12	0.000781743458109301	0.000643318978336013	0.00101062007536828
Visa_cconsumos_lag1	0.000780208179818544	0.000513363743058756	0.000993490921548475
ccomisiones_mantenimiento_delta1	0.000779340741298932	0.000555411923586187	0.000171291538198013
Master_msaldototal_tend6	0.000776978193706597	0.000604143971191204	0.000428228845495033
Visa_mpagominimo_delta1	0.00077676727027907	0.000670327381978301	0.0012846865364851
ccaja_seguridad_avg6	0.000775428504766268	0.00136792068082929	0.000171291538198013
vm_cconsumos_avg6	0.00076825168759697	0.000855479035981333	0.00111339499828708
Master_mfinanciacion_limite	0.00076776737317232	0.00162231111499235	0.00217540253511477
Visa_msaldototal_lag1	0.000763781385297753	0.000616922078952541	0.00101062007536828
ccallcenter_transacciones_delta1	0.000762288668655173	0.000558617568785772	0.000188420692017814
vm_msaldototal	0.000757445885542148	0.000545694206347122	0.000873586844809866
vmr_mpagospesos_avg6	0.000748604034317561	0.000619514067972165	0.00109626584446728
ctarjeta_visa_debitos_automaticos_avg6	0.000737629301824754	0.000456898766817773	0.000942103460089072
vm_mpagospesos_lag1	0.0007326655638278	0.00066034641305245	0.00107913669064748
matm_avg6	0.000727783490712598	0.000256974891458676	0.000633778691332648
Master_fultimo_cierre_avg6	0.000722323772639024	0.00130050099134416	0.00121616992120589
vmr_mpagado_avg6	0.000718926586864667	0.00143967613276885	0.0013703323055841
mpayroll_tend12	0.000715144353652767	0.00142785993375951	0.000582391229873244
cpagomiscuentas_avg12	0.000711344000548716	0.000672029551604306	0.00111339499828708
mforex_sell_tend12	0.000710415895197036	0.000456087851199485	0.000548132922233642
cextraccion_autoservicio_avg6	0.000706533137780256	0.00059068800826907	0.000942103460089072
vmr_msaldopesos2_delta1	0.000704723112417899	0.00083912228335521	0.00104487838300788
vm_msaldototal_avg6	0.000704222396986006	0.00041831410337385	0.000993490921548475
Master_fultimo_cierre	0.000703295035023941	0.000576628790119177	0.000907845152449469
mcheques_depositados_avg12	0.000702519065964521	0.00109276600088082	0.000205549845837616
Master_msaldopesos_tend12	0.000701674779773393	0.00168004644201616	0.000736553614251456
vmr_msaldopesos2_avg6	0.000701515703106913	0.000675283615029662	0.00181569030489894
catm_trx_tend12	0.000698319727028176	0.00162255858592407	0.000942103460089072
mttarjeta_visa_debitos_automaticos_tend6	0.000696065944709664	0.00132610167990384	0.00116478245974649
mv_status07_avg6	0.000692003759088362	0.00198684978490343	0.000633778691332648
ctarjeta_debito_transacciones_tend6	0.000690401214905517	0.000563865745805858	0.000873586844809866
catm_trx_avg12	0.000689843793800538	0.000743414873106862	0.00121616992120589
vm_cconsumos_lag1	0.000689620184136244	0.000718666703974284	0.000719424460431655
vm_Fvencimiento_tend6	0.000688279389541685	0.00222651175344038	0.00123329907502569
Visa_fultimo_cierre	0.000683241429287045	0.000914383932147665	0.000993490921548475
mttarjeta_visa_debitos_automaticos_lag1	0.000681441351345304	0.000323100559028371	0.00078794107571086
Visa_mconsumospesos	0.00067213360560447	0.000729413398174371	0.00173004453579993
vm_mpagominimo_delta1	0.000670704278586766	0.000375569417702361	0.000685166152792052
vmr_msaldopesos_lag1	0.000669136053539899	0.00072378002726926	0.000702295306611853
mtarjeta_visa_consumo_tend6	0.000661481463169546	0.000777480143491938	0.000959232613908873
cproductos_lag1	0.000661051154319967	0.00177560501105195	0.0013532031517643
mforex_sell_avg12	0.000653568861519685	0.000247460889421374	0.00053100376841384
cforex_avg12	0.000653106846704914	0.000821490517450442	0.000599520383693046
vmr_mpagospesos	0.00065106305761283	0.000522403246483498	0.000959232613908873
Visa_mconsumototal_delta1	0.000649880637140698	0.000249986168885492	0.000890715998629668
Visa_mconsumosdolares_avg6	0.000648730189274869	0.000429269892578564	0.00106200753682768
mtransferencias_emitidas_tend6	0.000648697776345695	0.000616350385234915	0.000890715998629668
Master_mlimitecompra_lag1	0.000645167468170541	0.000547535174887004	0.00101062007536828
vm_mconsumospesos_tend6	0.00064407951218514	0.000464471018674882	0.000805070229530661
vm_mpagominimo_avg6	0.000640084369594727	0.000606918873508187	0.00092497430626927
vmr_msaldototal_lag1	0.000637712989163342	0.000396672949721694	0.000770811921891059
mtransferencias_recibidas_delta1	0.000637542788271379	0.000618416588188015	0.00118191161356629
ctransferencias_emitidas_tend12	0.000637004176745531	0.000818320378949756	0.00109626584446728
Master_msaldototal_tend12	0.000636493452918453	0.00112994330789566	0.000668036998972251
vm_mlimitecompra_avg6	0.000635593624514165	0.00110151176706922	0.000993490921548475
ctarjeta_visa_transacciones_avg6	0.000635318306912609	0.000391278442063721	0.00106200753682768
Visa_msaldopesos_tend6	0.0006319915092233	0.000619067544334496	0.00142171976704351
mcomisiones_mantenimiento_lag1	0.000630859666950149	0.0015936722724289	0.00113052415210689
ccaja_seguridad_lag1	0.000630784374066372	0.00055886145318225	8.56457690990065e-05
vm_mconsumospesos	0.000630559710939637	0.000298307558205264	0.000822199383350463
foto_mes	0.000630206337126873	0.0029323436823965	0.00114765330592669
vmr_msaldototal	0.000628449275614895	0.000432294776401936	0.000736553614251456
cpagomiscuentas_tend6	0.000627755130148764	0.000418545793550504	0.000548132922233642
mcaja_ahorro_dolares_lag1	0.000626181348522467	0.000667593007509556	0.00111339499828708
thomebanking	0.00062597123644346	0.000845452518057904	0.00065090784515245
thomebanking_tend6	0.000621658355066627	0.0032859018160097	0.00190133607399794
ccajas_otras_tend12	0.000621034420849711	0.00387763458199486	0.000753682768071257
Visa_mconsumototal_avg6	0.000614531557462483	0.000490687156682142	0.00109626584446728
vmr_msaldopesos	0.000608310142697606	0.000593289680933848	0.00111339499828708
mpagomiscuentas_avg6	0.000603381646518844	0.000465006847040085	0.000685166152792052
cpagomiscuentas_tend12	0.000600186474812911	0.000877383082666751	0.000753682768071257
vm_mconsumospesos_delta1	0.000595111753138123	0.000187799234318912	0.000565262076053443
mautoservicio_tend12	0.000584991685649094	0.000924240089647084	0.0013360739979445
Visa_msaldopesos_lag1	0.000583010932827605	0.000600230343934785	0.000890715998629668
mcaja_ahorro_dolares_tend6	0.000582283378898025	0.00113482816889569	0.00104487838300788
catm_trx_avg6	0.000581021109308561	0.000354618313430827	0.00078794107571086
vm_cconsumos	0.000575519971182946	0.000282268931255135	0.000633778691332648
vm_msaldopesos_delta1	0.000575424200313491	0.000422695414825868	0.00039397053785543
Master_fultimo_cierre_tend6	0.000575050532474181	0.00192004877274761	0.00104487838300788
mautoservicio_tend6	0.000574097813742851	0.000707529794739834	0.00101062007536828
Visa_mconsumototal_lag1	0.000571745443470512	0.000515096398234321	0.00119904076738609
vmr_Master_mlimitecompra_tend6	0.000565623497497373	0.00311196740963055	0.00119904076738609
mcomisiones_mantenimiento_delta1	0.00056207665554393	0.00285782372909216	0.0013703323055841
Master_mlimitecompra_avg6	0.000556412865516837	0.000879745174777343	0.0012675573826653
matm_other_avg6	0.000555056719046572	0.000633744363853117	0.000479616306954437
vmr_mpagospesos_tend6	0.000554154550968508	0.000599528817641388	0.00109626584446728
vm_mconsumototal	0.000552273813417231	0.000251774056703788	0.000479616306954437
vmr_mconsumospesos	0.000549889417670594	0.00045948501738101	0.000753682768071257
vmr_msaldototal_avg6	0.000548891949701928	0.000799199124958853	0.000959232613908873
mtransferencias_emitidas	0.000546404345376378	0.000891690847708937	0.00078794107571086
ccaja_ahorro_avg12	0.000546390153522207	0.000878327058742529	0.000376841384035629
vm_mpagospesos_avg6	0.000545545703589606	0.000575110968404627	0.00106200753682768
Visa_fultimo_cierre_tend6	0.000541795106312392	0.00285676821177034	0.00101062007536828
vm_msaldopesos_avg6	0.00053908150177809	0.000468734691770952	0.000822199383350463
cplazo_fijo_tend12	0.000535173482208293	0.000908302961644312	0.000188420692017814
Visa_Finiciomora_lag1	0.000532189176670019	0.00137468381033573	0.000154162384378212
mextraccion_autoservicio_avg6	0.000529444548111851	0.000436516128382147	0.00101062007536828
ccallcenter_transacciones_tend6	0.00052789776512028	0.00130202921401092	0.000565262076053443
ccajas_extracciones_avg12	0.000521637557695736	0.000586935057791507	0.00039397053785543
vm_status01	0.000518843191902427	0.00112209274090374	0.000171291538198013
vmr_mpagospesos_delta1	0.000518685556849202	0.000402123765982971	0.000873586844809866
vm_mpagominimo_lag1	0.000517554575823919	0.000527432644853803	0.00107913669064748
vm_cconsumos_tend6	0.000514384509669484	0.000688895233581314	0.000839328537170264
vmr_mpagominimo_lag1	0.000508052201409022	0.000295594344294449	0.00078794107571086
vm_status05_tend6	0.000508012373239536	0.00056406587447238	0.000188420692017814
vm_mlimitecompra_delta1	0.000507455477158318	0.000996925888828506	0.00140459061322371
vmr_mconsumosdolares_avg6	0.00050008549873907	0.000269826881846004	0.000428228845495033
vmr_mconsumototal_avg6	0.000498378126415443	0.00032869734727401	0.000822199383350463
vm_msaldopesos_lag1	0.000496480917182569	0.000279383563652688	0.00053100376841384
vm_fultimo_cierre_lag1	0.00049620118587995	0.000680154847195781	0.00106200753682768
vmr_mconsumospesos_tend6	0.000492138500910688	0.000435157190178832	0.000839328537170264
vmr_mconsumospesos_lag1	0.000491841274354792	0.000422439694863091	0.00078794107571086
vm_mlimitecompra	0.000489762157051719	0.000692200584460635	0.0012846865364851
cprestamos_personales_avg12	0.000489739948781279	0.00306736418139649	0.00102774922918808
mtarjeta_visa_consumo_avg6	0.000489060682486533	0.000246919322599784	0.000668036998972251
mpayroll_tend6	0.000488204095761333	0.000642568316509796	0.000445357999314834
vm_mlimitecompra_lag1	0.000485505287834631	0.000604634967865878	0.000822199383350463
mttarjeta_visa_debitos_automaticos	0.000483707322810668	0.00047742379070252	0.000736553614251456
Visa_mconsumototal	0.000483560777669099	0.00045375265810321	0.000856457690990065
mcuenta_debitos_automaticos_avg6	0.000479171722084819	0.00059548141262043	0.00053100376841384
cpayroll_trx_avg12	0.000475636349653246	0.000829028338569225	0.000582391229873244
cforex_sell_avg12	0.000474155897072942	0.000542484257305246	0.000411099691675231
ctarjeta_debito_transacciones_delta1	0.000469865293264133	0.000501353871146325	0.000342583076396026
ccallcenter_transacciones	0.000466690900406154	0.000654126284981695	0.000188420692017814
Visa_fechaalta_tend6	0.000463470500121779	0.00150080145290371	0.000668036998972251
vm_status05_delta1	0.000460877705229055	0.00119927426201141	0.000188420692017814
matm_other_tend12	0.000454907594605765	0.000419685235796989	0.000445357999314834
vmr_msaldopesos_tend6	0.000454725137558941	0.000545173082776413	0.000822199383350463
vm_fultimo_cierre	0.000454652995285738	0.000791422081939407	0.0013018156903049
Master_Fvencimiento_tend6	0.000451834247590072	0.000532154318500317	0.000805070229530661
mextraccion_autoservicio_tend6	0.000451450159864065	0.000434002325830805	0.00053100376841384
matm_tend6	0.00045035084936018	0.000554299021700495	0.000702295306611853
vm_status01_tend6	0.000449982078368686	0.000805704382581372	0.000308324768756423
catm_trx_tend6	0.000449260724370307	0.000701882795000801	0.000462487153134635
ccomisiones_mantenimiento	0.000448772940444071	0.00229355270480392	0.000582391229873244
mpagomiscuentas	0.000447980708729023	0.000243030083783013	0.000428228845495033
cprestamos_personales_tend6	0.00044406999238563	0.0015591034524958	0.000359712230215827
tcuentas_avg12	0.000441751961418162	0.00239361775537168	0.000993490921548475
active_quarter_tend6	0.000440147612020485	0.00506812470189078	0.0012846865364851
vm_msaldototal_tend6	0.000437247353493084	0.000530462908480039	0.000753682768071257
Visa_Fvencimiento_tend6	0.000435378671889718	0.00120693581859605	0.00102774922918808
Master_mpagospesos_avg12	0.000434941232221316	0.0011254163831128	0.000702295306611853
vmr_mconsumototal_tend6	0.000429923114785648	0.000217969527430829	0.000633778691332648
Visa_fultimo_cierre_lag1	0.000429649677629594	0.00128035936807682	0.00106200753682768
Master_mpagominimo_avg6	0.000429390695450565	0.000183708432221522	0.000428228845495033
Master_msaldopesos_avg6	0.000429022570601139	0.000277482341320735	0.000359712230215827
Master_delinquency_avg12	0.000428093320532835	0.000651778897665596	0.000222678999657417
ccuenta_debitos_automaticos_avg12	0.000426115551747459	0.000891761861106735	0.000702295306611853
vm_mconsumosdolares_tend6	0.000425888797988742	0.000219455070328197	0.000188420692017814
vm_mconsumototal_avg6	0.000425386455344963	0.000320689331384959	0.000805070229530661
vm_mpagado_tend6	0.000424058638425013	0.000572705479217604	0.000702295306611853
vm_mpagospesos_delta1	0.000423755816353633	0.000307295415522517	0.00078794107571086
matm_tend12	0.000421560428441414	0.000900559632056145	0.000839328537170264
cdescubierto_preacordado_tend6	0.000419938403453825	0.00106571527612267	0.00013703323055841
active_quarter	0.000418643267118753	0.000697689059341957	0.000805070229530661
Master_cconsumos_avg6	0.00041389016570224	0.000299247230438751	0.000445357999314834
vm_mconsumosdolares_avg6	0.00041350851530605	0.000584446719640385	0.000462487153134635
Master_mconsumospesos_tend12	0.000413060440585511	0.00113870915868141	0.000873586844809866
ccuenta_debitos_automaticos_avg6	0.000413024199946034	0.000304397495046722	0.000548132922233642
vmr_msaldopesos_delta1	0.000411763824283377	0.000365943874419024	0.000685166152792052
ccuenta_debitos_automaticos_tend12	0.000403426286959157	0.00155028380368142	0.000565262076053443
Visa_status_delta1	0.000401473819135859	3.45168151720839e-06	1.71291538198013e-05
cprestamos_personales_lag1	0.000397801405589773	0.00143866078464175	0.000359712230215827
mtarjeta_master_consumo_tend12	0.000397575362190079	0.000498933318511283	0.000239808153477218
vm_mpagominimo_tend6	0.000397239258319429	0.000279255882998062	0.000719424460431655
ccaja_ahorro	0.000393067021708046	0.000756654567953885	0.000239808153477218
mpagomiscuentas_tend12	0.000389612832365649	0.000709082405846234	0.000599520383693046
mpayroll_sobre_edad_tend6	0.000387751521701593	0.000264303258919307	0.000274066461116821
ctransferencias_emitidas_tend6	0.00038171135825013	0.000301100393198458	0.000736553614251456
mttarjeta_visa_debitos_automaticos_delta1	0.000379884423512736	0.00061406002382917	0.000668036998972251
mplazo_fijo_dolares	0.000377907511772036	0.00173384124276924	0.000222678999657417
ccaja_ahorro_lag1	0.000376772279655257	0.000287484470804516	0.00013703323055841
mpayroll_avg12	0.000372230205097997	0.000714318388646496	0.000770811921891059
ctarjeta_debito_lag1	0.000370593707610531	0.000569582324328592	0.000582391229873244
tcuentas_tend12	0.000367983940776572	0.00515508455268311	0.00106200753682768
vmr_Visa_mlimitecompra_tend6	0.00036442916161418	0.00162244883794565	0.000736553614251456
ccajas_consultas_tend12	0.000363462862652331	0.00244226372613088	0.000976361767728674
ctarjeta_debito_transacciones_lag1	0.000362281272570476	0.000189783305614963	0.000565262076053443
ctarjeta_visa_debitos_automaticos_tend6	0.000362000509728306	0.00085147610399738	0.000513874614594039
mautoservicio_delta1	0.000359410861473064	0.000553742750084411	0.000359712230215827
Master_status	0.000356427796988632	0.000853991699816343	0.000102774922918808
Visa_mpagado	0.000353597420149545	0.000386195245664781	0.000239808153477218
mv_status07_tend6	0.000353263003740217	0.00108882224672836	0.000582391229873244
mpagomiscuentas_tend6	0.000349374327859607	0.000290000783930527	0.000496745460774238
ccajas_consultas	0.000348932839610464	0.000506752323993064	8.56457690990065e-05
Master_mpagospesos_delta1	0.000348431293839952	0.000335481995991906	0.000171291538198013
catm_trx_other_avg12	0.000347591215843943	0.000543123019231903	0.000633778691332648
ctransferencias_recibidas	0.000347252331434728	0.000643831852875665	0.000668036998972251
cmobile_app_trx_lag1	0.000342457957444664	0.000515467604631901	0.000599520383693046
vmr_mconsumototal	0.000341707005838345	0.000211800328160515	0.000513874614594039
ctarjeta_visa_transacciones_delta1	0.000340519839383603	0.00043118653701206	0.000308324768756423
Master_mpagospesos_avg6	0.000338571664957046	0.000703800156741345	0.000291195614936622
ccajas_extracciones_tend12	0.000337846350276216	0.000953955610090274	0.000479616306954437
mcuenta_debitos_automaticos_tend6	0.000335626354375506	0.000423885785872794	0.000445357999314834
catm_trx_other_tend12	0.000335068565515392	0.000834122294573892	0.000479616306954437
Master_mpagado_avg12	0.000332764127517988	0.000422848201227191	0.000496745460774238
ctarjeta_visa_tend12	0.000330244266776597	0.0017915876880523	0.000805070229530661
vm_fechaalta_tend6	0.000330032262078155	0.00119429937897679	0.000873586844809866
vmr_mpagado_tend6	0.000328913105193433	0.000580261233012598	0.000736553614251456
cpagomiscuentas	0.000328347526232733	0.000149687276219927	0.000154162384378212
vm_msaldototal_lag1	0.000326935261469338	0.000262431446176341	0.000582391229873244
ccajas_transacciones_avg6	0.000322354079651649	0.000246091550265857	0.000325453922576225
catm_trx_other_tend6	0.00032018329269257	0.00043733852091321	0.000359712230215827
Visa_status_tend6	0.000319363533837161	0.000159199484989607	8.56457690990065e-05
cforex_sell_tend12	0.000318906574390174	0.000585524832134226	0.000428228845495033
vm_mfinanciacion_limite_lag1	0.000318024504189374	0.000600913220244923	0.00101062007536828
Master_status_tend6	0.000316915413705249	0.000281156746676491	0.000119904076738609
vm_cconsumos_delta1	0.000315230813932886	0.000193912483639446	0.000291195614936622
cseguro_accidentes_personales_avg12	0.000314656130544593	0.000478751167395702	0.000462487153134635
vm_status04_tend6	0.000311539714198514	0.000633272734468752	0.000239808153477218
Master_msaldototal_lag1	0.000309933490491188	0.000310955116083779	0.00013703323055841
Visa_mconsumosdolares	0.000306253405654735	0.000346271728614901	0.000428228845495033
ctarjeta_visa_avg12	0.000304805103443068	0.000729409811639129	0.000513874614594039
ctarjeta_visa_descuentos_avg6	0.000302285881625275	6.41035790000752e-05	8.56457690990065e-05
Master_mpagominimo_lag1	0.000301973915922036	0.000118503428248531	0.000154162384378212
Master_msaldodolares_avg12	0.000299524597951483	0.000303955633904869	0.000119904076738609
vm_msaldototal_delta1	0.000297888059827264	0.000203376274183354	0.000633778691332648
mpagomiscuentas_lag1	0.00029664135609286	0.000186170588665375	0.000462487153134635
cmobile_app_trx	0.000293516756811885	0.000274050385747359	0.000513874614594039
vmr_mpagominimo_delta1	0.000292224147902983	0.000328399664848898	0.000633778691332648
Master_mconsumototal_avg6	0.000291947050024332	0.000192253352436349	0.00025693730729702
Master_mpagado_tend12	0.000291812527735261	0.000377195552781229	0.000205549845837616
tcallcenter_avg6	0.000290701409980936	0.000212740717701051	0.000428228845495033
cforex_tend12	0.000289894393361377	0.000678652806236297	0.000428228845495033
matm_other	0.000288777840293364	0.00115132838293151	0.000274066461116821
mprestamos_prendarios_avg12	0.000286887021505208	0.00242748397305081	0.000342583076396026
ctarjeta_visa_debitos_automaticos	0.000286391494105171	0.000144069686069882	0.000308324768756423
catm_trx_other_avg6	0.000283685910512588	0.000395910093675652	0.000325453922576225
cseguro_accidentes_personales_tend12	0.000282487955887028	0.00153210867768744	0.000411099691675231
vmr_mpagospesos_lag1	0.000281503022701783	0.000498330780590573	0.000839328537170264
cprestamos_personales_avg6	0.0002795801655892	0.00235109830411341	0.00065090784515245
Master_mpagado_avg6	0.000279168840730256	0.00036289854734477	0.000274066461116821
mcuenta_debitos_automaticos_delta1	0.000278535996576278	0.000681556823822004	0.000376841384035629
Visa_delinquency_avg6	0.000278223893835862	0.00166004146574155	0.00039397053785543
mextraccion_autoservicio	0.000276872152365433	0.00069773927083535	0.000685166152792052
Master_mpagominimo_tend6	0.000275794158324747	0.00115092310444913	0.000291195614936622
mextraccion_autoservicio_delta1	0.000275184256829421	0.000304955559930427	0.000291195614936622
mpayroll_delta1	0.000275102313071941	0.000597044066025509	0.000325453922576225
cpayroll_trx_tend12	0.000274604597523955	0.000854626875207757	0.000582391229873244
cpagomiscuentas_avg6	0.000274524527357589	0.00014933077461684	0.000496745460774238
Visa_mpagado_lag1	0.000273167579232491	0.000301369383341632	0.000513874614594039
Master_mconsumospesos_avg6	0.000272666853651253	0.000121816310851861	0.000239808153477218
ctarjeta_debito_tend12	0.000269989790479278	0.00295741535700794	0.000856457690990065
mtarjeta_visa_consumo_lag1	0.000268396403473625	0.00020437082040605	0.000513874614594039
vm_mpagospesos	0.000265758529697194	0.000223496019585719	0.000668036998972251
Master_mconsumosdolares_avg12	0.000265155569189377	0.00030696939946899	0.000239808153477218
mtransferencias_emitidas_lag1	0.000262821998799608	0.000693091838468352	0.000548132922233642
Master_msaldototal_avg12	0.00025911261277297	0.000372730675058065	0.000616649537512847
thomebanking_delta1	0.000256307911826776	0.000833456274979393	0.000325453922576225
ctarjeta_visa_debitos_automaticos_lag1	0.000256187970209111	0.000380918017709232	0.000411099691675231
Master_msaldopesos_delta1	0.000255858474618503	0.000159569974080139	0.000291195614936622
mtarjeta_master_consumo_avg6	0.000254955268713527	0.000211505156310072	0.000154162384378212
ctransferencias_recibidas_delta1	0.000251129687819511	0.000338227847373426	0.000325453922576225
Master_mconsumospesos_lag1	0.000249776919705917	0.000159349043509212	0.00025693730729702
ccajas_transacciones_tend6	0.00024768589529894	0.00150200043163521	0.000462487153134635
Master_mconsumospesos_tend6	0.000247121107579174	0.000336628252655352	0.000205549845837616
active_quarter_lag1	0.000244009300715817	0.000955324231938744	0.00078794107571086
mextraccion_autoservicio_lag1	0.000242174260431967	0.000180191834416428	0.000325453922576225
Master_mconsumospesos	0.000240210449929157	0.000146023630469897	0.000188420692017814
ccajas_depositos_tend12	0.00023905620146467	0.00128170180821802	0.000359712230215827
vm_mconsumosdolares	0.000238289067420673	0.000185334925953914	0.000119904076738609
vmr_msaldodolares2_lag1	0.00023666369677875	0.000257285126757136	0.000102774922918808
ccaja_ahorro_avg6	0.000235029652758561	0.000560087689581599	0.000222678999657417
Visa_msaldodolares	0.000234395179615866	0.000746789085462837	0.00013703323055841
Visa_cconsumos_delta1	0.000234205537727658	0.000189573134649763	0.000462487153134635
Master_mconsumototal_delta1	0.000233850777083055	0.000246530183525992	0.000119904076738609
mtarjeta_visa_consumo_delta1	0.000233656999912753	0.000164719162727537	0.000582391229873244
ctarjeta_master_transacciones_tend12	0.000231852430899231	0.000625251448399304	0.000291195614936622
Master_msaldototal_delta1	0.000230851037870589	0.000172012023489269	0.000188420692017814
vmr_mconsumospesos_delta1	0.000224990827099891	0.000306891930307756	0.000582391229873244
Master_cconsumos_tend6	0.0002228018215101	5.69835892370224e-05	0.000239808153477218
tcuentas_avg6	0.000222541759083396	0.00182447980275961	0.000616649537512847
vm_mconsumospesos_lag1	0.000221622807986109	0.000235266310943963	0.000770811921891059
cprestamos_prendarios_avg12	0.000221609547225807	0.00190764223003738	0.000291195614936622
ccuenta_debitos_automaticos_tend6	0.000217403460888467	0.000621708668886941	0.000274066461116821
Master_msaldopesos_avg12	0.000211280973631208	0.000376099507611176	0.000548132922233642
cseguro_accidentes_personales_avg6	0.000207046296859258	0.000255828993448754	0.000188420692017814
cpagomiscuentas_lag1	0.000205980236889885	0.000149116658462874	0.000222678999657417
ccuenta_debitos_automaticos	0.000202596171959041	0.000207227137073033	0.000205549845837616
vmr_mconsumototal_lag1	0.000200648864587372	0.000229946044565507	0.00053100376841384
ctarjeta_master_transacciones_avg12	0.000200331851064246	0.000259303628791514	0.000274066461116821
cplazo_fijo	0.000199917827845178	0.000188348332864511	3.42583076396026e-05
Master_cconsumos	0.000198898697226471	0.000146899462376072	0.000102774922918808
vm_mpagosdolares_avg6	0.000197961934834909	9.96199615441936e-05	0.000102774922918808
Visa_mconsumosdolares_lag1	0.000197320551527373	0.000178674730008927	0.000359712230215827
ctransferencias_emitidas_delta1	0.000196717280116695	0.000137698564865425	0.000188420692017814
Master_mconsumosdolares_tend12	0.000195984871911444	0.000269511266744679	0.00025693730729702
ctarjeta_visa_transacciones_lag1	0.000194480651363821	0.000224696432931323	0.000582391229873244
vmr_msaldodolares_tend6	0.000193501526996158	0.000453926963715987	0.000205549845837616
cseguro_vida_tend12	0.00019294212707172	0.00257890067656458	0.000513874614594039
Visa_msaldodolares_lag1	0.000192860370945365	7.11930832135684e-05	6.85166152792052e-05
ctarjeta_debito	0.000192281973143422	0.000736959468324211	0.000685166152792052
Master_mpagospesos_tend6	0.000190694833520324	0.00012230264503072	0.000342583076396026
Master_msaldototal_avg6	0.000189935790124444	6.22579479643776e-05	0.000325453922576225
catm_trx_delta1	0.000187690739755748	0.000200120417490377	0.000119904076738609
vm_status04	0.000187280301848144	0.000115030227519868	6.85166152792052e-05
mprestamos_personales_avg12	0.000187194060830922	0.000670389787691517	0.00039397053785543
mpagomiscuentas_delta1	0.000186530675703297	0.000374159192045081	0.000274066461116821
mtarjeta_master_consumo	0.00018090300506455	0.000182738633091999	6.85166152792052e-05
vm_mconsumototal_lag1	0.000180448884856436	0.000162770956783909	0.000513874614594039
ccaja_seguridad_avg12	0.00017911653683183	4.00824005611154e-05	3.42583076396026e-05
mtarjeta_master_consumo_lag1	0.000176649324315217	5.35939547795061e-05	5.13874614594039e-05
matm_other_tend6	0.00017582886041182	0.00017864962426223	0.000102774922918808
mprestamos_hipotecarios_tend12	0.000173409183607181	0.00177721679998985	0.000205549845837616
ctarjeta_visa_descuentos_avg12	0.000171609827074301	0.000264488682791335	0.000102774922918808
matm_lag1	0.0001714016263985	5.07573640563555e-05	0.000171291538198013
ccajas_otras_delta1	0.000171178026553561	0.000679999191566264	6.85166152792052e-05
mtransferencias_emitidas_delta1	0.000169167287340285	0.000295421831949293	0.000325453922576225
mtarjeta_master_descuentos_avg12	0.000168969108553632	0.000378515039096878	8.56457690990065e-05
ctarjeta_master_transacciones_tend6	0.000168680869268183	0.000821448913641631	0.000188420692017814
ctarjeta_master_debitos_automaticos_avg12	0.00016858450020356	0.000284325450563081	0.000171291538198013
Master_mpagospesos_lag1	0.00016492203287084	0.00018759910565239	0.000274066461116821
mcaja_ahorro_adicional_lag1	0.000163756445283358	0.000232763267998349	6.85166152792052e-05
vm_mpagado	0.000163175718774228	0.000180220526698366	0.000102774922918808
cseguro_vivienda_avg12	0.000162781905170622	0.000626489161711428	0.00025693730729702
mforex_sell_avg6	0.000162434563893941	0.000159230329192691	0.000154162384378212
ccajas_consultas_avg6	0.000161790754982515	0.00142303747847268	0.000359712230215827
vm_mconsumototal_tend6	0.000156400653956479	0.000214921331128381	0.000513874614594039
ccajas_otras_avg6	0.000155955800240061	0.000712944745648688	0.000154162384378212
ctransferencias_emitidas_lag1	0.000151361108930006	4.72450700935519e-05	0.000171291538198013
vmr_mconsumototal_delta1	0.000150953818309809	0.000270299587190941	0.000274066461116821
mtarjeta_master_consumo_avg12	0.000150340397191124	0.000171572672922085	0.000274066461116821
Master_mconsumototal_tend6	0.000146449842980109	0.000384598520174901	0.00025693730729702
mtarjeta_visa_descuentos	0.000142926480247421	0.000648195948958519	6.85166152792052e-05
Master_mconsumospesos_delta1	0.000142513434556433	0.000155514320028123	0.00013703323055841
ccajas_extracciones	0.000140589513277815	0.00147764857464691	0.000154162384378212
mttarjeta_master_debitos_automaticos_tend12	0.000140549337836576	0.000549294370423362	0.000154162384378212
thomebanking_lag1	0.000138311388586046	0.000197104141351586	0.00053100376841384
ctarjeta_master_descuentos_tend12	0.000136911306702007	0.000169162879892771	5.13874614594039e-05
vm_Finiciomora	0.000136886591577402	0.000647862401180984	0.000102774922918808
vm_status05_avg6	0.00013452255287204	0.000184189027943993	0.000188420692017814
matm	0.00013350490873796	0.000157752676672855	0.000154162384378212
ccallcenter_transacciones_lag1	0.000133303848134973	0.000352419408673761	8.56457690990065e-05
ctarjeta_master_tend6	0.000132357244393246	9.50159262536279e-05	6.85166152792052e-05
mplazo_fijo_dolares_delta1	0.000131351127384918	0.000300044875876643	3.42583076396026e-05
Master_mpagospesos	0.000131173726807865	0.000306545112349823	0.000274066461116821
vm_mpagosdolares_delta1	0.000129630437601994	0.000177086612203627	3.42583076396026e-05
cseguro_vida	0.000129297639475255	9.18959992463341e-05	5.13874614594039e-05
mtarjeta_master_descuentos_avg6	0.000127901407751741	0.000263493777915116	3.42583076396026e-05
vmr_mconsumosdolares_tend6	0.000126564428466078	0.000293017418722842	0.000205549845837616
cseguro_vida_avg12	0.000124712796298921	0.000739790320590974	0.000274066461116821
vm_status01_avg6	0.000122388414669373	0.000436588935047566	0.000171291538198013
vmr_mpagosdolares_tend6	0.000122245057134076	0.00020204280038026	5.13874614594039e-05
cdescubierto_preacordado_delta1	0.000121684139690074	0.00196517240724533	0.000205549845837616
vm_status02_avg6	0.000121238110202341	0.000370028579406501	0.000171291538198013
tcallcenter_lag1	0.000119782121523364	5.85362003434225e-05	3.42583076396026e-05
cplazo_fijo_avg12	0.000119766551574468	0.000118075554594122	0.00013703323055841
ccaja_ahorro_tend12	0.000119485559890204	0.000812115672980543	0.00013703323055841
ccajas_depositos_tend6	0.00011937694629201	0.000801896558114602	0.000154162384378212
mtarjeta_master_consumo_delta1	0.000118686441144983	0.000214412401777496	8.56457690990065e-05
ctarjeta_master_debitos_automaticos_tend6	0.000118587748264574	0.000300623742664754	6.85166152792052e-05
ccajas_otras_avg12	0.000117082181832535	0.000866055011103885	0.000308324768756423
mprestamos_prendarios_tend12	0.000116525148186086	0.00330066901621642	0.00039397053785543
cpagomiscuentas_delta1	0.000111198666488487	0.000508685466488674	0.000102774922918808
Master_fechaalta_tend6	0.000111109553645403	0.000150727012786675	0.000291195614936622
Visa_mpagosdolares_lag1	0.000110638611445456	0.000388400247531759	0.000154162384378212
mplazo_fijo_dolares_avg12	0.000110579103056162	0.000353199838742489	0.000102774922918808
ctarjeta_master_debitos_automaticos_tend12	0.000110338284393388	0.000803869511151402	0.000171291538198013
cplazo_fijo_delta1	0.000109746407196846	0.000132993030627502	1.71291538198013e-05
vmr_Visa_mlimitecompra_delta1	0.00010910317819333	0.000589704221652101	0.000102774922918808
Visa_mconsumosdolares_delta1	0.000107213493637191	0.000127207590628116	0.000239808153477218
ctarjeta_master_avg12	0.00010557885139714	1.30661065412946e-05	5.13874614594039e-05
ctarjeta_master_debitos_automaticos_avg6	0.00010553955221529	0.000137506685229961	6.85166152792052e-05
Visa_Fvencimiento_delta1	0.000104993239984004	4.72454287470762e-05	0.000222678999657417
vm_status03_delta1	0.00010319985279483	0.000258447522829172	6.85166152792052e-05
Master_mpagosdolares_avg6	0.000102168528457276	5.2506875947559e-06	1.71291538198013e-05
ctarjeta_master_transacciones	9.75370676115576e-05	3.15507505266856e-05	5.13874614594039e-05
cextraccion_autoservicio	9.69442191127476e-05	0.000193898137498476	0.000171291538198013
cinversion1	9.62867742114022e-05	0.000343732103009814	3.42583076396026e-05
Visa_msaldodolares_delta1	9.61640796415773e-05	1.81718981122607e-05	3.42583076396026e-05
ccheques_depositados_avg12	9.5651854196568e-05	0.000109078372285239	5.13874614594039e-05
cplazo_fijo_lag1	9.55767584286249e-05	6.17228369062235e-05	3.42583076396026e-05
vm_mpagado_lag1	9.51414746417629e-05	0.000143559680758424	0.000154162384378212
vm_status01_lag1	9.4509449604241e-05	0.00106689417025682	0.000119904076738609
ccajeros_propios_descuentos_avg12	9.4440320054495e-05	0.000176105694814853	6.85166152792052e-05
Master_delinquency_tend12	9.24958567852405e-05	0.000777689238496566	0.00025693730729702
cdescubierto_preacordado_lag1	9.16949094535398e-05	0.000697015149369925	0.00025693730729702
ctarjeta_visa_descuentos_tend12	9.16271736538634e-05	0.000123053306856937	0.000119904076738609
Master_status_avg6	9.14116483222185e-05	0.00054141762172418	0.000154162384378212
mplazo_fijo_dolares_lag1	9.1288835148472e-05	0.000134249393922886	0.000102774922918808
cforex_buy_tend12	9.12334273999308e-05	0.000297342421571555	5.13874614594039e-05
ctarjeta_master_tend12	9.10167838166929e-05	0.000685187473447804	0.000222678999657417
Visa_mpagosdolares_delta1	9.03265888973768e-05	0.000121340377625205	8.56457690990065e-05
cextraccion_autoservicio_lag1	8.86860112274265e-05	5.8938968251135e-05	0.000188420692017814
Visa_Finiciomora_avg6	8.84187833260623e-05	0.000441633038212364	0.000119904076738609
Master_msaldototal	8.75770609252354e-05	0.000348907832018005	0.000205549845837616
ccajas_depositos_avg12	8.74852784719525e-05	0.000921460166180762	0.00025693730729702
vm_mconsumosdolares_lag1	8.71310931391756e-05	7.11923659065199e-05	8.56457690990065e-05
mv_status07_delta1	8.66666750465675e-05	0.00264330480721796	0.000565262076053443
vmr_mpagado	8.66249673876575e-05	0.000203677184490185	0.000222678999657417
Master_mpagominimo_delta1	8.63465842051395e-05	0.000344884456783171	0.000154162384378212
ccheques_depositados_tend6	8.54061949327064e-05	0.000210541454290461	3.42583076396026e-05
vmr_mpagado_delta1	8.51151731441517e-05	0.000102029395919984	0.000171291538198013
Visa_msaldodolares_avg6	8.41511695845264e-05	6.87205258175133e-05	0.000154162384378212
Master_fultimo_cierre_delta1	8.28833301716402e-05	0.000103689961737178	0.000325453922576225
mcaja_ahorro_adicional_tend6	8.24018470188963e-05	0.00123480714261764	0.000222678999657417
vm_msaldodolares_tend6	8.21607117723288e-05	4.09811862928407e-05	5.13874614594039e-05
mv_status07	8.15998048717463e-05	0.00126344562652757	0.000582391229873244
vmr_mconsumosdolares	8.15560607347823e-05	7.90569203858784e-05	0.000119904076738609
cprestamos_prendarios_tend12	8.1395712454787e-05	0.00249376995874584	0.000291195614936622
Master_mconsumosdolares_avg6	8.13141165611692e-05	6.33633181260605e-06	3.42583076396026e-05
ccomisiones_otras_delta1	7.98082205680366e-05	0.000258988013690189	0.000325453922576225
vmr_msaldodolares2_tend6	7.9246885020576e-05	3.81022744538308e-05	3.42583076396026e-05
mttarjeta_master_debitos_automaticos_avg6	7.79616180844503e-05	0.000212174403786289	6.85166152792052e-05
cpayroll_trx_tend6	7.7808589191051e-05	0.000383565956678637	0.000239808153477218
vmr_mpagosdolares_avg6	7.68881679881712e-05	0.000150901677052976	5.13874614594039e-05
vm_Finiciomora_tend6	7.66866525921482e-05	0.000455518309403004	8.56457690990065e-05
Master_Finiciomora_avg12	7.66630804648475e-05	0.00179283616097015	0.000222678999657417
mttarjeta_master_debitos_automaticos_avg12	7.61365511036485e-05	4.46283339807555e-05	5.13874614594039e-05
vm_msaldodolares	7.60727836414971e-05	5.61583274777646e-05	1.71291538198013e-05
Master_mconsumototal_lag1	7.48876693433196e-05	0.000151965802059372	0.000119904076738609
ccajas_consultas_delta1	7.47499182209248e-05	0.00054903649853944	0.000102774922918808
minversion2_lag1	7.41198270163505e-05	0.000122381548806051	1.71291538198013e-05
vm_fultimo_cierre_delta1	7.32405443268444e-05	5.36204951402993e-05	0.00025693730729702
vmr_msaldodolares_avg6	7.12243473540835e-05	7.93355941742066e-05	6.85166152792052e-05
mtarjeta_visa_descuentos_tend12	7.11767616339683e-05	0.000190567322218934	6.85166152792052e-05
Visa_mpagosdolares_avg6	7.10384834356635e-05	0.000281196198564157	0.00025693730729702
catm_trx_other	7.01340503621272e-05	2.40147226755236e-05	5.13874614594039e-05
Visa_status_avg6	6.98848693375676e-05	0.00232820544966168	0.000325453922576225
Master_mconsumototal	6.95814297616885e-05	4.82198903724144e-05	8.56457690990065e-05
vmr_mconsumosdolares_lag1	6.94110755692757e-05	0.000141328855837701	0.000154162384378212
cforex_tend6	6.83011195003833e-05	0.000135907807818935	0.000119904076738609
mv_status07_lag1	6.77145544841185e-05	0.00100235231665014	0.000376841384035629
ctarjeta_debito_tend6	6.76991481455255e-05	0.000250837971005542	8.56457690990065e-05
ccajas_extracciones_tend6	6.738081865433e-05	5.79863844907749e-05	6.85166152792052e-05
Visa_fultimo_cierre_delta1	6.61021407192337e-05	0.000119364555360212	0.000342583076396026
cinversion2	6.56246053971234e-05	0.000153240815338017	1.71291538198013e-05
ctarjeta_visa_debitos_automaticos_delta1	6.40362051935461e-05	3.7725329599863e-05	8.56457690990065e-05
vmr_mpagado_lag1	6.38642733746783e-05	5.03402500076738e-05	0.00013703323055841
mcaja_ahorro_adicional_delta1	6.3859695109236e-05	0.000366656518971673	5.13874614594039e-05
Master_madelantopesos_tend12	6.16744413950068e-05	6.04410092106185e-05	3.42583076396026e-05
Visa_mpagosdolares_tend6	5.88098730743168e-05	0.000243699689912754	0.000239808153477218
cplazo_fijo_avg6	5.81182621433081e-05	0.000135689746476202	6.85166152792052e-05
matm_delta1	5.76198174698517e-05	0.000226966709739712	0.000188420692017814
cdescubierto_preacordado	5.74448041858336e-05	0.00145287601707469	0.000359712230215827
ccomisiones_mantenimiento_lag1	5.71776828701874e-05	0.000174246793598759	0.000171291538198013
ctransferencias_emitidas	5.71647318471769e-05	0.000143779894022302	0.000274066461116821
vm_status06_tend6	5.69526007156812e-05	0.000532240395346133	0.000102774922918808
cplazo_fijo_tend6	5.64265051889656e-05	0.000175309842644582	5.13874614594039e-05
matm_other_lag1	5.62829555672085e-05	0.000141159930027788	6.85166152792052e-05
cseguro_vida_lag1	5.52170627999528e-05	6.66464324868798e-05	3.42583076396026e-05
Master_mconsumosdolares_tend6	5.47977320384594e-05	1.77009860349442e-05	6.85166152792052e-05
Visa_mpagado_delta1	5.47519321370256e-05	9.89223804395624e-05	0.00025693730729702
matm_other_delta1	5.46041386288554e-05	0.000300904209720703	0.000154162384378212
mcheques_emitidos_avg6	5.43273163229073e-05	0.000309785546941259	3.42583076396026e-05
vm_status02_tend6	5.35981400369813e-05	0.000370830887340208	0.000119904076738609
cseguro_auto_avg6	5.30066545876787e-05	0.000106215241201295	1.71291538198013e-05
Master_madelantodolares_tend12	5.25821725844055e-05	6.43137499652752e-06	1.71291538198013e-05
mtarjeta_master_consumo_tend6	5.19283669615586e-05	0.000181842357934943	0.000119904076738609
cforex_avg6	5.13399485043809e-05	0.000196699221522728	0.000205549845837616
cmobile_app_trx_delta1	5.12017875937559e-05	0.000236003702589784	8.56457690990065e-05
mtarjeta_visa_descuentos_avg12	4.94893294557749e-05	0.000124720328437567	8.56457690990065e-05
vm_status01_delta1	4.8367130786273e-05	0.000318540638121285	5.13874614594039e-05
ccajas_extracciones_lag1	4.78293139525424e-05	0.000388984852776257	5.13874614594039e-05
mforex_buy_avg12	4.77899765509506e-05	0.000212587572646204	3.42583076396026e-05
vm_mconsumototal_delta1	4.76270444393034e-05	9.84356876071797e-05	0.000308324768756423
Visa_delinquency	4.59266151558819e-05	4.30434440571745e-05	5.13874614594039e-05
ccajas_otras_tend6	4.52028896312596e-05	0.00181525738603751	0.00025693730729702
Master_fechaalta_delta1	4.49931656094145e-05	1.58198483003475e-05	8.56457690990065e-05
vm_Finiciomora_avg6	4.33137274635863e-05	0.000336698548746101	0.000119904076738609
ctarjeta_master_descuentos_avg6	4.30514613326342e-05	0.000115010142922511	3.42583076396026e-05
cseguro_vida_avg6	4.26935106842264e-05	0.000307239106919212	0.000154162384378212
Visa_msaldodolares_tend6	4.2412235198474e-05	5.07849803777214e-05	6.85166152792052e-05
ctarjeta_master_descuentos_avg12	4.10675719250645e-05	3.1860627171622e-05	6.85166152792052e-05
minversion2	4.07109046153591e-05	0.000133863841384337	1.71291538198013e-05
Visa_delinquency_tend6	3.99093327490287e-05	0.000257468757361543	0.000102774922918808
mcheques_depositados	3.96061892984679e-05	6.60245272758616e-06	1.71291538198013e-05
cseguro_vivienda_tend12	3.92160339012567e-05	0.000552854365304889	0.000102774922918808
cseguro_accidentes_personales_tend6	3.91630071240384e-05	0.000837363087818852	0.000119904076738609
mplazo_fijo_dolares_tend6	3.8717779480545e-05	5.02925490889509e-05	6.85166152792052e-05
catm_trx_lag1	3.80190555730366e-05	1.73057498512406e-05	5.13874614594039e-05
mpayroll_sobre_edad_delta1	3.7345480425781e-05	8.31125744378934e-05	0.000154162384378212
mprestamos_prendarios_delta1	3.72639757590647e-05	0.000254654044503371	3.42583076396026e-05
vmr_mpagosdolares_delta1	3.69412232192265e-05	0.000134450239896456	1.71291538198013e-05
vmr_msaldodolares2_avg6	3.6465990010781e-05	7.00956034294186e-05	5.13874614594039e-05
mttarjeta_master_debitos_automaticos_lag1	3.61750030250187e-05	0.000108283954729065	3.42583076396026e-05
Master_mpagado	3.60029697783495e-05	1.31546939617798e-05	3.42583076396026e-05
Visa_Finiciomora	3.53545391216214e-05	0.000200460421031349	3.42583076396026e-05
Master_mpagado_tend6	3.47144662014302e-05	9.37276427945867e-05	8.56457690990065e-05
vm_status03_avg6	3.45120434821383e-05	0.000113729032533955	6.85166152792052e-05
Master_mpagado_delta1	3.39300153933506e-05	0.000369282938729623	8.56457690990065e-05
mcaja_ahorro_adicional_tend12	3.34899255065789e-05	0.000308396840495433	5.13874614594039e-05
mcaja_ahorro_adicional	3.2769587983075e-05	0.000545462157516944	6.85166152792052e-05
mforex_sell_tend6	3.27294303244684e-05	0.000288900434918184	0.000154162384378212
Visa_Finiciomora_tend6	3.24688177010927e-05	0.000385212176354861	8.56457690990065e-05
cprestamos_hipotecarios_avg12	3.23506990273727e-05	0.000174298798359772	3.42583076396026e-05
tcuentas_tend6	3.20405602344338e-05	0.00167507335224916	0.000291195614936622
ccajas_transacciones	3.20113465070518e-05	0.0001424152173626	3.42583076396026e-05
vm_msaldodolares_avg6	3.17645891037113e-05	6.3064201086851e-05	6.85166152792052e-05
cseguro_accidentes_personales_lag1	3.1641686936209e-05	7.13516080712789e-05	5.13874614594039e-05
Master_cconsumos_delta1	3.12635666130677e-05	2.39515996552588e-05	3.42583076396026e-05
tcallcenter	3.09292291630187e-05	3.17576936101674e-05	5.13874614594039e-05
mcaja_ahorro_adicional_avg6	3.01671204346214e-05	0.000167158006692314	5.13874614594039e-05
vm_Fvencimiento_delta1	2.93939392219194e-05	6.72116704410694e-05	0.000102774922918808
cpagodeservicios_avg12	2.87866003917452e-05	0.000164132405561893	5.13874614594039e-05
cseguro_accidentes_personales	2.87384876453129e-05	1.26228107853439e-05	3.42583076396026e-05
mplazo_fijo_dolares_tend12	2.79809108440221e-05	6.79512140080357e-05	8.56457690990065e-05
ctarjeta_visa_avg6	2.75415930839504e-05	2.35742961477668e-06	1.71291538198013e-05
ccuenta_debitos_automaticos_lag1	2.72366628769137e-05	7.83148662442425e-05	0.000102774922918808
mforex_buy_avg6	2.6551885198423e-05	0.000168619878457084	3.42583076396026e-05
mtarjeta_master_descuentos_tend12	2.64009864405557e-05	0.000174363355994134	1.71291538198013e-05
cprestamos_personales_delta1	2.59232654531408e-05	0.000638739690138619	8.56457690990065e-05
ccheques_emitidos_avg6	2.59028134091012e-05	0.000173600858601617	1.71291538198013e-05
vm_mpagado_delta1	2.56197319315211e-05	0.000239768847287171	0.00013703323055841
minversion1_pesos_tend12	2.48196419218407e-05	0.000169511491118324	1.71291538198013e-05
Master_mpagosdolares_tend6	2.44516895341467e-05	8.35770307517738e-06	3.42583076396026e-05
minversion1_pesos_avg12	2.40003133847176e-05	0.000174363355994134	1.71291538198013e-05
ctarjeta_master_transacciones_avg6	2.34662479638858e-05	3.52889962097553e-05	0.00013703323055841
mtarjeta_master_descuentos	2.33234451350164e-05	0.000174363355994134	1.71291538198013e-05
ctarjeta_master_transacciones_lag1	2.32915980152433e-05	7.74261228111957e-06	1.71291538198013e-05
ccajeros_propios_descuentos_tend12	2.32568172021779e-05	5.86649569586218e-05	3.42583076396026e-05
mcaja_ahorro_adicional_avg12	2.20423081050556e-05	0.000240389676537617	5.13874614594039e-05
catm_trx_other_delta1	2.16869159903342e-05	0.000126727353559169	6.85166152792052e-05
vm_status04_avg6	2.15350867760614e-05	0.000139686222696719	8.56457690990065e-05
vm_status06_delta1	2.15168854008202e-05	0.00131842613583175	0.000171291538198013
cseguro_vivienda_avg6	2.13996417939447e-05	9.18866742547041e-05	5.13874614594039e-05
Master_Finiciomora_tend12	2.09937481492714e-05	0.000222043831466104	3.42583076396026e-05
vm_msaldodolares_lag1	2.04449088054963e-05	3.80994052256369e-05	3.42583076396026e-05
vm_status06_avg6	1.93664800895716e-05	6.18020993350788e-05	0.000171291538198013
cinversion1_avg12	1.93160976558404e-05	0.000523090067982403	5.13874614594039e-05
cinversion2_avg12	1.90888043803043e-05	0.000114393617514357	3.42583076396026e-05
Visa_fechaalta_delta1	1.88204690153936e-05	2.0066306027254e-05	8.56457690990065e-05
cliente_edad_delta1	1.87067813679256e-05	0.000523190132315663	0.000171291538198013
mpagodeservicios_avg12	1.85852498717582e-05	7.07695134014505e-05	3.42583076396026e-05
cforex_sell_avg6	1.84280938515919e-05	3.91692686884209e-05	6.85166152792052e-05
minversion2_avg6	1.84132732434287e-05	0.000125410019164665	1.71291538198013e-05
mplazo_fijo_dolares_avg6	1.83977949173106e-05	6.85135827340314e-06	1.71291538198013e-05
mttarjeta_master_debitos_automaticos_tend6	1.76075594862601e-05	0.000167430942024255	6.85166152792052e-05
vmr_msaldodolares2	1.71285755784001e-05	2.00835213964171e-05	3.42583076396026e-05
mprestamos_prendarios	1.70400431977513e-05	0.00101416851565948	0.000102774922918808
Master_cconsumos_lag1	1.70003109415348e-05	7.97437418847826e-05	0.00013703323055841
mprestamos_prendarios_tend6	1.62994976971565e-05	0.000242718413870455	3.42583076396026e-05
tcuentas_lag1	1.62532318995684e-05	0.000109504094018502	5.13874614594039e-05
ctarjeta_master_transacciones_delta1	1.55668986010181e-05	5.80803517141237e-06	1.71291538198013e-05
mprestamos_prendarios_avg6	1.49743844056202e-05	0.000296286545596217	3.42583076396026e-05
vm_mpagosdolares	1.49236391931069e-05	1.09740805344495e-05	3.42583076396026e-05
vm_fechaalta_delta1	1.47116145384327e-05	1.96972515508193e-05	0.000102774922918808
cseguro_vivienda	1.4453470197405e-05	0.000100211739859176	5.13874614594039e-05
cforex_sell_tend6	1.43694415741018e-05	5.72823476227076e-05	6.85166152792052e-05
mttarjeta_master_debitos_automaticos_delta1	1.41353494347443e-05	0.000132103211233882	1.71291538198013e-05
vmr_msaldodolares_lag1	1.40111500836706e-05	0.000111633061338343	3.42583076396026e-05
catm_trx	1.39021553561457e-05	7.70714144757302e-05	0.00013703323055841
vm_status02	1.3839162232496e-05	9.47939197221283e-05	3.42583076396026e-05
cseguro_vida_tend6	1.33671605732894e-05	0.000389179601639915	6.85166152792052e-05
active_quarter_delta1	1.30239447224565e-05	0.000218309172318276	5.13874614594039e-05
ctarjeta_master	1.24195919063396e-05	6.86032461150894e-06	1.71291538198013e-05
Master_Fvencimiento_delta1	1.22426013506699e-05	3.74993778795969e-05	6.85166152792052e-05
mcajeros_propios_descuentos_avg6	1.21950142190346e-05	2.09001754710933e-05	1.71291538198013e-05
tcuentas	1.18126481442574e-05	0.000188341877101075	5.13874614594039e-05
ccheques_emitidos_avg12	1.16078022728614e-05	0.000222314973530423	3.42583076396026e-05
ccajas_depositos_avg6	1.13784511900633e-05	0.000344455865821714	6.85166152792052e-05
vm_mconsumosdolares_delta1	1.13418257344767e-05	2.51380255134181e-05	3.42583076396026e-05
Master_msaldodolares_avg6	1.12888933274594e-05	7.99510436217886e-06	1.71291538198013e-05
mforex_buy_tend12	1.10342054966865e-05	0.000189419989594916	3.42583076396026e-05
vm_status04_lag1	1.08475852988419e-05	3.00777605026649e-05	3.42583076396026e-05
mcajeros_propios_descuentos_tend12	1.05921113521965e-05	9.05302466260588e-05	1.71291538198013e-05
ccajas_extracciones_avg6	1.04310804005874e-05	1.52076267344836e-05	5.13874614594039e-05
ccaja_ahorro_tend6	1.02365046738171e-05	0.000557739226304928	6.85166152792052e-05
cextraccion_autoservicio_delta1	1.00209467192679e-05	0.000164558844602205	0.000102774922918808
ccajas_transacciones_delta1	9.34219452543898e-06	0.000490568442365621	8.56457690990065e-05
mpagodeservicios_tend12	9.28768983626531e-06	0.000869016771906992	8.56457690990065e-05
ccajas_depositos_delta1	9.26104144584098e-06	0.00015212827210585	1.71291538198013e-05
mcheques_emitidos_avg12	9.16894822847863e-06	0.0001074038189806	1.71291538198013e-05
tcuentas_delta1	8.54414692232808e-06	0.000445998568909315	5.13874614594039e-05
cprestamos_prendarios_avg6	8.49116370058722e-06	1.59493222225953e-05	1.71291538198013e-05
mtarjeta_visa_descuentos_avg6	8.14481256114506e-06	1.12100745533942e-05	3.42583076396026e-05
catm_trx_other_lag1	7.76024874957314e-06	7.84303526790451e-06	1.71291538198013e-05
vm_status06	7.20172675600221e-06	8.8732316509084e-05	3.42583076396026e-05
cpagodeservicios_tend12	6.88141551579297e-06	0.000285725633921682	3.42583076396026e-05
tcallcenter_delta1	6.64688454491886e-06	4.40799527422049e-05	3.42583076396026e-05
Visa_mpagosdolares	6.55313322600855e-06	3.97162153128746e-05	6.85166152792052e-05
Visa_status	6.25908260541616e-06	0.000115080439013261	1.71291538198013e-05
ctarjeta_master_delta1	6.09561768904146e-06	0.000133449955217373	1.71291538198013e-05
ccajeros_propios_descuentos_tend6	5.78389920346563e-06	3.7536677846117e-05	1.71291538198013e-05
mpayroll_sobre_edad_lag1	5.78103780704194e-06	0.000289211387523693	0.00053100376841384
ccheques_depositados_tend12	5.75067281430686e-06	6.70413100170592e-05	3.42583076396026e-05
cseguro_auto_tend12	5.30800036247045e-06	0.000174363355994134	1.71291538198013e-05
ctarjeta_visa_descuentos	4.69314341706558e-06	0.000168112383720295	1.71291538198013e-05
mtarjeta_master_descuentos_lag1	4.5189001332122e-06	3.11999873799867e-05	1.71291538198013e-05
vm_mpagosdolares_tend6	4.51686915743496e-06	3.09044568760196e-05	3.42583076396026e-05
Master_msaldodolares_tend12	4.37817883855269e-06	0.000196455695779774	5.13874614594039e-05
vmr_Master_mlimitecompra_delta1	4.20347164349523e-06	1.34079033498876e-05	5.13874614594039e-05
mttarjeta_master_debitos_automaticos	3.61304962335317e-06	2.65403607931651e-05	3.42583076396026e-05
Master_Finiciomora_tend6	3.5379348503002e-06	0.000224180330509954	5.13874614594039e-05
Visa_madelantopesos_avg6	3.52237662206221e-06	6.96228980844809e-05	1.71291538198013e-05
Visa_madelantopesos	3.49458056497425e-06	5.00866819660418e-05	1.71291538198013e-05
minversion2_tend6	3.46207229926888e-06	0.000313845146182041	3.42583076396026e-05
cinversion2_lag1	3.33025845260778e-06	0.000149666115661997	1.71291538198013e-05
vm_Finiciomora_lag1	3.05558480792521e-06	0.000535862795940875	6.85166152792052e-05
Visa_madelantodolares_avg6	2.57924506066793e-06	4.99676089959968e-06	3.42583076396026e-05
ccajas_extracciones_delta1	2.21310098933221e-06	2.78282855986821e-05	1.71291538198013e-05
cseguro_vivienda_tend6	2.1433912796197e-06	0.000293167335895971	3.42583076396026e-05
cprestamos_hipotecarios_tend12	2.03020459575832e-06	0.00037730924594841	5.13874614594039e-05
mcheques_depositados_avg6	1.96144974158445e-06	4.088112195958e-05	1.71291538198013e-05
Master_delinquency_tend6	1.64357874236412e-06	7.432807366888e-05	1.71291538198013e-05
ccajas_consultas_lag1	1.36126343033223e-06	0.000226429088106888	3.42583076396026e-05
Master_status_delta1	1.28414180337229e-06	5.97050521788945e-06	1.71291538198013e-05
cpayroll_trx_delta1	1.15633576638758e-06	8.77266520271376e-05	5.13874614594039e-05
Master_mpagado_lag1	1.08386827407524e-06	4.77080917933354e-06	1.71291538198013e-05
vm_status03_tend6	9.74689412493109e-07	6.60256032364343e-05	1.71291538198013e-05
vmr_mconsumosdolares_delta1	9.69070655091896e-07	2.19822331537011e-05	1.71291538198013e-05
mcajeros_propios_descuentos_avg12	7.74488526069744e-07	1.35327147763203e-05	1.71291538198013e-05
minversion2_delta1	6.70301051616094e-07	0.000115802049904015	1.71291538198013e-05
ctarjeta_master_descuentos_tend6	6.04267217505182e-07	2.83282486114614e-05	1.71291538198013e-05
mcheques_emitidos_tend12	5.9360434261749e-07	0.000173707378698314	1.71291538198013e-05
ctarjeta_visa_descuentos_tend6	4.19066353531939e-07	2.10109994100809e-05	1.71291538198013e-05
Master_mconsumosdolares_lag1	3.6707002221947e-07	7.00271006062903e-06	3.42583076396026e-05
ctarjeta_visa_tend6	3.4729153950264e-07	4.52638680256946e-05	1.71291538198013e-05
Master_mconsumosdolares_delta1	3.09996909963224e-07	2.77669558460384e-06	1.71291538198013e-05
mcheques_depositados_tend12	2.80053199838374e-07	0.000156056604156762	1.71291538198013e-05
Master_msaldodolares_tend6	2.69159415385857e-07	2.88967144473691e-06	1.71291538198013e-05
ccajas_otras_lag1	2.37458413148741e-07	0.000161800081693813	1.71291538198013e-05
Master_Finiciomora_avg6	2.29171832348315e-07	7.58315492424604e-05	1.71291538198013e-05
Master_delinquency_avg6	1.96812456807714e-07	4.54665072668856e-06	1.71291538198013e-05
Master_mpagosdolares_lag1	1.84963779007983e-07	2.71070333614516e-06	1.71291538198013e-05
cseguro_vivienda_lag1	1.66877354434898e-07	1.2346288918161e-05	1.71291538198013e-05
cprestamos_hipotecarios_delta1	1.27137014266188e-07	2.27780853239718e-06	1.71291538198013e-05
mcajeros_propios_descuentos_tend6	7.01349837045872e-08	2.31159369437983e-05	3.42583076396026e-05
Master_mconsumosdolares	1.34188724108354e-09	6.47656534058074e-06	1.71291538198013e-05
Visa_madelantodolares	1.41710511004434e-10	2.17946573605278e-05	1.71291538198013e-05
ccheques_depositados_avg6	4.03567144478109e-12	3.00885201083919e-05	1.71291538198013e-05
