Feature	Gain	Cover	Frequency
ctrx_quarter_normalizado	0.0843589953516056	0.00257214423586898	0.00225248934164629
ctrx_quarter	0.0684416630175219	0.00438722310319277	0.00548827461469633
mcuentas_saldo	0.0205323665258044	0.00640539046878516	0.00497868329258198
mpayroll_sobre_edad	0.0181742639067521	0.00366196757274501	0.000793096353431488
mprestamos_personales	0.0165294439805728	0.00864206887236273	0.00160174361575379
cpayroll_trx	0.0134687680816625	0.00172371661145612	0.000650745725892503
mcaja_ahorro	0.0109236898755757	0.00213532923769075	0.00462699350689743
mpasivos_margen	0.0105318533928688	0.0041511597298257	0.00555167447402041
mtarjeta_visa_consumo	0.0082294585353346	0.00118165452596202	0.00165078878994789
mcomisiones_mantenimiento_tend6	0.00782593016822835	0.00441783123306968	0.00371547100114359
mcomisiones_otras_avg12	0.00671885335850312	0.00240837740760133	0.00275968821623898
numero_de_cliente	0.0062493335272454	0.00741241584569434	0.0115028876841586
mcomisiones_avg12	0.005860760825079	0.00260498422963854	0.00364250135173285
mrentabilidad_annual_tend12	0.00509885292666951	0.00536077988051286	0.008093649965788
ccomisiones_mantenimiento_tend6	0.00501235672736075	0.00612391567284331	0.00198692766674163
mcuenta_corriente	0.00473448136232996	0.0034567432815388	0.00404084386408984
ctrx_quarter_tend12	0.00472457467761341	0.00393782235151425	0.00542248230785058
ctrx_quarter_normalizado_lag1	0.00468366042735319	0.000940844216038001	0.00117828040441933
mprestamos_personales_lag1	0.00459690734618695	0.00104957717015388	0.000538300692374313
cdescubierto_preacordado	0.00458774231701861	0.000806187460134839	0.000289486150121297
mcuenta_corriente_avg12	0.00455346943221676	0.00494849250384094	0.0059308774062041
mcuenta_corriente_tend12	0.00452494281726074	0.00554876144074696	0.00629452942949696
azar	0.00437268046458033	0.00712449642673241	0.0111260771994966
ccomisiones_otras_tend12	0.00415633190181693	0.0040796637632852	0.00631127656214861
Master_Fvencimiento_avg12	0.00415149667317822	0.0029931032863561	0.00533755042083152
mrentabilidad_annual_avg12	0.00386057880111656	0.00286528105257364	0.00521553559722667
chomebanking_transacciones_tend12	0.00374050534453637	0.00253007168962305	0.00504208315190606
mcuentas_saldo_tend12	0.00364774131136158	0.00227970455432512	0.00425496791727873
chomebanking_transacciones_avg12	0.00362758145448213	0.00308217183384754	0.00608877894263389
mcuenta_corriente_avg6	0.00360583879479654	0.00454837355455249	0.00485786469273797
mcuentas_saldo_tend6	0.0035953344215998	0.00282633201564086	0.00373939547636023
mcaja_ahorro_avg12	0.00352278646477691	0.00303098412122658	0.0051413697240551
mrentabilidad_annual_avg6	0.00347195241524696	0.00509259335931748	0.00425137924599624
vm_status01	0.00344442960341524	0.000567507824457392	0.000181826011646435
mrentabilidad_annual_tend6	0.00344281996303534	0.00436342997565207	0.00649190635003421
mcuenta_corriente_tend6	0.00338842669800152	0.00497645851055794	0.00523587140116082
ctransferencias_recibidas_avg12	0.00333001260841657	0.00276663700030591	0.00498944930642946
thomebanking_avg12	0.00322089766307485	0.00317945725563501	0.00619883152863042
mactivos_margen_avg12	0.00321575774651948	0.00325091124126912	0.00390208190783335
mrentabilidad_annual_delta1	0.00320477293821899	0.00469671749931084	0.00557440272547622
cmobile_app_trx_avg12	0.00317119831014225	0.00183566169699874	0.00441047700618687
mactivos_margen_tend12	0.00315241264772381	0.00245335412342925	0.00463536707322325
thomebanking_tend12	0.0031518801461923	0.00493186283161929	0.00541769741280725
cmobile_app_trx_tend12	0.00313956690304971	0.00210712853516946	0.00357192414984377
vm_Fvencimiento_avg6	0.00311081341839668	0.00316048505647627	0.00403845141656818
mpasivos_margen_avg6	0.00310595733585212	0.00256981905136273	0.00431358288155949
cliente_edad_avg6	0.00302222215001857	0.00468845535897834	0.00536027867228732
ctransferencias_recibidas_tend12	0.00301230718075854	0.00203608580198146	0.00410902861845725
mcuentas_saldo_avg12	0.00297688884281256	0.00339233123961024	0.00478250259580556
mactivos_margen_avg6	0.0029634863869664	0.00354557400089264	0.00344392820743477
cliente_edad_tend12	0.00295205730530226	0.0042802056745603	0.00595480188142073
mrentabilidad_tend12	0.00290507790154543	0.00477755786554693	0.00506840007464436
cliente_edad_avg12	0.00287702989914743	0.00429105989711787	0.00531960706441904
mcaja_ahorro_tend12	0.00286709453234953	0.00178165568656792	0.00395471575330995
mcomisiones_otras_avg6	0.00282776589078989	0.00147506118172291	0.00198333899545913
ccomisiones_mantenimiento_avg12	0.00279102983888308	0.0048284535071849	0.00380758023072764
Master_Fvencimiento	0.00278922778478146	0.00223127004809955	0.00371547100114359
mpasivos_margen_avg12	0.00278101654726216	0.00317099563914855	0.00460785392672412
chomebanking_transacciones_avg6	0.00277625476998813	0.00190239945822215	0.00489016273428042
cliente_antiguedad	0.00277233972096477	0.0029804397211121	0.00456120120005168
mcomisiones_mantenimiento_avg12	0.00276881147967168	0.00389746567454442	0.00361020331019039
mactivos_margen_tend6	0.00276331487478699	0.00269550885373601	0.00462699350689743
mpasivos_margen_tend12	0.00275356452142317	0.00199465320671357	0.0037573388327727
Visa_Fvencimiento_avg6	0.00274326241710878	0.00349665046867645	0.00448703532688011
cliente_edad	0.00273473827384092	0.00407637718164321	0.00509830566866516
Visa_fechaalta	0.00273263285238817	0.00160873732629932	0.00304917436636027
ctransferencias_recibidas_avg6	0.0027209156178604	0.00206617946520928	0.00367121072199281
mtransferencias_recibidas_avg12	0.00271406821801478	0.00376839574072045	0.00454565029116086
mactivos_margen	0.00270633778231373	0.00279960328058735	0.0032381777205717
mpayroll	0.0026943243863694	0.000668005377671599	0.000561028943830117
mcuentas_saldo_avg6	0.0026726373812509	0.00203060681620687	0.00354201855582298
ctarjeta_visa_transacciones_tend12	0.00265961158179068	0.00126942980178198	0.00246063227603103
mrentabilidad_tend6	0.00264814653844405	0.00277170186869538	0.00444755994277266
mcaja_ahorro_avg6	0.0026456970191911	0.00261478824195084	0.00436502050327526
mcomisiones_mantenimiento_tend12	0.00258919707855985	0.00329298199215326	0.0040695532343498
ctrx_quarter_avg12	0.00256940540858465	0.00387130194366426	0.00500500021532028
ccomisiones_otras_avg12	0.00253823500626186	0.00377118191301413	0.00472269140776397
mpasivos_margen_lag1	0.00253778848334104	0.00197103243390413	0.0043889449784919
ccomisiones_mantenimiento_tend12	0.00252521108864551	0.00945493744668371	0.00425137924599624
mcaja_ahorro_lag1	0.00251613032829092	0.0014541958690609	0.00336378121545904
mcuentas_saldo_delta1	0.00251096930968566	0.00226018148469219	0.0032082721265509
cliente_edad_lag1	0.00249735593965218	0.00410090232020236	0.00422147365197544
Visa_Fvencimiento	0.00248868822988453	0.00250207611673539	0.0040994588283706
ccomisiones_otras_avg6	0.00248567313628788	0.00235572998945159	0.00410663617093559
active_quarter_avg12	0.00248213446465132	0.00826170948387327	0.00754936815460953
chomebanking_transacciones_tend6	0.00245187898545256	0.00127838670892571	0.00359824107258207
ctrx_quarter_delta1	0.00244989235049757	0.00171360368231941	0.00300012919216617
cpayroll_trx_avg6	0.0024370905044933	0.00113824027147563	0.000461742371681077
cliente_antiguedad_avg12	0.00238067717898492	0.0021351702526749	0.00366164093190616
mcomisiones_mantenimiento	0.00237813883705991	0.00242676535019652	0.00168308683149035
mtarjeta_visa_consumo_tend12	0.00235388271441541	0.00145058390674494	0.00221660262882134
ccomisiones_otras_tend6	0.00233585251132941	0.0019332391897692	0.00398581757109158
Visa_Fvencimiento_lag1	0.00233030670993962	0.00177597103637109	0.00353125254197549
mactivos_margen_delta1	0.00232683002603707	0.00268025801936449	0.00372145211994775
ctarjeta_debito_avg12	0.00232106651980177	0.0022406226988195	0.00337454722930653
ccallcenter_transacciones_avg12	0.00229085351572715	0.00137529781688081	0.00232904766233953
mrentabilidad_avg6	0.00227438295843069	0.00227855911350692	0.00292476709523377
Master_fultimo_cierre_avg12	0.00225159806427238	0.00297996066510926	0.00324057016809336
mtransferencias_recibidas_tend12	0.00225028092296195	0.00228277007727256	0.00315204960979181
vm_msaldopesos	0.0022495233782977	0.000714469646235548	0.000901952715667182
mcuenta_corriente_delta1	0.00223469019532228	0.00409835756676985	0.00420233407180213
Master_Fvencimiento_avg6	0.00221042398452036	0.00190857259962098	0.00315683450483514
Master_Fvencimiento_lag1	0.00219946170688146	0.00205833205344889	0.00306951017029442
mcuentas_saldo_lag1	0.0021947421844762	0.00282224443524889	0.0036066146389079
ctrx_quarter_tend6	0.00219253181254515	0.00137603227264722	0.00340684527084898
mrentabilidad	0.00218588526256147	0.00183018993087047	0.00312932135833601
mcaja_ahorro_dolares_avg12	0.00218106040155615	0.00163380951541398	0.00272021283213153
mrentabilidad_delta1	0.00215173851520951	0.00274705712848206	0.00401452694135154
chomebanking_transacciones	0.00214084438264928	0.0015631211178836	0.00331234359374327
ctrx_quarter_normalizado_tend6	0.00213586192495483	0.00221520385208378	0.00331234359374327
cproductos_avg12	0.00213104531129253	0.00214071578143305	0.00354201855582298
Master_fechaalta_avg6	0.00212810265129934	0.00143468574895232	0.00254676038681092
mrentabilidad_annual	0.00212743677828839	0.00248449876088609	0.00285897478838802
mcuenta_corriente_lag1	0.00212733186002608	0.0029828288510572	0.00367001449823198
mtransferencias_recibidas_avg6	0.00208663076884207	0.0011525025872887	0.00321903814039839
mrentabilidad_annual_lag1	0.00205991348551432	0.00209593407245423	0.00281351828547641
vm_Fvencimiento_lag1	0.00204180834868929	0.00338088130073306	0.00338650946691484
Master_mfinanciacion_limite_tend12	0.00201893256111696	0.00155658905692472	0.0028470125507797
mpasivos_margen_tend6	0.00200941675517008	0.00137180939073527	0.00311137800192353
Visa_cconsumos_avg6	0.00197331392450297	0.00131043105183146	0.00235775703259949
ctransferencias_recibidas_tend6	0.00197137087380648	0.00172059405712265	0.00274413730734816
mprestamos_personales_tend12	0.00196729294839084	0.00483611370473032	0.00160652851079712
vm_Fvencimiento	0.00195513923384421	0.00199963059896505	0.00316042317611763
Visa_mpagospesos_tend6	0.00194569602165538	0.00159846770409797	0.00254915283433258
vm_status01_tend6	0.0019404145866384	0.00152931300392139	0.000449780134072759
Master_mfinanciacion_limite_avg12	0.00192208853093314	0.00144314087157701	0.00270346569947988
mcomisiones_tend12	0.00192191691959411	0.00133933759892818	0.00289845017249547
mactivos_margen_lag1	0.00191743834327658	0.00289570246482501	0.00303242723370863
vm_msaldototal	0.00191382476858478	0.000574913921011598	0.000735677612911561
mcaja_ahorro_tend6	0.00190348043698739	0.00102461277914464	0.00288409548736548
active_quarter_tend12	0.00190304216005187	0.0105357814152941	0.00542248230785058
Visa_mfinanciacion_limite_tend6	0.00188828177175428	0.00179459669250633	0.00246302472355269
ctarjeta_visa_debitos_automaticos_tend12	0.00187397089899057	0.00182494682507495	0.00215439899325808
Master_fechaalta	0.00186103959710929	0.00130588691475773	0.0028434238794972
mcomisiones_avg6	0.00185390613993392	0.00113013661956955	0.00205152374982655
ccajas_consultas_tend6	0.00185157202366237	0.00507144732083097	0.0010945447411611
mrentabilidad_avg12	0.0018490424483303	0.00161464005565412	0.00238646640285945
mcuenta_debitos_automaticos_tend12	0.00184500735641366	0.00274224361074236	0.00143187984171567
ctrx_quarter_lag1	0.00181736502148213	0.00180567159176659	0.00323937394433253
cproductos_tend12	0.00181074574793064	0.00503548007422795	0.00252044346407262
mtransferencias_recibidas_tend6	0.00180069875168777	0.00119308024655472	0.00248455675124766
mcomisiones_mantenimiento_delta1	0.00179596179283513	0.00254549048581934	0.00205870109239154
Visa_fechaalta_avg6	0.0017811859814043	0.00142720180245522	0.00229555339703624
mttarjeta_visa_debitos_automaticos_tend12	0.00177189376152215	0.00106670007027671	0.00189721088467924
ctarjeta_visa_transacciones	0.00176285619886008	0.00168859818898507	0.00134216305965329
Visa_fechaalta_lag1	0.00175954584955899	0.00127493189806464	0.00225966668421128
cproductos_tend6	0.00175777944201788	0.00247882408067704	0.00122254068357011
thomebanking_avg6	0.00175375021320091	0.00121118826550835	0.0028171069567589
mrentabilidad_lag1	0.00175285181470436	0.00147938181535413	0.0028206956280414
ccallcenter_transacciones_tend12	0.00173463282423691	0.00342841361856256	0.00203118794589241
vm_status01_avg6	0.00172733687404779	0.00069360899387433	0.000215320276949725
mcaja_ahorro_dolares_tend12	0.0017094606640936	0.0021010749954248	0.00179313941748688
Master_mfinanciacion_limite_tend6	0.00169088480526566	0.00131568244685054	0.00205870109239154
Visa_mconsumospesos_tend6	0.00168548975940901	0.000946381684767723	0.00219985549616969
mcomisiones_tend6	0.00167297371694558	0.00140042963492621	0.0026627940916116
mcomisiones_mantenimiento_avg6	0.00165062947337546	0.00214905134060277	0.0024295304582494
Visa_mlimitecompra_tend6	0.00163047575058352	0.00135398633771587	0.00229316094951457
Master_mlimitecompra_tend12	0.00162450171058671	0.00133806495481761	0.0022979458445579
vm_fechaalta_avg6	0.00162417402476775	0.00109485084646072	0.00205032752606572
vm_mpagominimo	0.00161065136943325	0.000624248285482832	0.0009402318760138
vm_fechaalta	0.00159289030636149	0.00155174173290461	0.00243431535329273
tcallcenter_tend12	0.00159275114260219	0.00160915809034296	0.00179672808876937
Master_fechaalta_lag1	0.00157814267286468	0.00143411703945784	0.00250130388389931
chomebanking_transacciones_lag1	0.00157202078236837	0.00087227667556317	0.00266399031537243
mtransferencias_emitidas_tend12	0.00156649238235434	0.00119941718606695	0.00163643410481791
Visa_mfinanciacion_limite	0.00155197957615015	0.00116636281846053	0.00248694919876932
mv_status07_avg6	0.00152895429245308	0.00171896833792763	0.000699790900086607
mttarjeta_visa_debitos_automaticos_avg12	0.00151992869477538	0.000662481202258915	0.00134335928341412
mcomisiones_otras_tend12	0.00151467654719477	0.00122445392633617	0.00234100989994785
ctrx_quarter_avg6	0.00150327897523691	0.00257665716420701	0.00298098961199286
mpasivos_margen_delta1	0.00148560331796899	0.00152718198588214	0.0028206956280414
Master_Fvencimiento_tend12	0.00147502766116673	0.00225582780876431	0.0024558473809877
tcallcenter_avg12	0.001443544494567	0.00105155271750248	0.00147614012086645
vmr_mpagominimo_avg6	0.00144275376154202	0.00112536970483786	0.00133259326956663
vmr_msaldopesos2_tend6	0.00144250130222037	0.00165622808341348	0.00212927829428062
Master_mlimitecompra_avg12	0.00143790373275225	0.00114777750066666	0.00186252039561512
cproductos_avg6	0.00143598951327561	0.0019951130485254	0.00235297213755616
vmr_Visa_mlimitecompra_avg6	0.0014308224094495	0.000942604549167639	0.00149767214856142
ctarjeta_debito_transacciones_avg12	0.00142586011840649	0.000830159856459634	0.0020084596944366
mcomisiones_otras	0.0013898369418546	0.00184064764586808	0.00198932011426329
vmr_msaldopesos2	0.001381496427591	0.000945196707791083	0.0017225622155978
cprestamos_personales	0.00137680194413775	0.000857776455214121	0.000389968946031169
cliente_edad_tend6	0.00136782637092183	0.00207810884208117	0.00296185003181955
Visa_mpagado_avg6	0.00136734215174529	0.000950342634855142	0.00189721088467924
active_quarter_avg6	0.00136077727206167	0.0033061589926683	0.00387217631381256
mtransferencias_emitidas_avg12	0.00135383294910337	0.00100686452013317	0.00187448263322344
mttarjeta_visa_debitos_automaticos_tend6	0.00135366393553187	0.000919391590877486	0.00129670655674168
ccomisiones_otras	0.00134564415364523	0.00122378532596796	0.0021173160566723
cliente_antiguedad_lag1	0.00134236385245201	0.00150857814148262	0.00239603619294611
Master_mfinanciacion_limite	0.00133880335201722	0.00112538085900043	0.00220703283873468
Visa_mconsumospesos_avg6	0.00133495855410857	0.00116887006029151	0.00190558445100507
ctrx_quarter_normalizado_avg6	0.00133375516400539	0.00234943804858152	0.00229076850199291
mcaja_ahorro_dolares_avg6	0.00133208529696293	0.00261156167123146	0.0018768750807451
vmr_msaldopesos2_avg6	0.00133162164873196	0.000892000672919168	0.00226205913173295
mcaja_ahorro_delta1	0.00133124740065531	0.00124278067383396	0.00235416836131699
ctarjeta_visa_debitos_automaticos_avg12	0.00131666539512569	0.000583988443451776	0.00141752515658569
cproductos_delta1	0.00131530486579644	0.000725509287646304	0.000285897478838802
Visa_cconsumos_tend6	0.00131261155835693	0.000900064941463559	0.00211133493786814
Master_fultimo_cierre_tend12	0.00131141128624206	0.00510576065723904	0.00275011842615232
cproductos	0.00130749149841472	0.00190119813199352	0.00133020082204497
Visa_mfinanciacion_limite_avg6	0.00130379672599152	0.0010940068354263	0.00210415759530315
mcuenta_debitos_automaticos	0.00129887837290317	0.00100656232636566	0.000511983769636013
ctransferencias_emitidas_avg12	0.00129251066398875	0.00071823956218931	0.00179553186500854
vmr_msaldototal_lag1	0.00129207394403277	0.000462246641641561	0.000514376217157677
tcallcenter_tend6	0.0012879743284133	0.00415166781721058	0.00105148068577116
cmobile_app_trx_avg6	0.00128610630625311	0.00119332521794027	0.0023768966127728
mautoservicio_avg12	0.00128528345342154	0.000639666394093758	0.00163404165729625
vmr_mpagado_avg6	0.00128370806618921	0.00129476315873744	0.00156226823164634
vm_fechaalta_lag1	0.00127902805773164	0.000853007592323893	0.00196659186280749
thomebanking_tend6	0.00127376839900635	0.00297049081928392	0.00252044346407262
Visa_mpagominimo_avg6	0.00127199239420144	0.000828639185028568	0.00155389466532052
mcomisiones	0.00126366152643624	0.00103105564500212	0.00186371661937595
ccajas_consultas_tend12	0.00126036435182769	0.00220836058234927	0.00124646515878674
Visa_mpagominimo_tend6	0.00125287371462275	0.000694120289990907	0.00158978137814547
Visa_mpagospesos_delta1	0.0012272527568588	0.0010499187090839	0.00178955074620438
mcomisiones_otras_tend6	0.00122251701304205	0.00152265060733683	0.00216277255958391
vm_mfinanciacion_limite_tend6	0.00121668559071839	0.00102655822553397	0.00187448263322344
cdescubierto_preacordado_avg12	0.00121363408373052	0.00171520739878279	0.000917503624557995
ccajas_transacciones_tend12	0.00119558283222321	0.00209147362979898	0.00176323382346608
cpagomiscuentas_tend12	0.00119403611470682	0.00113497443199212	0.00113162767774689
ccallcenter_transacciones_avg6	0.00118604125970529	0.00167808271681687	0.00130268767554584
ccaja_ahorro	0.00117658495645562	0.00136210167857314	0.000462938595441909
Visa_mfinanciacion_limite_delta1	0.0011745471111134	0.00091695872286339	0.00207066332999986
mcomisiones_delta1	0.00117403528962115	0.00187438673389958	0.00201324458947993
mcaja_ahorro_dolares	0.00117152566305706	0.00138526753726585	0.00143546851299817
vmr_Master_mlimitecompra_avg6	0.00115742995956794	0.00256220110211801	0.00174289801953194
cdescubierto_preacordado_tend12	0.00115677759470558	0.00474125480989192	0.000980903483882081
chomebanking_transacciones_delta1	0.00114937259322131	0.00118243787668766	0.00201922570828409
Master_mfinanciacion_limite_delta1	0.00114138997854631	0.0009239666692926	0.0018051016550952
ctransferencias_emitidas_tend12	0.00113362205938021	0.000849269228898506	0.00138283466752157
Visa_mpagominimo	0.00112940631384309	0.000577780502593689	0.00132182725571915
ccomisiones_mantenimiento_delta1	0.00112408815512907	0.00243771476512783	0.000409108526204478
ctarjeta_visa_transacciones_avg12	0.00112087992876382	0.000949599355076557	0.00179553186500854
mtransferencias_recibidas	0.00111730125893646	0.00125510713125361	0.0015682493504505
mcaja_ahorro_dolares_delta1	0.00111133793224016	0.00125322681447794	0.00121416711724428
mautoservicio	0.00110279760490174	0.000934934343435247	0.000691417333760784
ccomisiones_otras_lag1	0.00110215002181089	0.000876436987206989	0.00165796613251288
ccuenta_debitos_automaticos_tend12	0.00109073126426119	0.00210054402672698	0.00107779760850946
Visa_mpagospesos_avg6	0.00108174811120431	0.00102815132262338	0.00162447186720959
Visa_msaldopesos	0.00107091766861554	0.000753564871456578	0.00104071467192367
Visa_mfinanciacion_limite_lag1	0.00107071995967892	0.000631779255178995	0.00162925676225292
ccallcenter_transacciones_tend6	0.00106436021608241	0.00264746665315984	0.00142829117043318
mtarjeta_visa_consumo_avg12	0.00106175691127076	0.00243898786762864	0.00155389466532052
ccomisiones_mantenimiento_avg6	0.0010613132913031	0.00259845342925283	0.00147972879214894
mautoservicio_avg6	0.00106022017888308	0.000744593830613696	0.00116153327176768
ctarjeta_visa_transacciones_tend6	0.00105763771691029	0.00071907452001644	0.00130029522802417
ctarjeta_debito_transacciones_tend12	0.00105716952272355	0.000815099788827465	0.00148212123967061
Visa_mpagospesos_lag1	0.00104846768687184	0.000780035838396926	0.00154791354651636
Visa_mpagominimo_lag1	0.00104302830575114	0.000738294631898119	0.00131704236067582
vmr_mpagominimo	0.00104287269635253	0.000412222590850955	0.00094740921857879
Visa_mpagospesos	0.00104216255504148	0.00108003395485232	0.00158260403558048
cliente_antiguedad_avg6	0.00103914227413571	0.00117467977462623	0.00154432487523386
vm_fultimo_cierre_avg6	0.0010384524884048	0.00102486825530659	0.00160533228703628
vmr_Visa_mlimitecompra	0.00103225970682976	0.00187280192603372	0.00157901536429798
ctrx_quarter_normalizado_delta1	0.00103061870078156	0.000809430685699705	0.00132780837452331
vm_status04_tend6	0.00102864357790185	0.000990540747000177	0.00027154279370882
mautoservicio_tend12	0.00102601791832818	0.000667195478511071	0.00141632893282486
Visa_fultimo_cierre_avg6	0.00102190720848241	0.00121925241945518	0.00152997019010388
mcomisiones_lag1	0.00101760961222886	0.000707410742091022	0.00178955074620438
cextraccion_autoservicio_tend12	0.00101654453639521	0.00120569365626632	0.00117110306185434
vm_cconsumos_avg6	0.00101389732184793	0.000638806377600026	0.00118426152322349
cprestamos_personales_tend12	0.00101325762934826	0.00327385795122662	0.00128833299041586
mcomisiones_otras_lag1	0.00101299475735146	0.000650602019118602	0.00155867956036384
mtarjeta_master_consumo	0.00100101185435933	0.000297482050612242	0.000250010766013847
vm_mconsumospesos_avg6	0.00100066482474453	0.000468127177268779	0.00101679019670704
Visa_cconsumos_lag1	0.0010002792048636	0.000446116691182863	0.0010155939729462
vmr_msaldopesos2_lag1	0.000996658555520371	0.000550261006172286	0.00136967620615242
ccaja_seguridad	0.00099656460186383	0.00235513033861572	0.000238048528405529
ctarjeta_debito_avg6	0.000994098542497879	0.000817485977435176	0.00133378949332746
vmr_Master_mlimitecompra	0.000992040625031526	0.00280760929537173	0.00152638151882138
cextraccion_autoservicio_avg12	0.000977044662103402	0.0004094751143336	0.00136249886358743
vm_mlimitecompra_tend6	0.000975508703499253	0.00100385110087666	0.0016699283701212
mttarjeta_visa_debitos_automaticos_avg6	0.000973731243560333	0.000428061272509585	0.000875635792928882
Visa_mconsumospesos	0.000971921421404336	0.000505868737903844	0.00148212123967061
vmr_msaldopesos2_delta1	0.000970731857172898	0.000790974863149403	0.0013804422199999
ctarjeta_debito_transacciones_avg6	0.000965057323697608	0.000506140486919409	0.00133977061213162
Visa_cconsumos	0.000955242475623368	0.000341551879544111	0.00105626558081448
ccajas_transacciones_tend6	0.000949475741605958	0.00306198902605775	0.000624428803154203
vm_mpagospesos_tend6	0.0009462681103822	0.000600883714619896	0.00110291830748693
Visa_mconsumospesos_lag1	0.000939644022178757	0.000502755351375231	0.00130627634682833
vmr_mpagospesos_tend6	0.000939070034730222	0.000466789021552694	0.00123928781622175
Visa_mpagado_tend6	0.000934704597742236	0.000440988794135019	0.00127637075280754
mcaja_ahorro_dolares_tend6	0.00093244450120616	0.00115046645602969	0.00135651774478327
Visa_msaldototal	0.00092499759571181	0.000636261356773209	0.000956979008665445
Visa_mlimitecompra_delta1	0.00091873854772522	0.000915050902673153	0.00171299242551115
Master_mfinanciacion_limite_avg6	0.000917905570700671	0.000560426268195037	0.00127637075280754
matm_other_avg12	0.000913943686996596	0.000749118142309428	0.000892382925580527
ccajas_transacciones_avg12	0.000912077907114397	0.0008341232894942	0.00119263508954931
mcuenta_debitos_automaticos_avg12	0.00091196647373759	0.000515912984902515	0.000996454392772894
Master_mconsumospesos_avg12	0.000907473007531387	0.00165851357896454	0.000985688378925408
mpagomiscuentas_tend12	0.000900722518529953	0.000560894246433676	0.000984492155164576
mprestamos_personales_tend6	0.000898934039909052	0.00115202097194034	0.000782330339584001
thomebanking	0.000894595498642308	0.000494855415732858	0.000637587264523353
vmr_mconsumospesos_avg6	0.000882343146109752	0.000487109995801472	0.00117947662818016
ccajas_consultas_avg12	0.000880542761971587	0.00196500509880168	0.00133857438837079
cmobile_app_trx_tend6	0.000879025931675955	0.00252822472073753	0.00142350627538985
Visa_msaldototal_tend6	0.000876846419284899	0.000554691424266632	0.00118545774698432
Visa_mconsumospesos_delta1	0.000858101304046651	0.000321765961306158	0.0013313970458058
ctransferencias_emitidas_tend6	0.000857864060626916	0.000507797873240368	0.00107301271346613
vmr_msaldopesos	0.000855168123600323	0.000393186828245227	0.000631606145719194
mtransferencias_emitidas_avg6	0.000855027000408659	0.000364939828309427	0.00115315970544186
mextraccion_autoservicio_tend12	0.00085420633459599	0.00111275881627259	0.00112923523022523
Master_mconsumospesos_tend12	0.000853048067503764	0.00148723293243565	0.000917503624557995
mtransferencias_emitidas_tend6	0.000846352274525523	0.000404485345545564	0.00101320152542454
vmr_Visa_mlimitecompra_lag1	0.000845843469885589	0.000593854300247652	0.00100123928781622
mextraccion_autoservicio_avg12	0.000837103756873722	0.000426937910821404	0.00109334851740027
Visa_msaldopesos_tend6	0.000823639603748277	0.000417997352929663	0.00108975984611778
vmr_Master_mlimitecompra_tend6	0.000823036363860846	0.00283247746262919	0.00125842739639506
vm_mpagominimo_avg6	0.000821180987882367	0.000601850039450755	0.0011507672579202
mtransferencias_recibidas_lag1	0.000821166378817575	0.000676216483890411	0.00142470249915068
cpagomiscuentas_tend6	0.000816743285821368	0.000535093828020067	0.000776349220779842
Master_mpagospesos_tend12	0.000814519483564907	0.00252929616973073	0.00109334851740027
vmr_Master_mlimitecompra_lag1	0.000809928558399481	0.000997552933539132	0.00102875243431535
ctarjeta_debito_transacciones_tend6	0.000807357111887487	0.000437879915110459	0.00105028446201033
matm_avg12	0.000803901859611509	0.000392990140631909	0.00105626558081448
vm_mpagado_avg6	0.000800287215992464	0.000379717107361018	0.00114837481039853
Visa_mpagominimo_delta1	0.000799796009933682	0.00060719574826227	0.00124766138254757
Master_mlimitecompra_tend6	0.000796997362076941	0.000713357476909128	0.00111846921637774
foto_mes	0.000796658814701262	0.00907458355887717	0.00119263508954931
vm_cconsumos_tend6	0.000794920077201713	0.000511110277532699	0.000983295931403745
Visa_mconsumosdolares_tend6	0.000788960633925458	0.000541442914873728	0.000924680967122986
vm_mfinanciacion_limite	0.000787206388732851	0.000436567811239835	0.00124526893502591
cdescubierto_preacordado_avg6	0.000786242091272267	0.00325576983404936	0.000624428803154203
vmr_mpagominimo_delta1	0.000780915508933729	0.000379550100515917	0.000690221109999952
ccaja_seguridad_avg6	0.000777923481515129	0.000746261072324874	0.000118426152322349
Visa_msaldopesos_avg6	0.000771542049762348	0.000632944444976824	0.000898364044384686
vmr_mpagospesos_avg6	0.000764587998149576	0.00050212246724677	0.0010718164897053
catm_trx_avg12	0.00076384506064234	0.000385733555695206	0.00104071467192367
Master_mlimitecompra_delta1	0.000763300325337272	0.000770488792014868	0.0012560349488734
ctarjeta_debito_tend12	0.000763298209583139	0.00282170987582749	0.00121536334100512
mpagomiscuentas_avg12	0.000757197476802373	0.000492465445405645	0.000946212994817959
mcomisiones_otras_delta1	0.000755593857585253	0.0009386669769826	0.0014103478140207
mprestamos_personales_delta1	0.000755124094539795	0.00288034532211637	0.000783526563344833
mtarjeta_visa_consumo_tend6	0.000753906684422062	0.000425244846459886	0.000933054533448809
ctarjeta_visa_avg12	0.000749928051844355	0.00204906214216774	0.000782330339584001
mtransferencias_recibidas_delta1	0.000748912077012624	0.000495903907014726	0.00140436669521654
Master_fultimo_cierre_avg6	0.000747631150159547	0.00160018196900822	0.00111368432133441
vmr_msaldototal	0.000745366664098189	0.000314394855207146	0.000608877894263389
mcaja_ahorro_dolares_lag1	0.000743317115647003	0.000537703405472734	0.00104669579072783
vm_mpagominimo_tend6	0.000741027182093565	0.000467777616509512	0.0009139149532755
mautoservicio_tend6	0.000723943024280152	0.000383497413493615	0.000961763903708772
Visa_msaldopesos_delta1	0.000717918024480049	0.000529173985429534	0.00085410376523391
vmr_msaldopesos_lag1	0.000711510615615732	0.000582499324549085	0.000526338454765995
mpayroll_avg6	0.000708448982267347	0.000437121393856304	0.00034451244311956
vmr_msaldototal_tend6	0.000706831312402138	0.000414633876324455	0.000819413276169787
mcomisiones_mantenimiento_lag1	0.000706677151284235	0.00301167320987765	0.00133020082204497
mprestamos_personales_avg6	0.000702944306253477	0.000617864742962592	0.000424659435095291
cpayroll_trx_avg12	0.000702856926493467	0.000912620479407019	0.000606485446741726
ccajas_otras_tend12	0.000701967183868382	0.00562502455121428	0.00120938222220096
ctarjeta_visa_debitos_automaticos_avg6	0.000699797455111474	0.000266763448686836	0.000729696494107402
vmr_mpagominimo_tend6	0.000696882358079591	0.000911041821610248	0.00109095606987861
cprestamos_personales_avg12	0.000696837505942044	0.002549176172566	0.00102037886798953
Visa_mconsumosdolares_avg6	0.000692156507695963	0.000357198533890225	0.000924680967122986
Master_mpagospesos_avg12	0.000684479334631559	0.00090453466652122	0.000848122646429751
cplazo_fijo_tend12	0.0006833576792397	0.000672021754779201	0.000312214401577101
vm_mfinanciacion_limite_delta1	0.000683339875377297	0.000554746278299012	0.00123330669741759
ccuenta_debitos_automaticos_avg12	0.000681988143685271	0.000698001709371212	0.000892382925580527
catm_trx_tend12	0.000680934372373977	0.00154346205914533	0.00109334851740027
vmr_mpagospesos_lag1	0.000677462453975884	0.000424905217489211	0.000876832016689714
vm_mfinanciacion_limite_avg6	0.000674998409582109	0.000909594989207449	0.00111966544013857
vmr_mpagado_tend6	0.000671665929383639	0.000599703015952187	0.000889990478058864
mtarjeta_visa_consumo_avg6	0.000671187112471801	0.000331029989912517	0.000714145585216588
mprestamos_personales_avg12	0.000669060851178254	0.0010868397129853	0.00082778684249561
mttarjeta_visa_debitos_automaticos_delta1	0.000668286051601163	0.000966886931894079	0.000991669497729567
matm_tend12	0.000663726534150124	0.0012099697878448	0.001045499566967
ctarjeta_visa_transacciones_avg6	0.000662082880498495	0.000381298591897619	0.000971333693795427
vm_status05_delta1	0.000660541641426149	0.00144070991352226	0.000218908948232221
ctransferencias_emitidas_avg6	0.000657855989719066	0.000291122688177307	0.00100004306405539
mcuenta_debitos_automaticos_tend6	0.000656318918408176	0.000446363648926133	0.000672277753587475
vm_Fvencimiento_tend6	0.000655324984043829	0.0018563056453727	0.00102157509175036
mplazo_fijo_dolares	0.000653542056718863	0.00207183680298748	0.000270346569947988
ctarjeta_master	0.000650926522309696	4.63501293935096e-06	1.31584613691499e-05
mforex_sell_avg12	0.000650600009727865	0.000252833809592424	0.000709360690173261
Visa_msaldototal_avg6	0.000643743154721777	0.000428949059812189	0.000855299988994741
mtransferencias_emitidas	0.000640240987231342	0.000719384850210767	0.000700987123847438
vmr_mconsumospesos_tend6	0.000633836103587516	0.000382363050439609	0.000881616911733041
ctarjeta_debito_transacciones	0.000631345515546553	0.000328718518914371	0.000558636496308453
Master_status_tend12	0.000627122898059742	0.00201410427087921	0.00056940251015594
vmr_msaldopesos_tend6	0.000625173574103722	0.000436074965330528	0.000882813135493873
cseguro_accidentes_personales_avg12	0.000623822947081762	0.000517133983712397	0.000692613557521616
Master_mfinanciacion_limite_lag1	0.000623552202002395	0.000556749214464615	0.000968941246273763
mforex_sell_tend12	0.000623454147632343	0.000513894425269472	0.000656726844696662
mv_status07	0.000622924665806791	0.000462354745340471	0.000346904890641224
Visa_cconsumos_delta1	0.00062191732082641	0.000529249810815519	0.000800273695996478
cpagomiscuentas_avg12	0.000621659424910815	0.000376947475315265	0.000860084884038069
catm_trx_other_tend12	0.000617130471814547	0.00093326389299237	0.000778741668301506
mttarjeta_visa_debitos_automaticos	0.000606039639092081	0.000309433201020664	0.000784722787105665
vm_fultimo_cierre_tend6	0.000600199936365876	0.00259187109816399	0.00100602418285955
ccajas_extracciones_avg12	0.000590327690708291	0.00102512770418397	0.000562225167590949
cprestamos_personales_tend6	0.000590304802005518	0.00202384319177704	0.000625625026915035
Visa_msaldopesos_lag1	0.00058701713372795	0.000498636944239436	0.00064237215956668
cproductos_lag1	0.00058546345320679	0.00175732853439444	0.00102037886798953
ctarjeta_visa_debitos_automaticos_tend6	0.000583203649238719	0.000653378641615557	0.00072850027034657
vm_mpagospesos_avg6	0.000580065147407136	0.000721794072928175	0.000952194113622118
Master_msaldototal_tend12	0.000579523365027658	0.000642680806529129	0.000641175935805848
ccomisiones_mantenimiento	0.000578361244856771	0.00357390118092173	0.000570598733916772
vmr_msaldototal_avg6	0.000577735121013635	0.000390357261675236	0.000751228521802374
vmr_mpagominimo_lag1	0.000577072824218566	0.000289242180405699	0.000722519151542411
Visa_msaldototal_delta1	0.000575970277867125	0.000275904590508958	0.000850515093951414
Master_msaldopesos_tend12	0.000570335995982895	0.00105401026219131	0.000739266284194056
ctarjeta_visa_transacciones_lag1	0.000558371519335316	0.000250375233525548	0.000706968242651598
cextraccion_autoservicio_tend6	0.000557740555632917	0.000457141473109918	0.000651941949653334
vmr_msaldopesos_avg6	0.000554415064209044	0.000444924341763152	0.000730892717868234
mextraccion_autoservicio_tend6	0.000553549264993305	0.000318994954089676	0.000617251460589212
vm_mconsumospesos_tend6	0.00055272370953418	0.000266714859321107	0.000820609499930619
vmr_mconsumospesos	0.000550736941915428	0.000522442524715064	0.000794292577192319
vm_fultimo_cierre_lag1	0.000547777759196297	0.000419668032567662	0.000955782784904613
cpayroll_trx_tend12	0.000537154903304285	0.00117898516678187	0.000703379571369102
cextraccion_autoservicio_avg6	0.000536829445025996	0.000329175877779054	0.000686632438717457
ctransferencias_recibidas	0.000534719625893744	0.000419889664250021	0.000739266284194056
vmr_msaldopesos_delta1	0.000534054975032235	0.000858898403532386	0.000708164466412429
mpagomiscuentas_delta1	0.000531463415178056	0.000636950775698273	0.000392361393552832
vm_mconsumospesos	0.00053046953245837	0.000290243763086061	0.000699790900086607
ctransferencias_recibidas_lag1	0.000526464096492802	0.000423771885813251	0.000723715375303243
mtarjeta_visa_consumo_lag1	0.000525834067354994	0.000198195297025015	0.000490451741941041
mpagomiscuentas_avg6	0.000525133261140031	0.000239646877288792	0.000552655377504294
vm_fultimo_cierre	0.000525129789452467	0.000373875382107684	0.000813432157365628
ccajas_consultas	0.000521063159471781	0.00106615703063582	0.000254795661057175
ctarjeta_visa_transacciones_delta1	0.000518620312835639	0.00126902817553098	0.000779937892062338
mcheques_depositados_avg12	0.000518429401567592	0.000998107700330394	0.000191395801733089
Master_fultimo_cierre	0.000517444138160279	0.000393144274351027	0.000710556913934093
ccallcenter_transacciones	0.000516875819900646	0.000836808042946675	0.000273935241230484
active_quarter_tend6	0.000514491419960547	0.00597712792475983	0.0017488791383361
cforex_tend12	0.000510681780024938	0.000719873990798945	0.000533515797330986
matm_tend6	0.000509670543208536	0.000304768965703339	0.00052992712604849
vm_mlimitecompra_delta1	0.000508946107864852	0.000492446918800001	0.000935446980970472
ctarjeta_debito_transacciones_delta1	0.000501906861108371	0.000528831644316589	0.000535908244852649
mpagomiscuentas	0.000501345029877445	0.000214338999190995	0.000343316219358728
mttarjeta_visa_debitos_automaticos_lag1	0.000498800048760619	0.000345624180261326	0.000692613557521616
vmr_Visa_mlimitecompra_tend6	0.000498394608586724	0.00116294085890019	0.000846926422668919
ctarjeta_master_transacciones_tend12	0.000498212276040379	0.000832182808999169	0.000458153700398582
Visa_fultimo_cierre_lag1	0.000494737481360002	0.000595001956618697	0.0008612811077989
cprestamos_prendarios_avg12	0.000490063145387248	0.001314321715415	0.000272739017469652
ccuenta_debitos_automaticos_tend6	0.000489672608079179	0.00116670634374827	0.000508395098353518
mtransferencias_emitidas_lag1	0.000488473947787629	0.000397307336336301	0.000533515797330986
mpayroll_tend12	0.000484964095555187	0.000644665254288275	0.000550262929982631
tcallcenter_avg6	0.000483876445908355	0.000169615391175434	0.000434229225181946
cdescubierto_preacordado_tend6	0.000483017200802683	0.000820564908297211	0.000149527970103976
vm_mpagominimo_lag1	0.000480163258326256	0.000320648253097638	0.000678258872391634
tcallcenter	0.000477396953158375	0.000126003112104182	9.33054533448809e-05
vmr_mpagospesos_delta1	0.000474091000163956	0.000366026365981441	0.000793096353431488
Visa_Fvencimiento_tend6	0.000473691298050689	0.0007629928127739	0.000687828662478289
vm_mfinanciacion_limite_lag1	0.000472018661294339	0.000332596805961351	0.000761994535649861
catm_trx_tend6	0.000471427870441739	0.000431396328919744	0.000565813838873444
Master_msaldototal_tend6	0.000469257376157389	0.000584277725894125	0.00037082936585786
matm_other_avg6	0.000468891324563287	0.000510641573509509	0.000440210343986105
mcuenta_debitos_automaticos_lag1	0.000468446720166297	0.000257724986279086	0.000391165169792001
vmr_mpagospesos	0.000467653493451628	0.000577488660805818	0.000751228521802374
catm_trx_other_avg12	0.000467231744117276	0.000395489398832826	0.000606485446741726
matm_other_tend12	0.000462529841179189	0.00103660285452451	0.000698594676325775
vm_cconsumos	0.000460331436980359	0.000148971595598214	0.000514376217157677
ccajas_depositos_avg12	0.000458456551758455	0.000874843469926516	0.00038398782722701
Master_msaldodolares_avg12	0.000454258082371173	0.00232076165158584	0.000479685728093554
cforex_sell_tend12	0.00045288658093134	0.000428394942407104	0.000460546147920245
cforex_avg12	0.000451625201410457	0.000875332534116321	0.000501217755788527
ccajas_otras_avg6	0.000448588506548712	0.00201502544427116	0.000393557617313664
vm_status06_delta1	0.000447281990247712	0.00261537780820136	0.000276327688752147
Visa_msaldototal_lag1	0.00044393924325944	0.000291565875143652	0.000577776076481762
ccuenta_debitos_automaticos_avg6	0.000442527192650792	0.000191104381961872	0.000464134819202741
vm_mpagospesos_lag1	0.000442354623184167	0.000320916487788008	0.000708164466412429
vm_mpagado_tend6	0.000440885244566395	0.000257657373718284	0.000672277753587475
Master_msaldopesos_avg12	0.000438333491487139	0.000994133380527563	0.000535908244852649
mautoservicio_lag1	0.000434900143253116	0.000167510806973506	0.000552655377504294
mautoservicio_delta1	0.000434249360362072	0.000409936407714532	0.00056940251015594
mpagomiscuentas_tend6	0.00043220225925328	0.00033318064233384	0.000557440272547622
cmobile_app_trx	0.000431867414730567	0.000190752758446512	0.00075481719308487
tcuentas_avg12	0.000430478467031969	0.00282229340660648	0.00115794460048519
ccajas_extracciones_tend12	0.000429031019997035	0.000975829132350856	0.000724911599064075
Visa_mlimitecompra_avg6	0.00042645342806042	0.00069427522589295	0.000704575795129934
matm_other_tend6	0.000425290252716135	0.000321866883557932	0.000373221813379524
mextraccion_autoservicio_avg6	0.000424599610141023	0.000247021650509745	0.000610074118024221
Master_msaldopesos_tend6	0.000423684084228845	0.000636007102985242	0.000422266987573628
vm_mpagospesos_delta1	0.000420710657308595	0.000230553904641344	0.000712949361455756
vmr_mconsumospesos_lag1	0.000420454276261291	0.000256994656024859	0.000691417333760784
vm_cconsumos_lag1	0.000419235812428995	0.000194231023608337	0.000488059294419377
cpagomiscuentas_avg6	0.000418445200866675	0.000211967020680808	0.000491647965701872
mtarjeta_visa_consumo_delta1	0.000415370878608094	0.000215515152155462	0.000565813838873444
vm_msaldopesos_avg6	0.000414157438889027	0.000322843980559495	0.000571794957677603
mv_status07_delta1	0.000410965548004644	0.00548659383024355	0.000813432157365628
mcuenta_debitos_automaticos_avg6	0.000409304560662952	0.000374148353497229	0.000489255518180209
ccaja_ahorro_avg12	0.000405587713546628	0.000651590843270541	0.000394753841074496
cdescubierto_preacordado_delta1	0.000400464627993553	0.00265196082569711	0.000242833423448857
cseguro_accidentes_personales_tend12	0.000399266717555503	0.00293247349871866	0.000757209640606533
vm_msaldototal_tend6	0.000398491031297242	0.000378373832953889	0.000586149642807585
cforex_sell_avg12	0.000396889893386014	0.000208728799209425	0.000394753841074496
vm_msaldopesos_tend6	0.000387357754033769	0.000325254120057388	0.000575383628960099
Master_mlimitecompra_lag1	0.000386126348704478	0.000243802337635875	0.000300252163968783
Visa_fultimo_cierre_tend6	0.000385256542864412	0.0034601665398715	0.000898364044384686
catm_trx_avg6	0.000381494552287598	0.000164437949782187	0.000494040413223536
mpayroll_avg12	0.000381354340861109	0.000276131379081548	0.000489255518180209
Master_mconsumospesos_tend6	0.000379359099065792	0.000489456037063757	0.000405519854921982
tcuentas_tend12	0.000377177336795529	0.0042551645031854	0.00115196348168103
mpayroll_delta1	0.000374108637035638	0.000341905260222068	0.000235656080883866
Master_fultimo_cierre_lag1	0.000373491166097149	0.000396341851887554	0.000690221109999952
catm_trx_other_tend6	0.0003733084659188	0.000850811826662849	0.000366044470814533
Visa_fultimo_cierre	0.000370638785548304	0.000727388916836613	0.000842141527625592
ctarjeta_visa_tend12	0.000370628844521381	0.00241937120998781	0.000720126704020747
Master_msaldototal_avg12	0.000369353462213908	0.000263897478291736	0.000504806427071022
matm_avg6	0.000368941346373977	0.000178075594291982	0.000538300692374313
mpayroll_sobre_edad_avg6	0.000367824632616907	0.00016437679288397	0.000294271045164624
vm_msaldopesos_delta1	0.000365323354539991	0.000344182504748757	0.0004174820925303
vmr_mconsumosdolares_avg6	0.000363301984588459	0.000202832487318019	0.000409108526204478
vm_status05_tend6	0.000362775378382405	0.000430184765309025	0.000150724193864808
Visa_status_tend6	0.000361697541105515	0.00028881442591086	9.80903483882081e-05
ccaja_seguridad_lag1	0.000359273769545045	0.000250323168033812	3.82791603466178e-05
ccomisiones_otras_delta1	0.000359272119607644	0.000692068726260388	0.000672277753587475
vm_mconsumospesos_lag1	0.000358900329996814	0.000214644898279642	0.00056940251015594
Visa_mlimitecompra	0.000356568859915904	0.00037734256950531	0.000564617615112613
mtransferencias_emitidas_delta1	0.000355697206447739	0.000380565855094617	0.000546674258700135
ccallcenter_transacciones_delta1	0.000355061973224627	0.000563454050345821	0.000259580556100502
mpayroll_tend6	0.000354581667612504	0.000250009438111851	0.00024522587097052
cprestamos_personales_avg6	0.000347415455747893	0.00336542491653686	0.000631606145719194
vmr_msaldototal_delta1	0.000344064165036701	0.000964216197543194	0.000709360690173261
Master_cconsumos_avg6	0.000340606088993859	0.000397188345869126	0.00041030474996531
Visa_mpagado	0.000340433101729863	0.000400875484184888	0.000322980415424588
mtarjeta_master_consumo_tend12	0.000339934165014546	0.000264066891685611	0.000294271045164624
vm_msaldototal_avg6	0.000338696307721688	0.000331394753948169	0.000578972300242594
Master_delinquency_avg12	0.000338324893730405	0.00221401173185919	0.000444995239029432
Master_fultimo_cierre_tend6	0.000335118797903839	0.00319151479077893	0.000860084884038069
vm_msaldototal_delta1	0.000334748673694393	0.000218904871602067	0.000378006708422851
mplazo_fijo_dolares_delta1	0.000334499980777078	0.000710304368697433	0.000165078878994789
Master_mlimitecompra	0.000332332319493785	0.000469133611245877	0.000498825308266863
vm_msaldopesos_lag1	0.000328991158536181	0.000332050977779822	0.000460546147920245
ctarjeta_debito	0.000327412552156689	0.000712085902375798	0.000514376217157677
Master_mpagado_tend12	0.000325436908650751	0.000301809292702788	0.000306233282772942
cmobile_app_trx_lag1	0.000324425396010176	0.00015688451896413	0.000480881951854386
vm_mpagospesos	0.000324307503449328	0.000257875147282767	0.000678258872391634
Master_msaldototal	0.000323564032654302	0.000406253127516647	0.000233263633362202
ctarjeta_debito_transacciones_lag1	0.000320702202220051	0.000160913119811538	0.000441406567746937
Master_mpagospesos_avg6	0.000320444044223921	0.000351236595795735	0.000364848247053701
vm_mpagominimo_delta1	0.000320263929917414	0.000335933543135733	0.000575383628960099
vmr_mconsumosdolares_tend6	0.000319739949754874	0.000287771435311904	0.000349297338162887
ccajas_depositos_tend12	0.000317274252843274	0.0013929212409495	0.000486863070658545
ctransferencias_recibidas_delta1	0.000316964898540632	0.000524820844290274	0.000526338454765995
vm_status02_avg6	0.000314214156944944	0.000322006119594161	0.000174648669081444
cseguro_vida_avg12	0.000314186299647176	0.000994110613812174	0.000523946007244331
mtarjeta_master_consumo_avg6	0.000310423885456483	0.000118277861343476	0.000127995942409003
Master_mpagado_avg12	0.000309604263904999	0.00043732129020132	0.000348101114402056
Visa_mpagado_lag1	0.000306131443641081	0.000171460832093473	0.000407912302443646
mpagomiscuentas_lag1	0.000305812088725256	0.000131284378887407	0.000309821954055438
Master_mpagospesos_tend6	0.000304741994392142	0.000282320487740496	0.000405519854921982
Master_status_avg12	0.000301807131637923	0.00166273665187243	0.000515572440918508
Master_mconsumospesos_avg6	0.000301507421534292	0.000207662507106465	0.000301448387729615
cseguro_vida_tend12	0.000300461540787564	0.00297282708155436	0.00066868908230498
vmr_mconsumospesos_delta1	0.000297905462148969	0.00020544424212434	0.000466527266724404
cplazo_fijo_avg12	0.00029729421651361	0.000301539835638437	0.000196180696776416
Master_mpagominimo_tend6	0.000296482175340268	0.00138924602078005	0.000372025589618692
Visa_mpagado_delta1	0.000294793933338267	0.000222072806569565	0.000422266987573628
cprestamos_personales_lag1	0.000293505372056722	0.0029801389407145	0.00039714628859616
Visa_mlimitecompra_lag1	0.000293168645068912	0.000296734377927165	0.000453368805355255
Master_mpagado_avg6	0.000292667820942211	0.000448299621917111	0.000270346569947988
cpagomiscuentas_delta1	0.00029266547330356	0.000619412344820418	0.00022489006703638
cplazo_fijo_tend6	0.000286188347049096	0.000264539683021799	0.000130388389930667
Master_mlimitecompra_avg6	0.000284318250772963	0.000207375822208825	0.000346904890641224
Visa_delinquency_avg6	0.000279704826052495	0.000683190051051416	0.000324176639185419
ctarjeta_visa_descuentos_avg12	0.00027915048617189	0.000174665400081202	0.000196180696776416
Visa_mconsumototal_tend6	0.00027562312110974	0.000154328000182059	0.000328961534228747
ccajas_otras_avg12	0.000275341968005834	0.00175961456473412	0.000511983769636013
mtarjeta_visa_descuentos_avg6	0.00027461406541826	0.00027236031715218	0.000139958180017321
Master_mpagominimo	0.000273384054130689	0.000251391408295304	0.000259580556100502
vm_msaldototal_lag1	0.000272899619103449	0.000564884762691751	0.000479685728093554
ccajas_consultas_avg6	0.000269785203530682	0.00177301755163882	0.000479685728093554
Master_mpagospesos	0.000268938549960267	0.000259969379505046	0.000234459857123034
Master_cconsumos_tend6	0.000267870710715954	0.000235224175430198	0.00028470125507797
ccaja_ahorro_lag1	0.000267251797906752	0.000238385807531859	0.000203358039341407
ctarjeta_visa_debitos_automaticos	0.000266157437973406	0.000101772260080862	0.000295467268925456
Visa_mconsumosdolares_delta1	0.000263600891786017	0.000181010819812921	0.000324176639185419
mv_status07_tend6	0.000261951648752322	0.000773988716115662	0.000527534678526827
catm_trx_other_avg6	0.000259067150790284	0.000187091404581904	0.000230871185840539
vm_mconsumospesos_delta1	0.000257409497477998	0.000129332056644438	0.000409108526204478
mextraccion_autoservicio_delta1	0.000257028957256208	0.000144044664472618	0.000305037059012111
active_quarter	0.000254498191830576	0.000605889297871306	0.00086726222660306
ccajas_transacciones_avg6	0.000254450926352032	0.000186181576348461	0.000424659435095291
ccaja_ahorro_tend12	0.000250774401027595	0.00202669212533478	0.000369633142097028
Visa_fechaalta_tend6	0.000250656377656675	0.00166988452192323	0.000452172581594423
Visa_Finiciomora_lag1	0.000246815143351683	0.00284730138288798	0.000266757898665493
mcuenta_debitos_automaticos_delta1	0.000242492326407321	0.00029871355419852	0.000421070763812796
mforex_sell_tend6	0.000242465192629654	0.000222382754772023	0.000246422094731352
cpayroll_trx_lag1	0.000241170831427968	0.00015755075098275	0.000105267690953199
Visa_mconsumosdolares	0.000239688880292378	0.000383609795501457	0.000401931183639487
ccaja_ahorro_avg6	0.000237207975980602	0.000207077792152677	0.000197376920537248
Visa_mconsumosdolares_lag1	0.000237039391304042	0.000195423143832927	0.000330157757989579
vmr_msaldodolares2_avg6	0.000236741505744323	0.000800270826276006	0.000360063352010374
ccajas_extracciones_tend6	0.000236696815854325	0.000760520790593238	0.000348101114402056
vm_status05_avg6	0.000235933275870496	0.000405817351192559	0.000230871185840539
Master_mpagospesos_delta1	0.000232171597072885	0.000392594702649182	0.000272739017469652
ctarjeta_master_transacciones_avg12	0.000230442232669748	0.000163934026108681	0.000253599437296343
Visa_mpagosdolares_avg6	0.000230051367308584	0.000215288248985312	0.000270346569947988
vm_mconsumosdolares_tend6	0.000228148744277147	0.000195391973296421	0.000244029647209688
vm_mlimitecompra_avg6	0.000226970647007236	0.000327726600628293	0.000348101114402056
Master_mpagominimo_avg6	0.000224945716552936	0.000132719827932511	0.000266757898665493
Master_msaldodolares_tend12	0.000224597763375544	0.00107650251642234	0.000202161815580575
vm_status01_lag1	0.000223367322239448	0.00254278533400106	0.000218908948232221
Master_mpagospesos_lag1	0.000222570021246184	0.000288541798313997	0.00031819552038126
Master_Fvencimiento_tend6	0.000222337502525132	0.000464070347222257	0.000507198874592686
mtarjeta_visa_descuentos_avg12	0.000221175047950695	0.000148003399007197	0.000183022235407266
vm_mconsumosdolares_avg6	0.000221029627080002	0.0001914272414895	0.000349297338162887
Master_mconsumospesos_delta1	0.0002202442741487	0.000188510695370952	0.000216516500710557
ctarjeta_master_transacciones	0.000218704431747137	0.000126047232165045	8.73243345407219e-05
active_quarter_lag1	0.000218164469449059	0.000447645651837485	0.000697398452564943
Master_mconsumosdolares_avg12	0.000217965460478654	0.000761993140052883	0.000313410625337933
ctarjeta_master_descuentos_tend12	0.000217459723636389	0.000343414777490561	0.000184218459168098
mtarjeta_master_descuentos_tend12	0.000216557472612872	0.000544929889450165	9.45016771057127e-05
cpayroll_trx_tend6	0.000216080301860483	0.00034275175420364	0.000265561674904661
vm_mconsumototal_avg6	0.00021415485194797	6.53834854504633e-05	0.000186610906689762
vm_mlimitecompra	0.000208345997017635	0.000141970563221832	0.000283505031317138
ctarjeta_master_debitos_automaticos_tend6	0.000207403526678706	0.000464312109876109	0.000157901536429798
thomebanking_delta1	0.000206823520530829	0.000833473865117814	0.000412697197486973
mprestamos_prendarios_avg12	0.000206251489260274	0.0031879901900034	0.000387576498509505
ccajas_otras_tend6	0.000205894446448942	0.00379855858267574	0.000489255518180209
vm_cconsumos_delta1	0.00020526466118314	0.000131290376159749	0.000254795661057175
Master_Finiciomora_avg12	0.000204232590536884	0.00414158873255346	0.000519161112201004
cextraccion_autoservicio_delta1	0.00020312919727969	0.000217989504486525	0.000194984473015584
Master_mconsumospesos	0.000202326331754518	0.000111061805744067	0.000214124053188893
cseguro_vivienda_avg12	0.000201681472263742	0.000361147183839463	0.000305037059012111
Visa_mconsumototal_avg6	0.000201522822665838	0.000191789140586135	0.000296663492686288
mttarjeta_master_debitos_automaticos_tend6	0.000200605778874603	0.000373994143379738	0.000147135522582312
ctarjeta_visa_debitos_automaticos_lag1	0.000198885182692988	0.000109769756446563	0.000216516500710557
mpayroll_sobre_edad_delta1	0.000197366054199852	0.000170859806086881	0.000155509088908135
Visa_msaldodolares_avg6	0.000195571340175168	0.000259610077953121	0.000212927829428061
cpagomiscuentas_lag1	0.000193130449020682	0.000232061129958623	0.000194984473015584
cpagomiscuentas	0.000192163914787094	0.000115180594871732	0.000175844892842276
vmr_mpagado	0.000190663280064952	0.000176276947377888	0.000178237340363939
vmr_msaldodolares_tend6	0.00018920932089127	0.000432711221331011	0.000181826011646435
vm_msaldodolares_avg6	0.00018898096451397	0.000762023737601585	0.00025838433233967
mextraccion_autoservicio_lag1	0.0001884178442137	9.35345672279722e-05	0.00022489006703638
ctarjeta_visa_descuentos_avg6	0.00018763130102605	7.32823133164161e-05	8.13432157365628e-05
vmr_Visa_mlimitecompra_delta1	0.000187148678449359	0.00111807698347035	0.000190199577972257
Visa_mpagosdolares_tend6	0.000186056236966104	0.000425892055283432	0.00024522587097052
vm_status02_tend6	0.000185611148509126	0.000283446790766068	0.000150724193864808
catm_trx_delta1	0.000183357743823121	0.000216622164591652	0.000180629787885603
Visa_status	0.000182837285927029	0.000165860487502122	3.7082936585786e-05
mpayroll_sobre_edad_tend6	0.00018136449376929	0.000140969744525208	0.000202161815580575
Master_fechaalta_tend6	0.000176421793516958	0.000456585407546301	0.000285897478838802
ctarjeta_master_transacciones_avg6	0.000176355084044956	0.000193060218530034	0.000111248809757358
ctarjeta_master_transacciones_tend6	0.000174488646259564	0.000567419546136479	0.000168667550277285
mprestamos_hipotecarios_tend12	0.00017299837427526	0.0020048835219516	0.000226086290797211
cplazo_fijo_avg6	0.000172085285403352	0.00030882778210758	9.56979008665445e-05
Visa_mpagosdolares_lag1	0.000171342781761672	0.000861995746402504	0.000267954122426325
ctransferencias_emitidas_lag1	0.000171192829371818	7.71805403389546e-05	0.000234459857123034
mextraccion_autoservicio	0.000170723803004484	0.000162340776222517	0.000336138876793738
mplazo_fijo_dolares_avg12	0.000169325273171564	0.000238780634327596	0.000203358039341407
matm_delta1	0.000165873112959933	0.000138726497274854	0.000228478738318875
Visa_mconsumototal_delta1	0.000165743656261308	4.30314222353409e-05	0.000203358039341407
ctransferencias_emitidas	0.000165580229153852	7.83404968481795e-05	0.000248814542253016
vm_fechaalta_tend6	0.000165125765308501	0.00083964284280527	0.000385184050987842
matm_other_delta1	0.000164084726676324	0.000126001584136706	0.000147135522582312
mplazo_fijo_dolares_tend6	0.000162624696411591	0.000144789052027623	0.000131584613691499
ccajas_extracciones_avg6	0.000161792869348475	0.000475320886343855	0.000169863774038116
Visa_delinquency_tend6	0.000160465208763095	0.00107750944698886	0.000375614260901187
mtarjeta_master_consumo_avg12	0.000160426430536441	0.000126500694712664	0.000161490207712294
vm_mpagado	0.000159041465415078	0.00016146605304183	0.00014593929882148
Master_mpagado_tend6	0.00015900849498813	0.000150682957370254	0.000233263633362202
matm_lag1	0.000158857539630853	6.001340555771e-05	0.000192592025493921
ccheques_depositados_tend6	0.000158393195060464	0.000865260172516096	0.000199769368058912
vm_Finiciomora_avg6	0.000158326518579377	0.00139225741547966	0.000291878597642961
mplazo_fijo_dolares_tend12	0.000156704747608902	0.000120765506991577	0.00015909776019063
vmr_mpagado_lag1	0.000156650488865601	0.000135186273031887	0.000265561674904661
Master_msaldototal_lag1	0.000154573250680965	0.00042485135663569	0.000178237340363939
matm_other	0.000152745377087655	0.000318012432803574	0.000156705312668967
matm	0.000152241537250239	0.00011204444162773	0.000199769368058912
mcaja_ahorro_adicional_tend12	0.000151522779141183	0.00204307388483348	0.000321784191663756
ctarjeta_debito_tend6	0.000150633511799956	0.000983209788246591	0.000307429506533774
vm_status04	0.000148925240682993	0.000279548334548408	9.92865721490399e-05
Master_delinquency_tend12	0.000148418157167944	0.00185238484263071	0.000405519854921982
ctarjeta_debito_lag1	0.000147847208535507	0.000119748109847841	0.000228478738318875
ctarjeta_master_debitos_automaticos_tend12	0.000147619049030156	0.00128537773311513	0.000319391744142092
Visa_fultimo_cierre_delta1	0.000143424752535401	6.74299686891254e-05	0.00022489006703638
mttarjeta_master_debitos_automaticos_delta1	0.00014178185646677	0.00032237164761355	0.000113641257279022
vm_mpagado_delta1	0.000141512648860331	0.000284514152446261	0.000222497619514716
matm_other_lag1	0.000140119007807316	9.39315331781753e-05	0.000137565732495658
Visa_msaldodolares_tend6	0.000139479023321696	0.000127285611604963	0.000160293983951462
cprestamos_prendarios_tend12	0.000138412994078776	0.00425306236373143	0.000407912302443646
Master_mconsumospesos_lag1	0.000137836751011786	9.50893505329341e-05	0.000202161815580575
thomebanking_lag1	0.000137532414622381	0.00012622795251824	0.000316999296620429
vm_mpagado_lag1	0.000137099998443148	7.80802075886834e-05	0.000204554263102239
Visa_Finiciomora_avg6	0.000135345067097798	0.00107200460036475	0.000227282514558043
mforex_sell_avg6	0.000134925606502121	9.45224745994263e-05	0.000178237340363939
ctarjeta_visa_debitos_automaticos_delta1	0.000134631991386561	0.000135925656493408	0.000163882655233957
mcaja_ahorro_adicional_avg12	0.00013395180357749	0.000661021916921189	0.000216516500710557
ccajas_depositos_tend6	0.000131846538578196	0.000438542938397379	0.000192592025493921
ctarjeta_master_tend12	0.000131324722779635	0.000724989778704545	0.000273935241230484
ctarjeta_visa_descuentos_tend12	0.000131100652449148	0.000171753743458576	0.000155509088908135
Master_msaldototal_delta1	0.000130026336245976	0.000119745512303132	0.000184218459168098
ccallcenter_transacciones_lag1	0.00012976701574489	0.000263631000763963	0.000178237340363939
ccajeros_propios_descuentos_tend12	0.000129434347590668	0.000261713401581881	0.000127995942409003
vm_mlimitecompra_lag1	0.000129113705067466	7.95958367270788e-05	0.000186610906689762
Master_msaldototal_avg6	0.000128701291763442	0.000274855640836847	0.000196180696776416
ccheques_depositados_tend12	0.000128419859075098	0.00030548584984378	0.000113641257279022
tcuentas_avg6	0.000128297784867411	0.00113228490364129	0.000391165169792001
minversion2	0.000128056518627216	0.00102203143089109	9.09130058232173e-05
Master_status	0.000127745723312366	0.00122461493590893	0.000131584613691499
Master_msaldopesos_lag1	0.000127277985687864	0.000474638496069179	0.000177041116603107
cseguro_accidentes_personales_avg6	0.000126457049759734	9.93896621967193e-05	0.000155509088908135
Master_mpagominimo_delta1	0.000125543324202753	8.897717503639e-05	0.000194984473015584
mcheques_emitidos_avg6	0.000125209324221811	0.000263939306401385	4.18678316291132e-05
Master_msaldopesos_delta1	0.000124820874488192	0.000100181989731276	0.000173452445320612
mttarjeta_master_debitos_automaticos_tend12	0.000124400452547813	0.00043485969639868	0.000179433564124771
Master_status_avg6	0.000124123394258103	0.000355050364416051	0.000136369508734826
Master_mpagominimo_lag1	0.000122057960298197	5.82181965704369e-05	0.000166275102755621
mpayroll_sobre_edad_lag1	0.000121686284301948	0.000101608270971526	0.000177041116603107
mpayroll_lag1	0.000119656847551539	0.000116354112092304	0.000154312865147303
Master_mconsumosdolares_tend12	0.000119438217270445	0.000157754390848082	0.000118426152322349
vm_status06_tend6	0.000118434389354078	0.000795170470841911	0.000186610906689762
vmr_mpagado_delta1	0.000118417720671877	0.000121998118354275	0.000228478738318875
cseguro_vida_avg6	0.000117711685348484	0.00023649781271962	0.000147135522582312
Master_msaldopesos_avg6	0.00011698438252597	0.000152602122718999	0.000180629787885603
Master_cconsumos	0.000116819656837352	5.85088541835138e-05	0.000122014823604844
Visa_mconsumototal	0.000116678523731326	6.3087179529514e-05	0.000208142934384734
cforex_tend6	0.000116439486314429	0.000354235957751469	0.000122014823604844
mtarjeta_master_consumo_tend6	0.000116280302064506	0.000115492796826217	0.000126799718648171
mtarjeta_visa_descuentos_tend12	0.000115139151103086	0.000172172177351814	0.000119622376083181
mplazo_fijo_dolares_avg6	0.000115135109927749	0.000132437383144617	0.000123211047365676
cinversion1_avg12	0.000114633119526332	0.000597546022465841	7.65583206932356e-05
ctarjeta_master_avg12	0.000113271609432566	5.43891100761768e-05	7.4165873171572e-05
Master_msaldopesos	0.000112538604829219	0.00026763771347728	0.000171059997798948
vmr_mconsumosdolares	0.000111767127630591	0.000213401209152745	0.000139958180017321
cplazo_fijo	0.000111123346815154	0.000232197653852582	3.1101817781627e-05
ctarjeta_master_descuentos_avg12	0.000110235622474983	0.000136851222791851	0.000105267690953199
ctransferencias_emitidas_delta1	0.000110191067114334	0.000139474399155053	0.000202161815580575
Master_Finiciomora_tend12	0.000110052645834686	0.00119023471272461	0.000215320276949725
vmr_msaldodolares_avg6	0.000109815839837865	8.53749917122805e-05	0.000127995942409003
tcuentas_tend6	0.000109511337800388	0.00305094690169985	0.000528730902287658
mprestamos_prendarios_tend12	0.000107670732364121	0.00258648787775095	0.000314606849098765
mplazo_fijo_dolares_lag1	0.000106941657563379	0.00044616764889818	0.000102875243431535
Visa_msaldodolares	0.0001066766759697	0.000926620405005317	0.000167471326516453
Visa_Finiciomora	0.000106639159933732	0.00138966411088061	0.00015909776019063
mttarjeta_master_debitos_automaticos_avg12	0.000106353410976095	0.000104077657408292	0.000120818599844012
ccajas_extracciones	0.000105963377347447	0.00135897240118278	0.000136369508734826
ccomisiones_mantenimiento_lag1	0.000105299953327206	0.000342796982040923	0.000187807130450594
mcaja_ahorro_adicional_tend6	0.000105083299400789	0.000557118104012451	0.000131584613691499
ccuenta_debitos_automaticos	0.000104846212146381	0.000128297202472291	0.00012560349488734
cextraccion_autoservicio	0.00010443483789757	0.000114683929043735	0.000228478738318875
cplazo_fijo_delta1	0.000103207731475983	9.29252137986383e-05	2.87093702599634e-05
cpagodeservicios_tend12	0.000102276821850976	0.000929077376706342	0.00021173160566723
vm_fultimo_cierre_delta1	0.0001012102077596	6.17814931222883e-05	0.000199769368058912
mtarjeta_master_descuentos_avg6	0.000100533148067404	0.000208724979290736	3.22980415424588e-05
Master_fultimo_cierre_delta1	9.96213825473508e-05	3.76766602165321e-05	0.000190199577972257
cextraccion_autoservicio_lag1	9.8959421757847e-05	6.2125935190512e-05	0.000141154403778153
mtarjeta_visa_descuentos	9.80395710985973e-05	0.000739578735764749	8.85205583015537e-05
vmr_msaldodolares2_tend6	9.78388397401215e-05	0.000230637140669586	0.000127995942409003
Visa_mconsumototal_lag1	9.73751792361157e-05	6.17049037525657e-05	0.000177041116603107
mcaja_ahorro_adicional_delta1	9.64950190883789e-05	0.000296068680697162	6.57923068457493e-05
cseguro_accidentes_personales_tend6	9.61574386016426e-05	0.00115043944920456	0.000205750486863071
vm_status06	9.61310018188841e-05	6.83876987029332e-05	5.98111880415903e-05
Master_cconsumos_delta1	9.58126091855993e-05	3.65398142153781e-05	7.89507682148992e-05
ccajeros_propios_descuentos_avg12	9.43088482705767e-05	0.000108995191533912	6.93809781282448e-05
minversion1_pesos_avg12	9.30209956679547e-05	0.000523164718542483	5.74187405199267e-05
vm_status04_delta1	9.15347257167479e-05	0.000343175344987109	6.45960830849175e-05
mtarjeta_master_consumo_lag1	9.11194346521282e-05	3.91046222210057e-05	6.93809781282448e-05
vm_Finiciomora_tend6	9.05757230386515e-05	0.000591219358534886	0.000186610906689762
ccheques_depositados_avg6	9.04788881716511e-05	0.000165089207719544	3.94753841074496e-05
Master_cconsumos_lag1	9.03467322042307e-05	6.91182199530951e-05	0.000102875243431535
vm_mpagosdolares_avg6	9.02631865467892e-05	0.000123674260475999	7.77545444540674e-05
Master_mpagado	9.01995871932356e-05	5.84005212894823e-05	6.8184754367413e-05
Visa_status_avg6	8.91246832600606e-05	0.00113098804124623	0.000192592025493921
vmr_mconsumototal_tend6	8.81905814145168e-05	4.22148000179198e-05	0.000127995942409003
tcallcenter_delta1	8.69762200970989e-05	5.99201995416885e-05	7.4165873171572e-05
vmr_mconsumototal_avg6	8.65667950829308e-05	6.81829510611811e-05	0.000136369508734826
mcajeros_propios_descuentos_tend12	8.62648086213537e-05	0.00024587387954114	7.77545444540674e-05
cseguro_vida_tend6	8.62283859042488e-05	0.00163946857215559	0.000255991884818007
vm_mpagosdolares_delta1	8.55430561787526e-05	0.000267486788489862	6.10074118024221e-05
vmr_Master_mlimitecompra_delta1	8.54794613985418e-05	0.000220604315227797	0.00011244503351819
vmr_mconsumosdolares_lag1	8.48401071407248e-05	0.000140121798974533	0.000135173284973994
ctarjeta_master_debitos_automaticos_avg12	8.28098111479047e-05	0.000131626872797099	0.000116033704800685
mpagodeservicios_tend12	8.25944262623639e-05	0.000793638950841768	0.000147135522582312
cseguro_vivienda_avg6	7.9965105462934e-05	0.00019819499143152	0.000126799718648171
mcaja_ahorro_adicional_avg6	7.98670747000883e-05	0.000188649740411247	7.17734256499084e-05
Master_mconsumosdolares_avg6	7.96530677858064e-05	3.42492763716499e-05	4.3064055389945e-05
ctarjeta_visa_lag1	7.9014191346792e-05	2.55078890403748e-06	5.98111880415903e-06
mprestamos_prendarios	7.86004727111841e-05	0.00150432046011141	0.000129192166169835
vmr_mconsumototal	7.85721847129558e-05	4.96059988892376e-05	0.000114837481039853
vmr_mpagosdolares_tend6	7.8571965161539e-05	0.000198052393866845	7.77545444540674e-05
ccajeros_propios_descuentos_tend6	7.83467420974139e-05	0.000283989142821589	0.000119622376083181
ccajas_depositos_avg6	7.81936790343207e-05	0.000385255301875292	0.000117229928561517
ccheques_emitidos_avg6	7.7233219065242e-05	0.000476061262984235	5.50262929982631e-05
cpayroll_trx_delta1	7.71314593458448e-05	0.000180718672431555	9.45016771057127e-05
vm_mconsumosdolares_delta1	7.67170911435172e-05	6.47259628464559e-05	6.8184754367413e-05
mttarjeta_master_debitos_automaticos_lag1	7.62113343662255e-05	4.82769727788196e-05	4.90451741941041e-05
mcaja_ahorro_adicional	7.59269919298905e-05	0.000201235302915605	5.50262929982631e-05
mforex_sell_delta1	7.54604807218564e-05	0.000182303021907173	7.65583206932356e-05
Visa_mpagosdolares_delta1	7.35300570031796e-05	0.000147191093297895	9.33054533448809e-05
mtarjeta_master_descuentos_avg12	7.35018551731941e-05	0.000482256903704143	7.17734256499084e-05
mv_status07_lag1	7.3202390279663e-05	0.000341689091023435	0.000247618318492184
catm_trx	7.23703625440198e-05	0.00021166555269784	0.00013278083745233
cliente_edad_delta1	7.16758665859974e-05	0.000390437365370153	0.000261973003622166
mttarjeta_master_debitos_automaticos_avg6	7.16164797797113e-05	5.23359037806213e-05	7.65583206932356e-05
cmobile_app_trx_delta1	7.15242371968956e-05	0.000258784135134098	0.000161490207712294
ccajas_consultas_delta1	7.11429820439683e-05	0.000527488790100516	0.000124407271126508
vm_mconsumototal	7.09956383304151e-05	3.97211188982889e-05	0.000100482795909872
cseguro_vivienda_tend12	7.02784809835366e-05	0.00104947525472325	0.00025838433233967
mtarjeta_master_consumo_delta1	7.01582098204955e-05	0.000193709146316991	9.33054533448809e-05
ctarjeta_master_debitos_automaticos_avg6	6.95027810491243e-05	0.00011193694911581	7.4165873171572e-05
mprestamos_prendarios_delta1	6.80907827502888e-05	0.00120799993217505	0.000101679019670704
Visa_msaldodolares_delta1	6.72555737327472e-05	9.60411978719602e-05	8.25394394973946e-05
Master_mpagosdolares_tend6	6.71048196288078e-05	1.50561713151053e-05	3.22980415424588e-05
vmr_mpagosdolares_avg6	6.68020564596725e-05	5.12329022590554e-05	8.13432157365628e-05
vm_msaldodolares_lag1	6.5314073619965e-05	7.91213646266678e-05	2.99055940207952e-05
ccajas_otras_delta1	6.45592576263599e-05	0.000256390344888195	6.57923068457493e-05
cforex_sell_tend6	6.37796122153189e-05	0.000121363133270535	8.85205583015537e-05
mcheques_depositados_tend12	6.34326400748584e-05	0.000622096296089968	0.000107660138474863
vm_mconsumosdolares	6.30455503312261e-05	8.75894367757159e-05	0.000104071467192367
Master_msaldodolares_tend6	6.27977859966963e-05	8.94233797384995e-05	4.06716078682814e-05
vm_status03_avg6	6.26991507390094e-05	2.80593655297764e-05	7.29696494107402e-05
vm_status06_avg6	6.25178466706392e-05	5.76864256896848e-05	5.98111880415903e-05
vm_mconsumosdolares_lag1	6.20115739740534e-05	5.9880357789758e-05	9.68941246273763e-05
Visa_msaldodolares_lag1	6.15100166858346e-05	0.000201521262028694	8.25394394973946e-05
ccuenta_debitos_automaticos_lag1	6.14251419075159e-05	3.46639667445717e-05	6.69885306065812e-05
minversion2_tend6	6.09531898036314e-05	0.00165410757015062	0.00013876195625649
ccajeros_propios_descuentos_avg6	6.03268245392339e-05	6.03542187031788e-05	3.46904890641224e-05
ctarjeta_master_transacciones_lag1	6.01445411417682e-05	0.000116191230759388	5.02413979549359e-05
mcheques_depositados_tend6	5.94952754984459e-05	0.000191240562063149	6.69885306065812e-05
mcheques_depositados_avg6	5.92048061353162e-05	7.01729377024269e-05	3.34942653032906e-05
Master_mconsumosdolares_tend6	5.83412820465477e-05	1.44087332964379e-05	3.58867128249542e-05
Visa_mpagosdolares	5.80226208725278e-05	4.06745706031645e-05	8.0146991975731e-05
cforex_avg6	5.7163044568393e-05	3.07613850147274e-05	7.29696494107402e-05
cdescubierto_preacordado_lag1	5.64904624261519e-05	7.8874292285837e-05	8.25394394973946e-05
mcajeros_propios_descuentos_avg12	5.63209145226235e-05	7.86378011197759e-05	6.33998593240857e-05
Master_mpagado_delta1	5.5866771621378e-05	4.24795967814694e-05	8.0146991975731e-05
vmr_mconsumosdolares_delta1	5.50178917934002e-05	4.80690546045552e-05	7.65583206932356e-05
mtarjeta_visa_descuentos_tend6	5.48569524912788e-05	0.000179937995649001	5.38300692374313e-05
catm_trx_lag1	5.45005620166309e-05	4.62487487514928e-05	9.21092295840491e-05
mcaja_ahorro_adicional_lag1	5.38803107751415e-05	7.21996337622779e-05	3.58867128249542e-05
cprestamos_personales_delta1	5.34408546633767e-05	0.000972636138716756	0.000150724193864808
vm_Finiciomora	5.33253050615095e-05	0.000641008828118776	0.000120818599844012
Master_delinquency_avg6	5.25578583965844e-05	0.000933167669240584	0.00013876195625649
Master_mconsumototal_tend6	5.25378242663891e-05	6.04716430036911e-05	6.10074118024221e-05
vm_mconsumototal_delta1	5.18988074750458e-05	2.08393754141177e-05	7.05772018890766e-05
minversion2_avg6	5.18020041486043e-05	0.000359219309076107	4.66527266724404e-05
cinversion2_avg6	5.17429900655574e-05	0.000476189077463583	6.33998593240857e-05
vm_msaldodolares_tend6	5.12862026044262e-05	6.34214988132108e-05	6.33998593240857e-05
vmr_msaldodolares2	5.10841743812226e-05	0.000144084850017231	6.69885306065812e-05
mprestamos_hipotecarios_avg12	5.07037676896944e-05	0.000334987120081246	6.69885306065812e-05
vm_mpagosdolares_tend6	5.00227089335966e-05	0.000103877226274659	5.98111880415903e-05
vmr_msaldodolares2_lag1	4.99921778256755e-05	0.00020182975866205	6.69885306065812e-05
cinversion1_tend6	4.96716564768736e-05	0.000110248927046962	2.27282514558043e-05
mforex_buy_avg12	4.88853651922611e-05	0.000159815045985082	5.86149642807585e-05
mtarjeta_visa_descuentos_delta1	4.87015687176982e-05	0.000147831464466987	6.33998593240857e-05
cseguro_auto_avg12	4.75277941608557e-05	0.000393025245684665	7.17734256499084e-05
ctarjeta_visa_descuentos_tend6	4.66146437903853e-05	7.27600158340137e-05	6.33998593240857e-05
vm_mconsumototal_tend6	4.59505945715434e-05	3.14346074845483e-05	0.000108856362235694
ccheques_depositados_avg12	4.57833167143238e-05	7.71690423836995e-05	3.46904890641224e-05
cseguro_auto_tend12	4.5781196740446e-05	0.00170862544968582	0.000133977061213162
mcheques_emitidos	4.5395465558937e-05	7.5337544168877e-05	1.07660138474863e-05
cseguro_vida	4.4936875419952e-05	0.000143287327393257	5.26338454765995e-05
vm_mconsumototal_lag1	4.40213306624449e-05	2.52646748174203e-05	5.86149642807585e-05
vm_Finiciomora_lag1	4.35584747708687e-05	0.000653308278713298	9.68941246273763e-05
vmr_mconsumototal_lag1	4.31269505029897e-05	2.57012151252456e-05	9.33054533448809e-05
vm_status03_tend6	4.29140088799117e-05	0.000244977115429615	0.000101679019670704
cinversion2	4.19460411319747e-05	0.000218769531882902	2.99055940207952e-05
Master_mpagado_lag1	4.07020356398118e-05	4.92291639105277e-05	6.10074118024221e-05
Master_mconsumototal_avg6	4.02969500254911e-05	1.97635335144336e-05	4.06716078682814e-05
ccajas_extracciones_lag1	3.9803108351525e-05	0.000249972614095685	5.86149642807585e-05
cprestamos_hipotecarios_tend12	3.86374827710547e-05	0.000629796335387325	0.000102875243431535
Visa_Finiciomora_tend6	3.85605527834159e-05	0.000503013539679448	0.000108856362235694
tcallcenter_lag1	3.72511755917182e-05	3.64299151546839e-05	6.33998593240857e-05
Visa_cadelantosefectivo_avg6	3.71911224558685e-05	0.000405911473989066	0.00011244503351819
vmr_mconsumototal_delta1	3.67483762128488e-05	2.97381433953963e-05	6.10074118024221e-05
Master_mconsumototal_lag1	3.6362597361114e-05	2.7298361328473e-05	3.46904890641224e-05
vmr_msaldodolares	3.55661861167103e-05	4.53553079692277e-05	4.18678316291132e-05
Master_mconsumototal_delta1	3.53961291637894e-05	2.15075173920817e-05	4.06716078682814e-05
ccaja_ahorro_tend6	3.53414391378804e-05	0.000795621450442383	0.000111248809757358
vm_status01_delta1	3.52532404977238e-05	5.6177405010622e-05	3.34942653032906e-05
Master_msaldodolares_avg6	3.51729549606944e-05	0.000658595466370491	6.93809781282448e-05
active_quarter_delta1	3.49604431185994e-05	0.000727115754451134	0.000184218459168098
cinversion1	3.41162493534335e-05	0.000138225018349309	1.91395801733089e-05
mcajeros_propios_descuentos_avg6	3.40557181922832e-05	5.99566033667985e-05	3.7082936585786e-05
vm_Fvencimiento_delta1	3.37466462368619e-05	9.33886081348501e-05	7.77545444540674e-05
Visa_Fvencimiento_delta1	3.33429406646063e-05	2.64119109974095e-05	8.97167820623855e-05
Master_Fvencimiento_delta1	3.32674180981121e-05	0.000186391251685323	9.33054533448809e-05
vm_msaldodolares	3.23158993051846e-05	0.000116139814653828	3.7082936585786e-05
ctarjeta_master_descuentos_delta1	3.22209890271487e-05	0.000259524549973665	2.27282514558043e-05
catm_trx_other_lag1	3.20854259613155e-05	4.93324927110761e-05	4.3064055389945e-05
Master_Finiciomora_avg6	3.19275731379439e-05	0.000656417807124035	7.17734256499084e-05
cforex_buy_tend12	3.12413201853133e-05	0.000513558501619926	6.57923068457493e-05
cpagodeservicios_avg12	3.09126348254922e-05	7.40508809567246e-05	2.99055940207952e-05
catm_trx_other_delta1	3.04827247328944e-05	4.30827619425265e-05	4.3064055389945e-05
mcheques_emitidos_avg12	3.04343311978583e-05	9.10284713726008e-05	2.87093702599634e-05
mpagodeservicios_avg12	3.03391679374427e-05	0.000204067237835183	5.26338454765995e-05
Master_mpagosdolares_avg6	2.99185020199114e-05	2.1581662013843e-05	2.87093702599634e-05
vm_status05	2.97452560244379e-05	8.58533601297548e-05	5.98111880415903e-05
vmr_mpagosdolares_lag1	2.92742538272277e-05	7.14975709063521e-05	4.06716078682814e-05
catm_trx_other	2.88627475180778e-05	5.25841984954326e-05	3.94753841074496e-05
cseguro_vivienda	2.84882541334674e-05	3.79303410166956e-05	4.54565029116086e-05
tcuentas	2.82320676232583e-05	0.00025848942840721	9.80903483882081e-05
vm_msaldodolares_delta1	2.7964183096425e-05	1.85585783630475e-05	2.87093702599634e-05
minversion2_tend12	2.76821069968046e-05	7.9554314210925e-05	1.55509088908135e-05
cforex_sell_avg6	2.65566782734887e-05	2.79124514569818e-05	4.3064055389945e-05
mcajeros_propios_descuentos_tend6	2.61008906685619e-05	7.91074601226383e-05	4.06716078682814e-05
mprestamos_prendarios_avg6	2.60637708200742e-05	0.000229048398287476	2.27282514558043e-05
mcheques_depositados_rechazados_avg12	2.58811653246895e-05	0.000673132357938959	5.98111880415903e-05
ctarjeta_master_transacciones_delta1	2.58294794753423e-05	1.73371975612969e-05	4.18678316291132e-05
minversion1_pesos_tend12	2.54240606523069e-05	9.57059236085911e-05	2.39244752166361e-05
Master_msaldodolares_lag1	2.52751370883108e-05	2.8841914072488e-05	1.31584613691499e-05
Master_madelantopesos_avg12	2.51181241960236e-05	7.46632903210101e-05	2.15320276949725e-05
ccaja_seguridad_avg12	2.49649748950059e-05	0.000410483458270042	5.14376217157677e-05
Master_fechaalta_delta1	2.48284543339095e-05	6.30328602857506e-06	3.7082936585786e-05
vmr_msaldodolares_lag1	2.4767039794198e-05	6.37385520644314e-05	3.1101817781627e-05
ccajas_consultas_lag1	2.45317045579966e-05	0.00098857746159057	9.09130058232173e-05
mcheques_emitidos_tend12	2.42656024803229e-05	0.000197206587470637	3.58867128249542e-05
mplazo_fijo_pesos_avg12	2.38874806218088e-05	1.91192660282784e-05	9.56979008665445e-06
mtarjeta_master_descuentos_tend6	2.34445830349909e-05	4.34282353887964e-05	7.17734256499084e-06
vm_mpagosdolares_lag1	2.32417156837944e-05	0.000152109124012944	7.65583206932356e-05
vm_status04_avg6	2.30924039123741e-05	0.000153433260627439	0.000107660138474863
Master_mconsumototal	2.26239404205687e-05	1.11120288699202e-05	2.75131464991315e-05
mcheques_depositados	2.20203455253384e-05	7.34187608120017e-05	1.55509088908135e-05
ccaja_seguridad_tend12	2.19444560090126e-05	0.000553002141624616	6.33998593240857e-05
vmr_mpagosdolares	2.09629125934097e-05	8.21180908385064e-05	2.51206989774679e-05
ctarjeta_master_descuentos_avg6	2.05638245562431e-05	1.82155878639257e-05	2.87093702599634e-05
Master_status_tend6	2.02959367785922e-05	0.000163828710950414	6.45960830849175e-05
mprestamos_prendarios_lag1	2.02840697539062e-05	0.000636978393710397	5.62225167590949e-05
ccheques_emitidos_avg12	2.02840636281051e-05	0.000792864271331557	7.4165873171572e-05
ctarjeta_master_debitos_automaticos	2.01601016011498e-05	2.81804569522305e-05	2.75131464991315e-05
mttarjeta_master_debitos_automaticos	2.01218491895439e-05	1.38391834198475e-05	2.87093702599634e-05
cseguro_accidentes_personales	2.00546478215674e-05	7.94696266135809e-05	3.46904890641224e-05
minversion2_lag1	2.00328921172023e-05	0.000161928301402435	1.79433564124771e-05
minversion2_avg12	1.99377281633596e-05	8.74980643206653e-05	1.67471326516453e-05
cinversion2_avg12	1.97407369094069e-05	6.60238566195552e-05	2.27282514558043e-05
ccheques_depositados_rechazados_avg12	1.9639921540906e-05	0.000113237211238497	1.31584613691499e-05
Visa_delinquency_lag1	1.91525745911999e-05	0.000132025137519656	3.7082936585786e-05
Visa_madelantopesos_avg6	1.8773811766059e-05	0.000199204786937065	6.10074118024221e-05
ccaja_seguridad_tend6	1.85524092010914e-05	0.000567739999115334	4.42602791507768e-05
cseguro_vida_lag1	1.85201610428301e-05	3.44855383425896e-05	1.79433564124771e-05
cseguro_vivienda_tend6	1.82645124236149e-05	0.00165104701309748	0.000148331746343144
vmr_msaldodolares_delta1	1.79076492340563e-05	3.4589249135007e-05	3.34942653032906e-05
ccaja_ahorro_delta1	1.79071562884327e-05	0.00235096269272802	0.000151920417625639
Visa_fechaalta_delta1	1.78207738525651e-05	1.00087599540461e-05	4.66527266724404e-05
vmr_msaldodolares2_delta1	1.77819349796751e-05	6.15729637610336e-05	4.78489504332722e-05
minversion1_pesos_tend6	1.77656011821164e-05	1.14302280967477e-05	1.07660138474863e-05
mforex_sell_lag1	1.77604976120394e-05	1.71398223626153e-05	1.67471326516453e-05
mforex_buy_avg6	1.76890344442304e-05	0.000671286153037182	5.98111880415903e-05
cinversion1_tend12	1.74696272868951e-05	4.78082687556295e-05	1.67471326516453e-05
cplazo_fijo_lag1	1.73677277048689e-05	4.76100531748362e-05	1.19622376083181e-05
mtarjeta_master_descuentos	1.73534934231148e-05	0.000117424491508262	1.55509088908135e-05
mforex_sell	1.66213230698802e-05	4.73171800089195e-05	2.39244752166361e-05
ccajas_depositos_delta1	1.65806109286084e-05	0.000615932131500061	6.45960830849175e-05
Master_mconsumosdolares_lag1	1.63844242159794e-05	2.91360478115722e-06	1.55509088908135e-05
mcheques_emitidos_tend6	1.63336553588933e-05	4.47869040682441e-05	1.91395801733089e-05
ccuenta_debitos_automaticos_delta1	1.61558846674508e-05	1.58886843942743e-05	2.15320276949725e-05
minversion2_delta1	1.5587757488304e-05	0.00049423800227509	8.49318870190582e-05
Master_delinquency_tend6	1.55639261875063e-05	0.000417049249110953	6.22036355632539e-05
Master_mconsumosdolares_delta1	1.52100240512372e-05	1.77076150766086e-06	7.17734256499084e-06
mforex_buy_tend12	1.51110820465629e-05	0.000145662400037582	3.34942653032906e-05
ccajas_transacciones	1.49106598895214e-05	0.000110743988509109	6.93809781282448e-05
Visa_delinquency_delta1	1.45645331388594e-05	3.20879663771842e-05	1.67471326516453e-05
mprestamos_prendarios_tend6	1.40016547467742e-05	0.000423810657987948	4.3064055389945e-05
cseguro_auto_avg6	1.39503169934318e-05	0.000149573232791795	2.87093702599634e-05
cseguro_accidentes_personales_lag1	1.37937988658589e-05	9.53218689835582e-06	2.03358039341407e-05
ctarjeta_master_debitos_automaticos_lag1	1.31781798770169e-05	1.33921001364395e-05	1.55509088908135e-05
vmr_mpagosdolares_delta1	1.31737988220266e-05	4.25907564153311e-05	1.79433564124771e-05
Master_mconsumosdolares	1.31203190553101e-05	3.01651339064981e-06	1.55509088908135e-05
ccheques_emitidos_tend12	1.30247609249629e-05	0.000338720594010711	4.06716078682814e-05
vmr_madelantopesos_avg6	1.25364614898953e-05	0.000109345287081796	2.15320276949725e-05
vm_status03_delta1	1.24689705570887e-05	0.000644426509370187	7.4165873171572e-05
mcheques_emitidos_rechazados_avg12	1.23325430629335e-05	0.000521549465924667	4.90451741941041e-05
vm_Finiciomora_delta1	1.22289142852094e-05	0.00045358501421252	5.38300692374313e-05
Master_Finiciomora_tend6	1.20363630930578e-05	0.000182037843151755	2.27282514558043e-05
ctarjeta_master_descuentos_tend6	1.19059217355338e-05	1.27894697639989e-05	1.91395801733089e-05
mtarjeta_visa_descuentos_lag1	1.16910334611768e-05	2.55684347516019e-05	1.55509088908135e-05
cprestamos_hipotecarios_avg12	1.14823067517668e-05	0.000107071480481927	4.06716078682814e-05
ccheques_depositados_rechazados_tend12	1.14471940792899e-05	1.17393741162813e-05	8.37356632582264e-06
ccheques_emitidos	1.11756377379818e-05	2.61987977337276e-05	3.58867128249542e-06
ctarjeta_debito_delta1	1.11739709434395e-05	0.000233286521674997	2.39244752166361e-05
cinversion2_tend6	1.08598459107898e-05	1.20395433268948e-05	7.17734256499084e-06
minversion1_pesos_avg6	1.08186931577069e-05	3.74462809203741e-05	4.78489504332722e-06
cprestamos_prendarios_avg6	1.08018005031879e-05	0.000170670643713382	2.75131464991315e-05
tcuentas_lag1	1.07846946893924e-05	5.27620921087982e-05	2.87093702599634e-05
ctarjeta_master_delta1	1.06594117823015e-05	0.00066838908850395	6.33998593240857e-05
ccajas_transacciones_lag1	1.02817741673067e-05	1.34024903152747e-05	1.79433564124771e-05
vm_mpagosdolares	1.01450412011387e-05	1.36754617048196e-05	1.07660138474863e-05
ccajas_depositos	9.90796600406826e-06	0.000101732571125679	2.63169227382997e-05
cforex_delta1	9.53109375232683e-06	1.09018187444422e-05	5.98111880415903e-06
Master_madelantopesos	9.17583664635178e-06	1.62021851211138e-06	3.58867128249542e-06
tcuentas_delta1	9.02748895416196e-06	0.000281651008790991	4.66527266724404e-05
cprestamos_prendarios	8.8800305608774e-06	0.000127401546137186	1.67471326516453e-05
mcheques_depositados_delta1	8.80106984555102e-06	2.39964236133508e-05	1.19622376083181e-05
mcheques_emitidos_rechazados_tend12	8.79452191461871e-06	0.000737371548546824	5.38300692374313e-05
ctarjeta_master_tend6	8.71128282566481e-06	0.000104346159492971	3.34942653032906e-05
ccajas_transacciones_delta1	8.70552905474685e-06	6.69559549789571e-05	3.1101817781627e-05
cprestamos_prendarios_tend6	7.77717275873028e-06	0.000220921674072513	2.39244752166361e-05
vm_status02	7.76284692471628e-06	0.000154199918308403	5.14376217157677e-05
ctarjeta_visa_tend6	7.73036235626096e-06	8.64648527135548e-05	2.87093702599634e-05
cseguro_vivienda_lag1	7.08444633430074e-06	7.59357816348248e-06	9.56979008665445e-06
mcajeros_propios_descuentos_delta1	7.04566096800697e-06	1.85343218793697e-05	9.56979008665445e-06
mtarjeta_master_descuentos_delta1	6.96481432102691e-06	4.51808522826825e-06	7.17734256499084e-06
Master_mpagosdolares	6.92359515880499e-06	6.27818916278567e-06	1.43546851299817e-05
vm_fechaalta_delta1	6.87132447729803e-06	2.08390316214357e-05	4.42602791507768e-05
ccajeros_propios_descuentos_delta1	6.61580391552845e-06	6.51013462560638e-06	7.17734256499084e-06
cinversion2_lag1	6.46064819824802e-06	5.47982997661859e-05	7.17734256499084e-06
mpayroll2_avg12	6.45747550508355e-06	2.05189988336373e-05	3.58867128249542e-06
Master_Finiciomora	6.41662678127652e-06	0.000121324972282828	1.31584613691499e-05
cforex_buy_avg12	6.28607920599741e-06	2.16782295583112e-05	8.37356632582264e-06
mforex_buy_tend6	6.12915574401657e-06	0.000703959025364088	4.66527266724404e-05
ccajas_extracciones_delta1	6.11478818444687e-06	3.67800871009418e-06	8.37356632582264e-06
cforex_sell	6.09373530182305e-06	6.57266669455195e-06	2.39244752166361e-06
Visa_status_lag1	6.07890397867764e-06	0.000233720044247058	2.03358039341407e-05
ctarjeta_master_descuentos	5.87408523639333e-06	3.77670394927235e-05	4.78489504332722e-06
ctarjeta_visa_descuentos_delta1	5.58715822607469e-06	2.28293620553636e-06	3.58867128249542e-06
ctarjeta_visa_avg6	5.46891669254287e-06	0.00011058863241601	9.92865721490399e-05
Master_madelantopesos_lag1	5.27049765783494e-06	1.85036861314807e-07	1.19622376083181e-06
Visa_cadelantosefectivo_tend6	5.23580685646959e-06	9.16513091149084e-06	4.78489504332722e-06
minversion1_pesos	5.01344730820941e-06	3.35575654953723e-05	2.39244752166361e-06
mtarjeta_master_descuentos_lag1	4.94310783142208e-06	1.10985827561335e-05	8.37356632582264e-06
ccheques_emitidos_tend6	4.80030970409768e-06	2.57642055844339e-06	4.78489504332722e-06
Master_delinquency_delta1	4.76230025062525e-06	2.08475882393e-06	7.17734256499084e-06
mpagodeservicios_lag1	4.75863955137208e-06	1.30146539707393e-05	3.58867128249542e-06
Master_cadelantosefectivo_tend6	4.67075109945388e-06	7.04163811205027e-07	1.19622376083181e-06
Visa_delinquency	4.6012942198783e-06	2.63027377212663e-05	2.39244752166361e-05
cforex_sell_lag1	4.38450097282265e-06	2.17707097897817e-05	5.98111880415903e-06
Master_madelantodolares_tend12	4.27203219824164e-06	9.80191135701475e-08	1.19622376083181e-06
ccajas_otras_lag1	3.87490706559672e-06	0.000214094829988368	3.1101817781627e-05
Master_Finiciomora_lag1	3.82198794832849e-06	0.000187977587518659	1.55509088908135e-05
mcajeros_propios_descuentos	3.79593355753459e-06	9.82887998296196e-06	8.37356632582264e-06
ccheques_emitidos_rechazados_tend12	3.57836099180572e-06	0.000216888756716986	2.03358039341407e-05
Visa_madelantopesos	3.55833824526735e-06	5.14111396651031e-06	9.56979008665445e-06
mcheques_depositados_rechazados_tend12	3.11934367183611e-06	4.77795429670852e-07	1.19622376083181e-06
Visa_Finiciomora_delta1	3.01651280570396e-06	0.000133597645247337	1.79433564124771e-05
Master_msaldodolares_delta1	3.00742970797379e-06	8.32150186893562e-06	9.56979008665445e-06
ctarjeta_master_debitos_automaticos_delta1	3.00261501940382e-06	1.1096214406546e-05	8.37356632582264e-06
ctarjeta_visa_delta1	2.88619657855341e-06	7.77581884431665e-05	1.07660138474863e-05
cinversion1_avg6	2.87617600919315e-06	1.38590469970324e-06	2.39244752166361e-06
Master_msaldodolares	2.80382209137961e-06	1.6563052839702e-05	4.78489504332722e-06
mpayroll2_tend12	2.72167101179212e-06	6.1083173786678e-05	5.98111880415903e-06
mpagodeservicios_avg6	2.67278529613978e-06	1.80982017626003e-05	5.98111880415903e-06
vm_status02_delta1	2.63043619773053e-06	1.03757777417242e-05	8.37356632582264e-06
Master_delinquency	2.57670634800247e-06	3.1945979999499e-07	2.39244752166361e-06
ccheques_depositados_delta1	2.29473338844002e-06	2.69999492804566e-06	1.19622376083181e-06
mcheques_depositados_lag1	2.2567780094304e-06	1.42599474634856e-05	3.58867128249542e-06
Master_mpagosdolares_lag1	2.15006146438219e-06	2.84801677726013e-06	7.17734256499084e-06
ccajas_otras	2.02480817420791e-06	2.65993162083118e-05	9.56979008665445e-06
mcheques_emitidos_delta1	1.87968802752486e-06	6.42586721931809e-06	2.39244752166361e-06
ccajeros_propios_descuentos	1.84869170736669e-06	7.33538985926556e-07	1.19622376083181e-06
vm_status02_lag1	1.74506959911385e-06	0.000253848189000395	1.91395801733089e-05
Visa_cadelantosefectivo	1.70101655525674e-06	3.69038524664785e-06	4.78489504332722e-06
mforex_buy	1.63657340949988e-06	9.90863988519674e-06	2.39244752166361e-06
ccheques_emitidos_rechazados_avg6	1.55989854382627e-06	1.05118050462539e-05	5.98111880415903e-06
Visa_status_delta1	1.52993220127241e-06	9.00442311230886e-05	2.99055940207952e-05
Visa_madelantodolares_tend6	1.52224703837162e-06	4.0261942986335e-07	1.19622376083181e-06
vm_cadelantosefectivo_avg6	1.47331777508235e-06	5.8175986468919e-05	2.27282514558043e-05
mpayroll2_tend6	1.47301243361564e-06	3.49228426341528e-06	1.19622376083181e-06
Visa_madelantopesos_tend6	1.40856731094093e-06	3.74218334407619e-06	3.58867128249542e-06
vm_madelantopesos_avg6	1.40780937417729e-06	5.69407775615128e-05	1.79433564124771e-05
mplazo_fijo_pesos_tend12	1.38166703106982e-06	1.13589102148165e-06	1.19622376083181e-06
mcheques_emitidos_lag1	1.37017963123994e-06	1.45481603286012e-06	1.19622376083181e-06
Master_mpagosdolares_delta1	1.36603971593645e-06	3.64431702725362e-06	4.78489504332722e-06
cinversion2_tend12	1.29478484407755e-06	2.80145196843627e-06	2.39244752166361e-06
vm_status03	1.23323372327933e-06	2.16383114080069e-06	3.58867128249542e-06
cforex	1.19597780741579e-06	3.06701271572375e-06	2.39244752166361e-06
cpayroll2_trx_tend12	1.02761041300442e-06	0.000135125383527978	1.07660138474863e-05
mprestamos_hipotecarios_delta1	1.00852126351299e-06	2.40127728653414e-06	2.39244752166361e-06
ccajeros_propios_descuentos_lag1	1.00214492434398e-06	3.90884639649496e-06	2.39244752166361e-06
cpayroll2_trx_avg12	9.18417130055334e-07	2.48962054606403e-05	3.58867128249542e-06
cprestamos_prendarios_lag1	8.89662668772964e-07	8.18238043026746e-06	3.58867128249542e-06
Master_madelantopesos_avg6	8.2907215287989e-07	8.83317997738149e-07	2.39244752166361e-06
ctarjeta_visa_descuentos	8.24554485761088e-07	4.56549041920378e-06	4.78489504332722e-06
Visa_madelantodolares_avg6	8.11301022126948e-07	4.33980962303369e-07	2.39244752166361e-06
cforex_buy	7.68036013493763e-07	4.01863085962847e-06	1.19622376083181e-06
vm_madelantopesos_tend6	6.65251913139165e-07	5.05711395453028e-06	1.19622376083181e-06
ccajas_depositos_lag1	6.07797447212809e-07	2.59564238928848e-05	7.17734256499084e-06
ctarjeta_master_avg6	5.62527210321861e-07	1.09245854598311e-06	3.58867128249542e-06
mcheques_emitidos_rechazados_delta1	5.56803984184226e-07	7.83274327262617e-07	1.19622376083181e-06
cseguro_auto	4.8850433743725e-07	1.06395049280407e-05	5.98111880415903e-06
cforex_lag1	4.62079310734451e-07	5.65000353431292e-06	1.19622376083181e-06
cseguro_vivienda_delta1	4.0584479154264e-07	7.13942803049905e-06	1.19622376083181e-06
mcajeros_propios_descuentos_lag1	3.96922486579002e-07	1.3498293876005e-05	3.58867128249542e-06
Master_madelantopesos_tend6	3.70683393370086e-07	5.5858670995178e-07	1.19622376083181e-06
minversion1_pesos_lag1	3.54613865657567e-07	5.96556701724472e-06	2.39244752166361e-06
cpagodeservicios_avg6	3.49638541506617e-07	2.49130513020606e-05	4.78489504332722e-06
ccheques_emitidos_rechazados_avg12	2.40553135225304e-07	1.81728047746044e-05	1.19622376083181e-06
vm_cadelantosefectivo_tend6	2.40261247778853e-07	7.03858217709875e-07	1.19622376083181e-06
Master_madelantopesos_delta1	2.06119467003016e-07	1.13757178570499e-07	1.19622376083181e-06
ccheques_emitidos_delta1	1.96867516998237e-07	1.46119529707143e-06	2.39244752166361e-06
ctarjeta_visa	1.83720356453341e-07	1.68423270950844e-05	1.67471326516453e-05
vmr_madelantopesos_tend6	1.78473345347882e-07	3.21400318689208e-06	1.19622376083181e-06
mcheques_emitidos_rechazados_avg6	1.53070566458251e-07	7.94077057316256e-06	4.78489504332722e-06
Master_delinquency_lag1	1.46181226748352e-07	2.41304263609751e-07	1.19622376083181e-06
Master_madelantopesos_tend12	8.24116441520069e-08	6.14586717938466e-07	2.39244752166361e-06
vm_status05_lag1	5.02963798397184e-08	8.09440770285045e-08	1.19622376083181e-06
Visa_madelantopesos_delta1	3.07370130578968e-08	6.16000087853546e-07	3.58867128249542e-06
Visa_cadelantosefectivo_lag1	2.59763272036232e-08	2.82750381389802e-07	1.19622376083181e-06
vm_status06_lag1	2.12654696905594e-08	4.2922134361637e-06	4.78489504332722e-06
mpagodeservicios_tend6	1.22728349109808e-08	1.21026483836437e-06	1.19622376083181e-06
vm_madelantopesos_delta1	5.19833324529326e-09	1.048147489186e-06	1.19622376083181e-06
vm_status04_lag1	9.04344786564086e-12	5.36163787244969e-07	1.19622376083181e-06
