Feature	Gain	Cover	Frequency
ctrx_quarter	0.0871643233746002	0.00307738779655006	0.0013381492768244
ctrx_quarter_normalizado	0.0578510667461803	0.0035714957303713	0.000806722806210546
cpayroll_trx	0.0126393633988777	0.00579858970838553	0.000364157811010808
mprestamos_personales	0.0122693508456223	0.0202365934307537	0.00178419903576587
mcaja_ahorro	0.0117188188670159	0.00520789547149183	0.0024219108005025
mpayroll_sobre_edad	0.011411177983718	0.00724939463379779	0.000426883558361952
mpasivos_margen	0.0110615479101078	0.004020091845803	0.00270591904545352
mcuenta_corriente	0.0088977498649813	0.00185776463151831	0.00316068071374931
mcuentas_saldo	0.00847432570018195	0.0139659378398953	0.00338196321134918
mcomisiones_avg12	0.00737795528736262	0.00276519412322645	0.00337150892012399
mtarjeta_visa_consumo	0.00734915226702272	0.0026045167184871	0.000766648023180649
mcomisiones_mantenimiento_tend6	0.00684032683515089	0.00616340720758251	0.0030265173096927
ctrx_quarter_lag1	0.00620436322234041	0.000926248071966	0.0010785343780655
ccomisiones_mantenimiento_tend6	0.00610884889002154	0.00889777140231013	0.00175457854396117
vm_status01	0.00512964912521883	0.00724110717677053	0.000299689681788799
thomebanking_tend12	0.00505239424139701	0.00286163997969038	0.00614886562228297
mcomisiones_otras_avg12	0.0045951103212711	0.00299121541970717	0.00181904667318317
cliente_edad	0.00447411824036809	0.00151929273346479	0.00636143621052852
mcuenta_corriente_tend12	0.00432430220895399	0.00405601296386094	0.00570978539082497
ctrx_quarter_tend12	0.00424279778620095	0.00338739173643329	0.00531077994239686
numero_de_cliente	0.00419125596039723	0.00267449519014928	0.0106389837035024
mactivos_margen_tend12	0.00416202154191532	0.00153947956103163	0.00494836451325691
active_quarter	0.00408444943536463	4.18655840280802e-05	0.000303174445530529
mrentabilidad_annual_tend12	0.00402946362148709	0.00383085933640542	0.00761769353942226
mrentabilidad_annual_tend6	0.00402233542515316	0.0018914882662667	0.00636492097427025
mcuenta_corriente_avg6	0.00382015699195806	0.00209240915996988	0.00385240631648276
mcuentas_saldo_tend6	0.00377916831720818	0.0034865498889441	0.00377225675042296
mpayroll	0.00369692955248706	0.0042373837845535	0.000439080231458008
Master_fechaalta	0.0036495087733786	0.00104300934056065	0.00310840925762336
Master_Fvencimiento	0.00363309448733518	0.00140825956714607	0.00412073312459599
chomebanking_transacciones_tend12	0.00356788691412301	0.00223128618275028	0.00506858886234661
azar	0.00355240872242437	0.00216967772794606	0.0118691053043331
mprestamos_personales_lag1	0.00350337895056678	0.00133225770737675	0.000724830858279886
mcomisiones_tend12	0.00347075128492467	0.000939006887179825	0.0037356667311348
mrentabilidad_annual_avg12	0.00345078995063827	0.0021094772187602	0.00502154455183325
mcaja_ahorro_tend12	0.00341626749520374	0.00176211843502365	0.00420262507252665
mrentabilidad_annual_delta1	0.00338525835803573	0.00187312756093191	0.0053682785441354
cliente_edad_tend12	0.00331683724599448	0.00125687552081938	0.00644681292220091
mcuenta_corriente_tend6	0.00318958995218631	0.00365985420296088	0.00471837010630272
mcuenta_corriente_delta1	0.0031208623085531	0.00210578353622018	0.00398831210241024
mrentabilidad_avg12	0.00309335988882156	0.00138399061461743	0.00259614898758901
ccomisiones_mantenimiento_tend12	0.00307094903548541	0.00383841719860708	0.00391338968196304
cdescubierto_preacordado_tend12	0.00302824081840506	0.00839800906905031	0.000613318418544519
vm_Fvencimiento_avg6	0.00300493622058757	0.00155079579345674	0.003810589151582
mactivos_margen_avg6	0.00297563040490613	0.00172516452827914	0.00322166407922959
chomebanking_transacciones_tend6	0.00295885780153912	0.0015716620789405	0.00438034802335489
mcomisiones_avg6	0.00292102877010204	0.0012629654945371	0.00240971412740645
ctrx_quarter_delta1	0.00291492228005349	0.00213768705883914	0.00337150892012399
cliente_edad_lag1	0.00290305338973348	0.00261235136173034	0.0041050516877582
ccomisiones_otras_tend12	0.0029005320145598	0.00186642882708331	0.00600599030887203
Master_Fvencimiento_avg12	0.00288935998460965	0.00161188674679351	0.00525502372252917
ctransferencias_recibidas_avg12	0.0028734478960802	0.00146893787948999	0.00309969734826903
ccomisiones_otras_avg6	0.00278139251414429	0.00185593930008925	0.00236963934437655
thomebanking_tend6	0.00277590896381936	0.00202260371599884	0.00361718476391597
Visa_Fvencimiento_lag1	0.00275793463198524	0.00129582383266922	0.00344120419495859
mpasivos_margen_tend12	0.00274267873392331	0.00252651523431282	0.00397960019305591
Visa_fechaalta	0.00273903485243058	0.00100751383266437	0.00299863919975885
cmobile_app_trx_tend12	0.00271929479408868	0.00314094336644164	0.00401096306673148
mcuentas_saldo_lag1	0.00269107539833739	0.00245458664251198	0.00243759223734029
mrentabilidad	0.00265890334746074	0.00119012194369309	0.00355271663469396
mpasivos_margen_lag1	0.00265177720666891	0.00122052673651206	0.00227555072334983
mpasivos_margen_avg12	0.00264565253334038	0.00215365194747803	0.00261357280629767
mtransferencias_recibidas_tend6	0.00264370882492042	0.00190246619317871	0.0031362873675572
chomebanking_transacciones_avg12	0.00259144966100936	0.00135537651605718	0.00363635096449548
Master_mfinanciacion_limite_tend12	0.00258549042865029	0.0011172681124104	0.00354923187095223
ctransferencias_recibidas_tend6	0.00257955452357895	0.00173823080769001	0.00349696041482628
mtransferencias_recibidas_tend12	0.00257755769428427	0.00159788273321377	0.00348127897798849
mactivos_margen_tend6	0.00257311719548275	0.00178514297998935	0.00499715120564114
Visa_Fvencimiento	0.00256637350953316	0.001123578878319	0.00405103784976138
tcallcenter_tend12	0.00255732105538874	0.0014395364574869	0.00277735670215899
mrentabilidad_annual_avg6	0.00255693873841098	0.00175735843375087	0.00370081909371749
mcuenta_corriente_avg12	0.00253568212923421	0.00281395788161366	0.004779353471783
mrentabilidad_annual_lag1	0.00252153337238431	0.00124835098105993	0.00279303813899677
cliente_edad_avg6	0.00251995760676896	0.00198861532041411	0.00485253351035933
chomebanking_transacciones	0.00249901041164302	0.00304968201428798	0.00267804093551967
cdescubierto_preacordado	0.00248905478853161	0.00128543600293786	0.000331052555464371
mrentabilidad_lag1	0.00243936010878595	0.000962558581409288	0.00285227912260619
cprestamos_personales_avg12	0.00238634988544296	0.000719187383957621	0.00135557309553306
Visa_Fvencimiento_avg6	0.00235586169757668	0.00146351154762968	0.00396391875621813
Visa_mfinanciacion_limite	0.00235358211345295	0.000596104594533895	0.00279478052086764
cliente_antiguedad_avg12	0.0022824277316099	0.00127324150472766	0.00306484971085173
ctransferencias_recibidas_tend12	0.00227552689583515	0.00198424898086275	0.00451276904554064
mprestamos_personales_tend12	0.0022684835629296	0.00349779985207983	0.00179813809073279
mcaja_ahorro_dolares_tend12	0.0022481614062569	0.00323767723334941	0.0027564481197086
mactivos_margen	0.00224103651965733	0.00311083749714758	0.00289758105124868
Visa_mpagospesos_tend6	0.00223666908466886	0.00239994215687449	0.00244107700108202
cprestamos_personales	0.00222456393067262	0.00209555307628103	0.000733542767634211
chomebanking_transacciones_delta1	0.00219735336112061	0.00182930568850195	0.00312757545820287
mcuentas_saldo_avg6	0.00219412287134331	0.00115949667500444	0.00211699397310111
ctrx_quarter_avg12	0.00218118590767042	0.00125537663285878	0.00195669484098152
mcomisiones_mantenimiento	0.00215079649884389	0.00286182186437484	0.00164480848609666
vm_msaldototal	0.00214304808657199	0.000886699856978616	0.000585440308610677
cpayroll_trx_avg6	0.00212098748045114	0.00215203870940711	0.000684756075249988
vm_Fvencimiento	0.00211256475068764	0.00134095622379091	0.00339938703005783
mtarjeta_visa_consumo_tend12	0.00210380374879918	0.00339568314747543	0.00261879995191026
ctarjeta_visa_transacciones_tend12	0.00209508494066421	0.00213094657059342	0.00260834566068507
mcomisiones_mantenimiento_tend12	0.00208581619916747	0.00179157205002316	0.0036903648024923
cliente_antiguedad	0.00207119698311066	0.00130426423099202	0.00459117622972957
mcaja_ahorro_avg12	0.002058848852496	0.00212585474839193	0.00311015163949422
mcuentas_saldo_tend12	0.00203062070575578	0.0022399597097904	0.00470791581507753
ccomisiones_otras_tend6	0.00201805980072365	0.00128432413395368	0.00400050877550629
Master_Fvencimiento_avg6	0.00201114784879579	0.0012479445083303	0.00349173326921368
Master_Fvencimiento_tend12	0.0020095520765451	0.00100386348612743	0.00274250906474168
Master_fultimo_cierre_avg12	0.00200899119228215	0.00103037104372036	0.00337673606573658
vm_msaldopesos	0.00198831022504064	0.000444951304515588	0.000484382160100501
mcaja_ahorro_dolares_tend6	0.00198613568336661	0.0012671760459022	0.0020873734812964
ctarjeta_visa_transacciones	0.00198402242443144	0.00407124256389279	0.000928689537171104
mttarjeta_visa_debitos_automaticos_tend12	0.00197920963839909	0.00198761416384657	0.00250380274843316
cproductos_tend12	0.00197513867643395	0.00199863321251332	0.00286796055944397
ccallcenter_transacciones_avg6	0.00197460791695639	0.00338342902272085	0.00131201354876143
mautoservicio_tend12	0.00195399835950957	0.00141045119851359	0.00195146769536892
ccallcenter_transacciones_avg12	0.00195234813512984	0.00241193246975629	0.00235918505315136
ctrx_quarter_normalizado_tend6	0.00194585019004791	0.00146854247800202	0.00280349243022196
ccajas_transacciones_tend12	0.00194107290565173	0.00121808030842569	0.00224070308593253
mcomisiones_mantenimiento_avg12	0.00192264897993068	0.00147739108882101	0.00319901311490834
Visa_mconsumospesos_tend6	0.00191672907194441	0.00132081795152679	0.00202464773394526
mrentabilidad_annual	0.00189571245296565	0.00234374311074689	0.00296204918047069
mv_status07_avg6	0.00188220846534665	0.0002276259938795	0.000466958341391849
mcomisiones_tend6	0.00185849390480055	0.0034500622396342	0.00362938143701202
mpasivos_margen_tend6	0.0018528886923448	0.00194219550204758	0.00340809893941216
cpagomiscuentas_tend12	0.00184040471065691	0.00325384678179847	0.001717988524673
Visa_status_delta1	0.00183188878735027	0.000102254936964593	2.09085824503813e-05
mactivos_margen_avg12	0.00183113656133891	0.00365870769680636	0.00383324011590324
mcaja_ahorro_avg6	0.00180457273671356	0.00276992265054079	0.00246372796540327
Visa_cconsumos_avg6	0.00179277588834472	0.00103413890357953	0.0019026810029847
mcuenta_debitos_automaticos_tend12	0.00179054786280054	0.00455841404849087	0.00225812690464118
mrentabilidad_tend6	0.00178883571909654	0.00157992691900265	0.00442390757012651
ctarjeta_visa_debitos_automaticos_avg12	0.00177586077810492	0.00147854060002684	0.0014531464803015
mrentabilidad_tend12	0.00176711249467768	0.00187308359228645	0.00490306258461442
ccomisiones_otras_avg12	0.0017547301338561	0.0024485150154233	0.00289409628750695
mcuentas_saldo_delta1	0.00174410896769684	0.00497014277102362	0.00334014604644842
vm_mpagominimo	0.0017135595108879	0.00117406326582126	0.000773617550664109
Master_mfinanciacion_limite_delta1	0.00171158180954446	0.000569005358154363	0.00273205477351649
ccajas_consultas_tend12	0.00170660275708989	0.00153534745732174	0.00182950096440837
cproductos_avg12	0.00170139949545572	0.00154931572660697	0.00268326808113227
mcomisiones_mantenimiento_avg6	0.00169932376590955	0.00188900925709772	0.00195146769536892
cliente_edad_avg12	0.00167981811308453	0.00175679506571081	0.00441171089703046
mcuenta_corriente_lag1	0.00166614015158262	0.00233344843760609	0.00293242868866598
Visa_mfinanciacion_limite_delta1	0.00166517647425588	0.000601725938408071	0.00287841485066916
ctarjeta_debito_transacciones_tend6	0.00165162452338174	0.000877572250869715	0.00151935699139438
cextraccion_autoservicio_tend12	0.00164286021194554	0.00179417648054412	0.0016430661042258
mrentabilidad_delta1	0.00163887596280111	0.00200459444350656	0.00409633977840387
ccallcenter_transacciones_tend6	0.00163839682517168	0.00179865843549056	0.00172495805215646
Visa_mfinanciacion_limite_tend6	0.00162242953522562	0.00145204411367556	0.00307181923833519
vmr_Master_mlimitecompra	0.00161588256528246	0.000845850138453429	0.00218146210232312
Visa_fechaalta_lag1	0.00161548863843906	0.000558180214377308	0.00189919623924297
ccajas_otras_tend12	0.00161182429499615	0.00219180471153407	0.00108027675993637
cproductos	0.00160949226098864	0.00122246594356966	0.00110118534238675
vmr_Master_mlimitecompra_tend6	0.00160642895095569	0.000862764306984632	0.00171450376093127
ctarjeta_debito_transacciones_tend12	0.00159749694584353	0.00103461607409521	0.00200373915149488
vm_Fvencimiento_lag1	0.00158526881793492	0.00160112755598465	0.00316939262310364
mcaja_ahorro_delta1	0.00157484146102093	0.00169154164182988	0.0025020603665623
mcaja_ahorro_lag1	0.00156765569217557	0.0011787853085512	0.00206994966258775
mcaja_ahorro_tend6	0.0015637762740325	0.00192620815460418	0.00334537319206101
active_quarter_tend12	0.00156058296348369	0.00216622792904381	0.00356839807153175
thomebanking_avg12	0.00155851049588412	0.000810923534218037	0.00349521803295541
ctarjeta_visa_debitos_automaticos_tend12	0.00153267699407661	0.00253568491114004	0.00232433741573406
ctransferencias_recibidas_avg6	0.0015318463575463	0.00227099556338416	0.00234350361631357
cmobile_app_trx_avg12	0.00152113976369121	0.00182592120992552	0.00350915708792233
mcaja_ahorro_dolares_delta1	0.00151725509772259	0.00274330770190372	0.00199328486026969
cliente_edad_tend6	0.00150813261569775	0.000543665342075109	0.00334188842831928
ccajas_consultas_tend6	0.00148137535641808	0.00631872913640819	0.00142004122475506
Visa_msaldototal_tend6	0.00147050776861348	0.000572516997849325	0.0012632268563772
ctrx_quarter_tend6	0.00146487938996262	0.00203462075802124	0.00376877198668123
Master_mfinanciacion_limite	0.00146442408808154	0.000628248363096952	0.00257001325952604
mpasivos_margen_delta1	0.00146080809100106	0.00177823610679749	0.00314325689504066
active_quarter_avg12	0.00145873026001761	0.00036860402200638	0.00230342883328368
vm_mfinanciacion_limite_tend6	0.00145608082661347	0.000716609049934864	0.002312140742638
mprestamos_personales_delta1	0.00145089085217908	0.00425613657000377	0.00109247343303242
mactivos_margen_lag1	0.00144732947568443	0.00124701705460011	0.00269546475422833
mcaja_ahorro_dolares_lag1	0.00144399310951663	0.001180330221245	0.0014932212633314
mttarjeta_visa_debitos_automaticos_tend6	0.00144357345312754	0.00160977878238084	0.00178245665389501
mtransferencias_emitidas_tend12	0.00144138381205864	0.00336391896434083	0.00223896070406167
mrentabilidad_avg6	0.00143431747295336	0.0010607468931504	0.00287318770505657
ccuenta_debitos_automaticos_tend12	0.00142626454027659	0.00160981927149321	0.00181381952757058
ctarjeta_debito_avg12	0.00141669318244911	0.00230044917838366	0.00314499927691152
mcuenta_debitos_automaticos_tend6	0.00141048054352305	0.00166283454483967	0.00152632651887784
cproductos_tend6	0.00140928135547306	0.0026613370194326	0.00149670602707313
mactivos_margen_delta1	0.00140596812806982	0.00220786370572709	0.00445004329818949
mcomisiones_mantenimiento_delta1	0.0013998576048251	0.00180432849282805	0.00212047873684284
vmr_mpagominimo	0.00138902668049093	0.000658209515446413	0.000994900048263978
Master_fechaalta_lag1	0.00138756372167614	0.00178128291250319	0.00235918505315136
ccallcenter_transacciones_tend12	0.00137437312183996	0.00214558227759034	0.00278955337525504
ctarjeta_debito_tend12	0.00135846456111257	0.00106523485819946	0.00188525718427605
Master_mfinanciacion_limite_avg12	0.00134414892430695	0.000761928703201258	0.00282962815828494
ctransferencias_emitidas_tend12	0.00134139846067154	0.00176480052239685	0.00222676403096561
tcallcenter_tend6	0.00133212697798136	0.00313718088404271	0.00150367555455659
vmr_msaldopesos2_tend6	0.00132427633945384	0.0012448480401977	0.00232433741573406
mtransferencias_recibidas_avg12	0.00131881796063718	0.00144410207938819	0.00261357280629767
Visa_mpagominimo	0.00131844578592557	0.000806168594084302	0.00118656205405914
cseguro_vida_tend12	0.00131729365436849	0.000619535137747444	0.000848539971111309
mcomisiones	0.0013137240892034	0.00104629338715914	0.00234350361631357
Master_mfinanciacion_limite_tend6	0.00131085154174122	0.00214931344419142	0.00238532078121434
ccuenta_debitos_automaticos_avg12	0.00130872955596533	0.00111992141455528	0.0012736811476024
ccomisiones_mantenimiento_avg12	0.00130015508463312	0.00355887704544481	0.00296379156234155
mprestamos_personales_tend6	0.0012969466836139	0.00272924358729781	0.0010785343780655
Master_Fvencimiento_lag1	0.00129628973515918	0.00123489277969418	0.00336802415638226
Visa_cconsumos_delta1	0.0012918121855523	0.000853168229192783	0.000853767116723904
mpasivos_margen_avg6	0.00128111201569141	0.00146568799558006	0.00232433741573406
cmobile_app_trx_avg6	0.00127538239906983	0.00180824976846455	0.00236266981689309
vmr_msaldopesos2_avg6	0.00126946795912417	0.000686501440874259	0.00148625173584794
mtransferencias_recibidas	0.00126442329096972	0.00164206726788849	0.00166571706854705
chomebanking_transacciones_avg6	0.00125900432701756	0.00103247600308172	0.00280523481209283
cproductos_avg6	0.00125039542571528	0.00132575873035988	0.00170927661531867
ctransferencias_emitidas_avg12	0.00124424526256329	0.000783312964634262	0.00132246783998662
mcuentas_saldo_avg12	0.00123324874270402	0.00198929715073996	0.0028365976857684
cmobile_app_trx_tend6	0.00122189242804278	0.00225956814406063	0.0024219108005025
mautoservicio	0.00121482022320474	0.00221838091082531	0.000987930520780517
vmr_msaldopesos2	0.00121435515058344	0.00142347461640316	0.0018329857281501
Visa_cconsumos_tend6	0.00120997000530813	0.00132997608263057	0.00200722391523661
cprestamos_personales_tend12	0.00120393964050458	0.00155028667450083	0.00173715472525251
Visa_mfinanciacion_limite_avg6	0.00120138989529852	0.000768003335341243	0.00191487767608076
vmr_mconsumospesos_tend6	0.00119134283037262	0.000709382692340719	0.00128065067508586
mtransferencias_recibidas_delta1	0.00118897193741723	0.00102015893041025	0.00214487208303495
vm_mfinanciacion_limite_delta1	0.00118366828301325	0.000227656518874371	0.00145663124404323
mcomisiones_mantenimiento_lag1	0.00118107411587205	0.0023852987000084	0.0012283792189599
Master_mlimitecompra	0.00118077641634462	0.000363348345428279	0.000879902844786881
vm_fechaalta_avg6	0.00117780887266133	0.000633953690247173	0.00165003563170926
ctarjeta_visa_transacciones_avg12	0.00117756647803041	0.00078589256394178	0.00129807449379451
vmr_Visa_mlimitecompra_tend6	0.00117631408651074	0.000545604390972115	0.00136080024114565
cseguro_accidentes_personales_tend12	0.00117562987471461	0.000976326777541604	0.000796268514985355
Master_status	0.00116700302860254	0.0012114862768911	8.53767116723904e-05
ctarjeta_visa_debitos_automaticos_tend6	0.00116128365134506	0.00128712088775839	0.00121966730960558
vm_mpagominimo_tend6	0.00115981717314312	0.000881133552991565	0.00117959252657568
vm_mconsumospesos_tend6	0.00115349061536926	0.000623272630772334	0.00103149006755215
thomebanking_avg6	0.00114502620302676	0.00038061884978044	0.00160996084867936
mcomisiones_otras	0.00114254266605326	0.00105186158907333	0.00138693596920863
Visa_mpagominimo_tend6	0.00113211688356724	0.000911797571026042	0.00177374474454068
ccajas_transacciones_tend6	0.00113126549618937	0.00141533298344467	0.0010837615236781
mprestamos_personales_avg6	0.00112734545054136	0.000590292350821327	0.000677786547766528
Visa_mconsumospesos_lag1	0.0011178447722727	0.000548028202093373	0.0012336063645725
mextraccion_autoservicio_avg12	0.00111780975825425	0.000699068407286121	0.00114126012541665
matm_other_tend12	0.00111032519098555	0.000809628040782851	0.00112209392483713
vmr_msaldopesos2_lag1	0.00109851291416105	0.000834367204760986	0.00142004122475506
mv_status07	0.00109735835452936	0.000536398811689786	0.000479155014487905
mpagomiscuentas_tend12	0.00109236841392513	0.00127483354927882	0.00152632651887784
vmr_msaldototal	0.00109029134285656	0.000449697862137778	0.000583697926739812
mtransferencias_emitidas_delta1	0.00108945515121629	0.000969440307066518	0.00095482526523408
mtransferencias_recibidas_avg6	0.00108938735309991	0.00101729495835259	0.00185215192872961
mtarjeta_visa_consumo_avg12	0.00108659368744475	0.000700054854918309	0.000973991465813596
mcaja_ahorro_dolares_avg12	0.00107685244108782	0.00177950534557387	0.00228948977831675
mcomisiones_delta1	0.00107355878919067	0.00117912266510074	0.00267281378990708
mautoservicio_avg12	0.00106739892012855	0.00125136077718636	0.00165177801358012
ctrx_quarter_avg6	0.00106218806007378	0.0011289890777986	0.00132421022185748
Visa_mconsumospesos	0.00105893369926867	0.00058649823630336	0.0013085287850197
vmr_Visa_mlimitecompra	0.00105884257828612	0.000672065016227273	0.00169359517848089
mttarjeta_visa_debitos_automaticos_delta1	0.00105609547540589	0.00157028054614154	0.00139739026043382
Visa_mconsumosdolares_tend6	0.00105575887384533	0.00098221335673391	0.000818919479306602
vmr_msaldopesos_avg6	0.00105285769874326	0.00051033900674183	0.000609833654802789
vmr_mpagado_tend6	0.00105030984918028	0.000830447036248654	0.00120921301838039
vmr_Visa_mlimitecompra_lag1	0.00104829675644957	0.000498309470032417	0.00101929339445609
vm_fechaalta	0.00104001584031404	0.00093207834598642	0.00222502164909475
mcaja_ahorro_adicional_tend6	0.00103689812922195	0.000364003446613548	0.000376354484106864
tcallcenter_avg12	0.00102894827251871	0.00194228881679875	0.00161867275803369
Master_delinquency_avg6	0.00102672392818701	8.31080153111192e-05	5.05290742550882e-05
matm_avg12	0.00102629550209989	0.000622516939448525	0.00121095540025125
Master_fultimo_cierre_tend12	0.00102065985062046	0.00216361685577785	0.00276516002906293
mcomisiones_otras_avg6	0.00101881420010411	0.00149221975174406	0.00155768939255341
cliente_antiguedad_lag1	0.00101344116599602	0.000895748224629328	0.00284008244951013
vmr_Master_mlimitecompra_avg6	0.00100957474866333	0.00104845338640762	0.00176329045331549
vmr_mpagominimo_avg6	0.00100646858981029	0.000781762674480228	0.00105414103187339
matm_tend12	0.00100474320174952	0.00101765018704938	0.00134511880430786
Visa_mpagospesos_avg6	0.00100455908074179	0.000615480058247416	0.00136080024114565
vm_mpagospesos_tend6	0.00100379176142947	0.00137293898486806	0.00137125453237084
mcaja_ahorro_dolares_avg6	0.00099844249732954	0.00217110844869013	0.00197063389594844
mcaja_ahorro_dolares	0.00099840801502305	0.00126374554259257	0.00193230149478941
mttarjeta_visa_debitos_automaticos_avg12	0.000992310877850814	0.00113743738415117	0.00120921301838039
cpagomiscuentas_tend6	0.000989886389629356	0.00218507893222369	0.00109944296051588
Master_status_tend12	0.000988649566318119	0.000506184444227429	0.000507033124421747
Visa_cconsumos_lag1	0.000986483054781533	0.000557619376906771	0.00094785573775062
vmr_msaldopesos2_delta1	0.000984614222340715	0.00129954456067102	0.00199676962401142
cplazo_fijo_tend12	0.000984193847070238	0.00188607379645103	0.000728315622021616
Visa_fultimo_cierre	0.000968080559228569	0.00105041394514557	0.00113603297980405
Master_fechaalta_avg6	0.000964254079954911	0.00109952201914851	0.00229820168767108
mtransferencias_recibidas_lag1	0.000959653641786792	0.000826831168721463	0.00128762020256932
mtransferencias_emitidas_tend6	0.000958712284535002	0.00105360831468659	0.00149147888146053
mcuenta_debitos_automaticos_avg12	0.000933040132003779	0.000790673442413127	0.00121618254586385
Visa_mpagominimo_delta1	0.000925878740089222	0.000849661966958058	0.00133117974934094
cprestamos_personales_tend6	0.000921801253543628	0.00115954554662835	0.000916492864075048
mautoservicio_avg6	0.000915329432850544	0.00204168389388115	0.00112906345232059
vmr_mpagospesos_lag1	0.000914165215006187	0.000382915657943762	0.00078755660563103
vm_msaldopesos_avg6	0.000914110767101168	0.000332612364322991	0.000421656412749357
vm_fultimo_cierre_avg6	0.000911139191839269	0.000639641936053114	0.00143398027972199
cdescubierto_preacordado_avg12	0.000909911366874606	0.00296140009142647	0.00055233505306424
vm_Fvencimiento_tend6	0.000909633834018954	0.000811232263699844	0.00106459532309858
mcuenta_debitos_automaticos	0.000908830827818757	0.00147927604679446	0.000939143828396294
Visa_Fvencimiento_tend6	0.000908380719223075	0.000980007332752227	0.00086944855356169
Visa_mfinanciacion_limite_lag1	0.000898857751874131	0.000484941420205927	0.00167094421415964
vmr_mpagospesos_tend6	0.000895804628941323	0.00131648783075173	0.0016378389586132
mautoservicio_tend6	0.000893302460524544	0.000944668087523989	0.00140784455165901
ctarjeta_visa_transacciones_tend6	0.000890765651738988	0.00110374949369729	0.00145488886217237
cextraccion_autoservicio_tend6	0.000889199670030461	0.000984847679607364	0.00108201914180723
cextraccion_autoservicio_avg6	0.000887076330355087	0.000359257679794333	0.00062725747351144
vmr_Master_mlimitecompra_lag1	0.000879971660349488	0.000533274981774225	0.00114126012541665
ccomisiones_mantenimiento_avg6	0.000878174245013008	0.00262288659713642	0.00111338201548281
Visa_mpagospesos_lag1	0.000876898870727016	0.000903337718950025	0.00135557309553306
mttarjeta_visa_debitos_automaticos	0.000875481042828005	0.000991698405787937	0.00100535433948917
vm_mfinanciacion_limite	0.00087314832466565	0.000332523952550281	0.00118656205405914
Visa_mpagospesos_delta1	0.000870687762679198	0.0010477078173619	0.00179116856324933
mtransferencias_emitidas_avg12	0.000870351658557141	0.00107151620623736	0.0015280689007487
Master_msaldototal_avg6	0.000868059726464358	0.00021855026444582	0.00024219108005025
mtarjeta_visa_consumo_tend6	0.000865323473691178	0.000848530486060082	0.00108724628741983
ctarjeta_debito_avg6	0.000864497660172012	0.000544204827865296	0.00144791933468891
catm_trx_other_avg12	0.000857797187536223	0.000792112545668743	0.000817177097435737
ccajas_extracciones_avg12	0.000855838826617556	0.00153741572342502	0.000775359932534974
ctarjeta_visa_tend12	0.000849769495498813	0.000698213549269129	0.0006342270009949
Visa_fechaalta_avg6	0.000848567747518174	0.00077000612295811	0.00158556750248725
vm_cconsumos_avg6	0.000847161464897799	0.0019826137584691	0.000820661861177467
ctarjeta_visa_debitos_automaticos_avg6	0.000845511146870413	0.000765507877470365	0.000843312825498713
Visa_msaldopesos_delta1	0.000841082544497128	0.000621212114538223	0.00086596378981996
ctarjeta_visa_debitos_automaticos_lag1	0.000835073905049956	0.000595024199508165	0.000440822613328873
vmr_mpagospesos_avg6	0.000830225849497556	0.000429592170956275	0.000900811427237262
vm_mpagado_avg6	0.000827824760939342	0.000881630651742242	0.00087293331730342
mforex_sell_tend12	0.000825295240327134	0.000828307756038139	0.000961794792717541
mtarjeta_visa_consumo_avg6	0.000822467185399949	0.000295505516282931	0.000412944503395031
Visa_fultimo_cierre_avg6	0.000814710796668244	0.000678600212020446	0.00154375033758649
Visa_mpagominimo_lag1	0.000814611983802505	0.000657265454853735	0.00110292772425761
cproductos_delta1	0.000810564554029272	0.00412173707367314	0.000487866923842231
Visa_mconsumospesos_delta1	0.000810028989505643	0.00062230674401752	0.0013033016394071
Master_fultimo_cierre_lag1	0.000809806865064853	0.000322544967957482	0.000998384812005708
ctransferencias_emitidas_tend6	0.000808937284372823	0.00108108998338528	0.00166920183228878
Visa_mconsumospesos_avg6	0.000804321373806137	0.000852437843564205	0.00163261181300061
Master_fultimo_cierre	0.000798863076628331	0.000386158582787499	0.00113429059793319
mautoservicio_delta1	0.000795600894095203	0.000952385533766193	0.00109595819677415
Visa_mpagado_avg6	0.0007947242640261	0.00171421981509212	0.00147579744462275
cpayroll_trx_tend12	0.000793561524559028	0.00260275623290206	0.00117088061722135
vmr_msaldopesos_tend6	0.000781089249149831	0.000600721460468032	0.000979218611426192
ccallcenter_transacciones_delta1	0.000780605166163026	0.00127135464882707	0.000775359932534974
Visa_msaldototal	0.000776984903182976	0.000531362503857211	0.000721346094538156
ctarjeta_debito_transacciones_avg6	0.000776933536941442	0.00085694462972409	0.00111338201548281
ctarjeta_visa_transacciones_delta1	0.000776760005716665	0.00241524609238608	0.000900811427237262
mextraccion_autoservicio_tend12	0.000773978698383477	0.00127617617457138	0.00150716031829832
Master_mlimitecompra_avg12	0.000772316975165608	0.000589774216711491	0.00150541793642746
vm_mpagominimo_lag1	0.000771146512276502	0.000454974257753849	0.000608091272931923
Master_mconsumospesos_avg12	0.000771081895435999	0.00141819315964805	0.00142526837036766
ccuenta_debitos_automaticos_tend6	0.000769545115044097	0.00220328622178115	0.00105588341374426
vm_fechaalta_lag1	0.000767268884745662	0.000618845083070638	0.00164480848609666
vmr_msaldopesos_delta1	0.00076594250736639	0.000660654203766236	0.000735285149505076
ccomisiones_mantenimiento_delta1	0.000765712558600087	0.00294695496794675	0.000437337849587143
Visa_mpagado_tend6	0.00076498107136909	0.00110469054923866	0.0015332960463613
mautoservicio_lag1	0.000761950453930235	0.000749706526886905	0.000667332256541337
matm_tend6	0.000758711479412083	0.000886591516970912	0.00102452054006868
ccomisiones_otras_lag1	0.000757092015245866	0.000726108491603053	0.00106982246871118
Visa_mpagominimo_avg6	0.00075566939254462	0.000695136534889745	0.00116913823535049
vmr_mpagado_avg6	0.000755210391378509	0.00141783824727245	0.00124231827392682
vm_mpagominimo_avg6	0.00075294687879697	0.000536589869688773	0.000777102314405839
vm_cconsumos_tend6	0.000751540280721681	0.000852203449562136	0.00135905785927479
mpayroll_avg12	0.000749980600545252	0.00074785683872618	0.000597636981706733
mpagomiscuentas_tend6	0.000745781938122782	0.00122911027017351	0.00108027675993637
ctarjeta_debito_transacciones_delta1	0.000745031873037086	0.00127580180844257	0.000886872372270341
Visa_cconsumos	0.000742989684083657	0.000679421698151853	0.00094437097400889
matm_other_tend6	0.000741767973425429	0.000588887884736057	0.0006342270009949
Master_mpagospesos_tend6	0.000740981592211385	0.0013652202733411	0.000766648023180649
tcuentas_avg12	0.000740898921113523	0.000212312885053386	0.000679528929637393
mextraccion_autoservicio_tend6	0.000739850458505362	0.000727111387937141	0.0010489138862608
mttarjeta_visa_debitos_automaticos_avg6	0.000722771307382873	0.00149452019760107	0.000977476229555327
ctarjeta_debito	0.000717620756032437	0.000107077727993664	0.000599379363577598
chomebanking_transacciones_lag1	0.000712505024739318	0.000975315024214185	0.00194624054975633
ccajas_consultas_avg12	0.000711642326842062	0.000923477098338304	0.00124406065579769
Master_mpagospesos_avg12	0.000711007349758369	0.000842088446857475	0.0010785343780655
Visa_msaldototal_delta1	0.000708874748079068	0.000326425596321018	0.000958310028975811
vmr_mconsumospesos_delta1	0.00070788678042716	0.000731506829038014	0.000897326663495532
ctarjeta_master_transacciones_tend12	0.000706570446081174	0.000999722999905996	0.000695210366475179
mcuenta_debitos_automaticos_avg6	0.000703055083603598	0.00114340098755333	0.000827631388660927
cseguro_vivienda_avg12	0.000702681202320546	0.000286727445089395	0.00071611894892556
vmr_msaldopesos_lag1	0.000702334751934418	0.000594961884233661	0.000442564995199738
ctarjeta_visa_debitos_automaticos_delta1	0.00070076752018227	0.000477101873984238	0.000463473577650119
ctarjeta_debito_transacciones_avg12	0.000698918980234801	0.000688193284760986	0.00149844840894399
Visa_msaldopesos_tend6	0.000698005928040301	0.000656608139420134	0.00116739585347962
vm_msaldototal_tend6	0.000697684571921386	0.000492513833182344	0.000831116152402658
mprestamos_personales_avg12	0.000695760092200882	0.00239777962705648	0.00101232386697263
catm_trx_other_tend6	0.000695582789995466	0.00158393091263044	0.000684756075249988
tcuentas_tend12	0.000695104343666833	0.000526920405380757	0.000832858534273523
ctransferencias_recibidas_lag1	0.000695066371194544	0.0012277399667768	0.0007091494214421
Master_mpagospesos_avg6	0.000689065040259034	0.000602418998136186	0.000562789344289431
mpayroll_tend12	0.000685877692910055	0.000944210054440324	0.000907780954720722
cpagomiscuentas_avg12	0.000685439539774446	0.000778385471291176	0.000975733847684462
Visa_msaldodolares_avg6	0.000685174681829988	0.000788727118128742	0.000223024879470734
Master_mfinanciacion_limite_lag1	0.000679161833724838	0.00029109030510766	0.000789298987501895
catm_trx_other_tend12	0.000678982759474297	0.00117096410895855	0.00119178919967174
ctransferencias_recibidas	0.00067372269085744	0.00344479976215051	0.000890357136012071
Master_mpagospesos_tend12	0.000672558450540756	0.00277511379759605	0.0015681436837786
ccajas_transacciones_avg12	0.000672108890979924	0.00107650459140959	0.00123012160083077
Master_mconsumospesos_tend12	0.000669642217845177	0.0012675474069797	0.00139042073295036
ccajas_extracciones_tend12	0.000668943572868958	0.00123759179025107	0.00125103018328115
mcomisiones_lag1	0.000665351786200043	0.000833253912331457	0.00203335964329958
mttarjeta_master_debitos_automaticos_tend12	0.000663948365277848	0.000988424481467543	0.000411202121524166
cseguro_vivienda_tend12	0.000663319148156873	0.000213665790784625	0.000411202121524166
ccajas_extracciones_tend6	0.000662396189570753	0.00192324422505036	0.000609833654802789
Visa_mpagospesos	0.000660462609928578	0.00055849337235578	0.00121269778212212
cforex_tend12	0.000660138593084824	0.00160912826785283	0.000850282352982174
cforex_sell_tend12	0.000658493847529199	0.000983775350771988	0.00071960371266729
ccuenta_debitos_automaticos_avg6	0.000658403326713993	0.000718167564439848	0.000726573240150751
ccaja_seguridad_avg6	0.000658214628946175	0.000665894538766604	0.000139390549669209
ctarjeta_visa_transacciones_lag1	0.00065768716265578	0.000678834606022515	0.000576728399256351
ctransferencias_emitidas_lag1	0.000657423259153635	0.00031961314500448	0.000325825409851776
Visa_mconsumosdolares	0.000655823258640727	0.000310625669182915	0.000329310173593506
mcomisiones_otras_tend6	0.000654915092775136	0.00191972784053754	0.00154375033758649
mv_status07_tend6	0.000651542420044733	0.00015417320842283	0.000498321215067421
vmr_msaldopesos	0.000649570383061961	0.00059430488512125	0.000616803182286249
vmr_mpagominimo_tend6	0.000645929217995477	0.00107882623078636	0.00133640689495354
cextraccion_autoservicio_avg12	0.000642158320297611	0.000533160473503309	0.00123534874644336
Visa_fultimo_cierre_tend6	0.000634462528227956	0.000709701544100618	0.000918235245945913
cdescubierto_preacordado_delta1	0.000630461663511606	0.00321167373357334	0.000134163404056613
ccajas_depositos_avg12	0.000628733555646253	0.0013654435961015	0.000576728399256351
ccomisiones_otras_delta1	0.000627071530605137	0.00190287519647787	0.000890357136012071
cproductos_lag1	0.000626682363331886	0.00126480885627402	0.000770132786922379
Master_mfinanciacion_limite_avg6	0.000622386218211776	0.000307369458849182	0.000984445757038787
mcuenta_debitos_automaticos_lag1	0.000617841682564954	0.000769430734712816	0.000602864127319328
vm_mconsumospesos_avg6	0.000614951791766298	0.000520573420695858	0.000691725602733449
cpayroll_trx_tend6	0.000613453679322501	0.000655665344112217	0.000536653616226454
cpayroll_trx_avg12	0.000612278726891452	0.00180867300621728	0.0010036119576183
ctransferencias_recibidas_delta1	0.000611147875349626	0.00203306872810065	0.000991415284522248
ccallcenter_transacciones	0.000607899976790087	0.00355892196305385	0.000578470781127217
vmr_mpagospesos_delta1	0.000607868980720887	0.00079259319571752	0.00120398587276779
mplazo_fijo_dolares_delta1	0.000607492662574234	0.00265773222314707	0.000365900192881673
Master_fultimo_cierre_avg6	0.000607467496935091	0.000483204816870762	0.00114822965290011
vm_mconsumospesos	0.000606894692341719	0.00029360047191389	0.00047741263261704
cplazo_fijo_tend6	0.00060242642509887	0.002020744696363	0.000416429267136761
vm_mconsumospesos_lag1	0.000600679019411419	0.00019179312943368	0.000430368322103682
Master_msaldototal_tend6	0.000600150792313391	0.000655193234735581	0.000571501253643756
vmr_mpagominimo_delta1	0.000599733944624849	0.00068441751687206	0.00104020197690647
ccomisiones_otras	0.000598991727597503	0.00112002769847524	0.0013033016394071
cforex_avg12	0.000598278323375692	0.00098067018380666	0.000770132786922379
Visa_mlimitecompra_tend6	0.00059489489612209	0.001232597869458	0.00185737907434221
Master_fultimo_cierre_tend6	0.000592801095635956	0.000835873526269558	0.000871190935432555
ccaja_ahorro	0.00059193853707311	0.00147999203980888	0.000418171649007626
vmr_mconsumospesos	0.000591573642433711	0.00128116266181647	0.00079452613311449
ctransferencias_emitidas_avg6	0.000589535724700358	0.000717620328780497	0.000909523336591587
vmr_mconsumospesos_avg6	0.000588673773065886	0.000612441160571471	0.000946113355879755
ctarjeta_master_descuentos_tend12	0.000586617032942014	0.000559867155285584	0.000369384956623403
catm_trx_tend6	0.000585630283067809	0.00097250229618936	0.000973991465813596
ctrx_quarter_normalizado_delta1	0.000583344013321135	0.00115107873548615	0.00168662565099743
vm_mpagospesos_delta1	0.000579696900455957	0.000492372279449651	0.000933916682783699
Visa_mpagado	0.000579158243410202	0.000554295315677702	0.000468700723262715
catm_trx_avg12	0.000579041992987894	0.000514144508822652	0.00118481967218828
mcuenta_debitos_automaticos_delta1	0.000578539660704126	0.000849868682855969	0.000939143828396294
mtransferencias_emitidas_avg6	0.000577794846494204	0.00078759025977053	0.00101929339445609
vmr_Visa_mlimitecompra_avg6	0.000577223258421561	0.000528273152951401	0.00145488886217237
ctarjeta_visa_transacciones_avg6	0.000576866434764536	0.000654948876616015	0.000759678495697188
Master_mlimitecompra_tend12	0.000573828728428802	0.000861278862674625	0.00172321567028559
cpagomiscuentas_delta1	0.000571990127305723	0.00134981084471251	0.000508775506292612
mcomisiones_otras_lag1	0.000571296956281328	0.000924303803769352	0.00117262299909222
vmr_msaldototal_avg6	0.000571276886033529	0.000633097725106015	0.00063074223725317
Master_mlimitecompra_delta1	0.000569670090683542	0.000411100824969856	0.00114126012541665
ccajas_otras_tend6	0.00056639527742426	0.000768691017609121	0.000520972179388668
ctarjeta_visa_avg12	0.000560735231309486	0.00180571777549619	0.000453019286424929
vmr_msaldototal_tend6	0.000559710685848359	0.00108398052642294	0.00108898866929069
active_quarter_tend6	0.000559635707641383	0.000713575687879751	0.00159950655745417
mpagomiscuentas_avg12	0.000553473652656279	0.00109378711596699	0.000961794792717541
ccajas_consultas_avg6	0.000546272719715413	0.00134134340092793	0.000592409836094137
ccajeros_propios_descuentos_tend6	0.000543264264594947	0.000766822666498163	0.000249160607533711
ccaja_ahorro_tend6	0.000539432942629908	0.000505044264496718	0.000177722950828241
mtarjeta_visa_consumo_delta1	0.000536585724056833	0.00066505881818163	0.000832858534273523
ccajas_depositos_tend6	0.000535064447481681	0.000829090176502535	0.000484382160100501
mextraccion_autoservicio	0.000533339509247881	0.000568584809131758	0.000527941706872128
Visa_fultimo_cierre_lag1	0.000529919544518881	0.000363396426249216	0.00106285294122772
cextraccion_autoservicio_delta1	0.000524876468726804	0.000552425541121388	0.000378096865977729
vm_mpagospesos_avg6	0.000520288679470761	0.000372730906416623	0.000493094069454826
ccajas_consultas	0.000520103874649355	0.00200018381898855	0.000331052555464371
ccaja_ahorro_tend12	0.000515071618841554	0.000902054087559478	0.000428625940232817
catm_trx_avg6	0.000511819593261248	0.000623382394225395	0.000651650819703551
Master_msaldototal_avg12	0.000510205573120793	0.000392580061112732	0.000571501253643756
ctarjeta_debito_lag1	0.000507809073901942	0.000280745020576405	0.000400747830298975
vmr_mpagominimo_lag1	0.000500809984350689	0.000368533798702116	0.000764905641309783
vm_mconsumospesos_delta1	0.000498105850753775	0.000322855911687622	0.000639454146607495
vmr_msaldototal_delta1	0.000497503212815342	0.000816375488094767	0.000745739440730267
ccaja_seguridad	0.000497348987943887	0.00531456799204062	0.000257872516888036
ctarjeta_visa_descuentos_tend12	0.000493010923863227	0.000870449804786608	0.000479155014487905
ccajas_depositos_tend12	0.000492813047575998	0.00157581933018502	0.00100535433948917
Master_msaldototal_tend12	0.000492019411264223	0.0005350145901607	0.00095482526523408
ccajeros_propios_descuentos_tend12	0.00048980069295843	0.00215673070162396	0.000343249228560427
ccajas_otras_avg12	0.000488718057233296	0.000400369312265152	0.000608091272931923
mforex_sell_avg6	0.000486377359042865	0.000367513346541963	0.000409459739653301
catm_trx_tend12	0.000484645208573053	0.00137160062991158	0.00156640130190773
tcallcenter_avg6	0.00048429101504661	0.00035655993452221	0.000465215959520984
ctarjeta_debito_transacciones	0.000483679504370901	0.000767959999338161	0.000653393201574416
matm_other_avg12	0.000482708337707832	0.000965829816999564	0.00110815486987021
cforex_sell_avg12	0.000482682666633703	0.000465406846933648	0.000529684088742993
mpayroll_avg6	0.000481622381492869	0.000618574786613462	0.000322340646110045
Visa_mconsumosdolares_avg6	0.000476048660268779	0.000367135500880058	0.000674301784024798
vm_status01_tend6	0.000474884568483899	0.000367331936339282	0.000275296335596687
mpagomiscuentas_delta1	0.000474265755878455	0.00153855131649847	0.000777102314405839
ctarjeta_visa_descuentos_avg12	0.000470926808826413	0.000888113021896622	0.000360673047269078
vm_cconsumos	0.000464263063226698	0.000417801614906191	0.000419914030878492
Master_mpagado_tend6	0.000462316669396893	0.000381615261530125	0.000390293539073785
active_quarter_avg6	0.000461822247933211	0.000308279831235085	0.00125974209263547
matm_other_avg6	0.000461690032143613	0.00183268826915124	0.000749224204471997
cforex_buy_tend12	0.000460185890939685	0.00148401042605082	0.000203858678891218
cseguro_vida_avg12	0.000459474183576013	0.000482231654728569	0.000827631388660927
Master_mpagospesos_delta1	0.000455773512635108	0.00101052647568151	0.000529684088742993
mpayroll_sobre_edad_avg6	0.000455231918569746	0.000628982228258625	0.000322340646110045
vmr_mconsumosdolares_avg6	0.000450608455028976	0.000502551653516553	0.00055581981680597
vm_fultimo_cierre_lag1	0.00045048750000129	0.000219488314935881	0.00109595819677415
vm_status02_lag1	0.00044778061264226	2.33827787138016e-05	1.21966730960558e-05
mpayroll_tend6	0.000447136252287929	0.00140245981812052	0.000573243635514621
vm_msaldototal_delta1	0.000446161528477061	0.000564568162656361	0.000574986017385486
Visa_msaldototal_lag1	0.000445735778346312	0.000301092539307951	0.000508775506292612
mcomisiones_otras_tend12	0.000443611110757712	0.000802709938188728	0.00150541793642746
tcallcenter	0.000443037724747139	6.48162679958279e-05	9.75733847684462e-05
mpayroll_delta1	0.000439317693481243	0.00193515008017433	0.000390293539073785
Visa_status_tend6	0.000438137017522408	9.71667524567957e-05	0.000118481967218828
mtarjeta_visa_descuentos_avg12	0.000432504948459159	0.000603458587728357	0.000381581629719459
cseguro_auto_tend12	0.000431494271508231	0.000380779066463366	0.000200373915149488
mtarjeta_visa_consumo_lag1	0.000430071857916551	0.000334457623987051	0.000355445901656482
cpagomiscuentas_avg6	0.000429345431166494	0.00080044159893254	0.000613318418544519
cplazo_fijo_avg12	0.000428119818499778	0.00100362229121976	0.000433853085845412
Master_cconsumos_tend6	0.000427037156285782	0.000612220210219993	0.000446049758941468
mforex_sell_delta1	0.000426267470567544	0.000402310417249895	0.000162041513990455
ctarjeta_debito_transacciones_lag1	0.000424288289168504	0.000482874735708604	0.000519229797517803
cprestamos_personales_avg6	0.000421775227446515	0.00102136174173666	0.000813692333694007
cliente_antiguedad_avg6	0.000421625088890555	0.000947339419976716	0.00117785014470481
ctarjeta_debito_tend6	0.000421361561584316	0.000538688186305134	0.000759678495697188
vmr_mpagospesos	0.000416741094929368	0.000494997429008583	0.000681271311508258
cseguro_auto_avg6	0.000415514965960292	0.000475151121203188	8.01495660597951e-05
Master_Fvencimiento_tend6	0.000414373611025344	0.000301048886983679	0.000625515091640575
vm_mpagado_tend6	0.000413859959106167	0.000676386754490788	0.000813692333694007
Master_cconsumos_avg6	0.000413457062884663	0.000810778975434035	0.00055581981680597
mforex_sell_avg12	0.000412116358264844	0.000550365183047873	0.00079104136937276
tcuentas_avg6	0.000408138506187849	0.000232011629023471	0.00032059826423918
mpagomiscuentas_avg6	0.000406392053727009	0.00086948407619239	0.000639454146607495
mcaja_ahorro_adicional_tend12	0.000406218434650721	0.00049114827460349	0.000341506846689562
vmr_mpagado_delta1	0.000402382310512304	0.000388791640376191	0.00054885028932251
ctarjeta_visa_debitos_automaticos	0.000401676429423936	0.000272440482204862	0.00039552068468638
mtarjeta_master_consumo	0.000401639710068698	0.000666707800547061	0.000209085824503813
Master_mpagospesos	0.000400767504168054	0.000623314543330059	0.000468700723262715
Visa_mlimitecompra_avg6	0.000400181542189984	0.000399661069119899	0.000689983220862584
Visa_msaldopesos_avg6	0.000396868998284269	0.000310821471999758	0.000583697926739812
Visa_msaldototal_avg6	0.00039654557608342	0.000312915201958858	0.000698695130216909
vm_mfinanciacion_limite_lag1	0.000396520984554687	0.00017872748266519	0.000622030327898844
vm_status04_tend6	0.000395119596650093	0.000140876647185365	0.00023173678882506
Visa_mlimitecompra_delta1	0.000394670620668932	0.000486753782466188	0.00127193876573153
Visa_msaldopesos	0.000394116256772358	0.000615627938403917	0.000660362729057877
matm_delta1	0.000393359215416321	0.000619339334930601	0.000524456943130398
thomebanking_delta1	0.000393067199214526	0.00113164285442526	0.000700437512087774
cseguro_accidentes_personales_avg12	0.00039177720467173	0.000263963865105755	0.000892099517882936
mv_status07_delta1	0.000391126157456328	0.00129569841131723	0.000594152217965003
Master_mlimitecompra_tend6	0.000390523820836296	0.000630050919400311	0.000916492864075048
ccajas_consultas_delta1	0.000390174515513837	0.000417129906858427	0.000229994406954195
mforex_sell_tend6	0.000389899544712944	0.000389188307148923	0.00047741263261704
ccajas_transacciones_avg6	0.000389445619479058	0.000348757714200984	0.000465215959520984
catm_trx_delta1	0.000389256105635072	0.000794233637410811	0.000372869720365134
vm_mpagosdolares_tend6	0.000388508958480592	0.000412654910978174	0.000196889151407757
mcomisiones_otras_delta1	0.000388163688657098	0.000994395360257085	0.00122663683708904
vmr_mpagado_lag1	0.000387069949885032	0.00028198531596387	0.000442564995199738
foto_mes	0.000384729936386964	0.0104338476636545	0.00108724628741983
Master_msaldopesos	0.000383117888151318	0.00042883141849342	0.000245675843791981
mpagomiscuentas_lag1	0.000382968806616131	0.000375341030719013	0.000433853085845412
vm_fultimo_cierre	0.000381614875042746	0.000332330680302961	0.00112732107044973
vmr_Master_mlimitecompra_delta1	0.00037729353096716	0.000209494146925944	0.000212570588245543
vm_mpagospesos	0.000376750549522934	0.000383317860337326	0.000430368322103682
vm_mlimitecompra_avg6	0.000376164539710231	9.39178175104414e-05	0.000306659209272259
mpayroll_lag1	0.000376104768661553	0.000288782109381484	0.000170753423344781
cdescubierto_preacordado_avg6	0.000374766024401761	0.00168939113221711	0.000371127338494268
mtarjeta_master_consumo_tend12	0.000373366805646534	0.0005111288607542	0.000505290742550882
ccajas_depositos_avg6	0.00037313268060097	0.000552892114877193	0.000304916827401394
matm_other	0.000372314746001651	0.000680732691325368	0.000297947299917934
mpagomiscuentas	0.000371837214883212	0.00101417065395524	0.000615060800415384
vm_fultimo_cierre_tend6	0.000365914042850636	0.000386170444832138	0.000845055207369578
vmr_mconsumototal_lag1	0.000360743728227513	0.000105666302842205	0.000182950096440837
vm_mlimitecompra_tend6	0.000360538637624524	0.000689371897516328	0.0011586839441253
Visa_delinquency_tend6	0.000354402940206855	0.000324824694776523	0.000440822613328873
mttarjeta_visa_debitos_automaticos_lag1	0.000354184541759176	0.000645138174896496	0.000723088476409021
Master_mconsumospesos_avg6	0.000353804821293666	0.000460595917949216	0.000397263066557245
vmr_msaldototal_lag1	0.000351197159311265	0.000500012701481998	0.000453019286424929
Master_mpagado_tend12	0.000349436769028444	0.000908984368519431	0.00047741263261704
ctarjeta_master_descuentos_avg12	0.000348752873337222	0.000564936518682554	0.000236963934437655
mcajeros_propios_descuentos_tend12	0.000348280524506059	0.000775726159043683	0.000250902989404576
vm_cconsumos_lag1	0.000347272824545158	0.000624695917968432	0.000405974975911571
mprestamos_prendarios_tend12	0.000347206911703702	0.000359981264517319	0.000264842044371497
Master_mconsumospesos_tend6	0.000347055284020386	0.000688929047849801	0.000545365525580779
mcaja_ahorro_adicional_avg12	0.0003467434254908	0.000467117986412988	0.00032408302798091
cpagomiscuentas_lag1	0.0003465118479845	0.001115835177418	0.000397263066557245
Master_msaldototal	0.000344445296280754	0.000658929936957495	0.000357188283527348
mttarjeta_master_debitos_automaticos_delta1	0.000343541438354849	0.00101376275778025	0.000292720154305338
ccaja_ahorro_avg12	0.000342577733352559	0.00094546774749326	0.000669074638412202
vm_mpagospesos_lag1	0.000341943424102351	0.000429111837228688	0.000561046962418565
vm_mconsumosdolares_tend6	0.000340445166314341	0.000422313620365717	0.000418171649007626
Master_mpagominimo_tend6	0.000340405962930125	0.00122765756510671	0.0006342270009949
mtransferencias_emitidas_lag1	0.000336287315051956	0.00080990450550324	0.000703922275829505
ctrx_quarter_normalizado_lag1	0.000334300296711523	0.000893639785734876	0.000550592671193375
Visa_msaldodolares_tend6	0.000333897650650198	0.000479967269487261	0.000282265863080148
ctrx_quarter_normalizado_avg6	0.000333715636017487	0.000928775794598296	0.000737027531375942
matm_other_delta1	0.00033350160021475	0.000669201360490797	0.000397263066557245
ccomisiones_mantenimiento	0.000333052601516291	0.000771505485400493	0.000308401591143125
mextraccion_autoservicio_avg6	0.000332923728407906	0.000364475555990184	0.000641196528478361
mcajeros_propios_descuentos_avg12	0.000330005148399669	0.000472443411813567	0.000189919623924297
Master_mpagado_delta1	0.000329378978933248	0.000261574216673058	0.000210828206374678
mtransferencias_emitidas	0.000325500001549101	0.00108683959550216	0.00071263418518383
mextraccion_autoservicio_delta1	0.000322231793194332	0.000415921718071785	0.000498321215067421
matm	0.000321081890319324	0.000680957912012915	0.000414686885265896
vmr_mconsumospesos_lag1	0.000320659702590475	0.000421215985835112	0.000660362729057877
Master_msaldopesos_tend12	0.000320024731774815	0.000498434258742021	0.000801495660597951
cseguro_accidentes_personales_avg6	0.000319915631135446	0.000165748033421077	0.000374612102235999
cprestamos_personales_delta1	0.000317653227181932	0.000312424271471394	0.000285750626821878
catm_trx_other_avg6	0.000317570449501813	0.0010030491172228	0.000386808775332054
ccaja_ahorro_lag1	0.00031617009429726	0.000265086330849805	0.00016029913211959
mplazo_fijo_dolares_tend12	0.000314592983383629	0.000640283593587792	0.000430368322103682
vm_msaldopesos_tend6	0.000314099367599869	0.000368756014338356	0.000623772709769709
Master_msaldopesos_avg12	0.000312410541356231	0.000309723362987367	0.000475670250746175
Visa_mpagosdolares_tend6	0.000312097216917678	0.000548239504648544	0.000311886354884855
ccaja_ahorro_delta1	0.000311832567223327	0.00106334910942303	8.53767116723904e-05
mtarjeta_visa_descuentos_tend12	0.000311323109798539	0.000470946421780112	0.000327567791722641
Master_mconsumospesos_delta1	0.000308983687930436	0.000531817057407781	0.000362415429139943
vm_mlimitecompra_delta1	0.000308277419965657	0.000250034187005752	0.000752708968213728
cseguro_vida_avg6	0.000308072779308441	0.000481876426031777	0.000416429267136761
thomebanking	0.000307150000565548	0.000263478786560313	0.000491351687583961
vm_mfinanciacion_limite_avg6	0.000305885456491658	0.000271682892953911	0.000858994262336499
ccheques_depositados_tend12	0.000305727692906788	0.00102180300979723	0.000308401591143125
cseguro_vida_tend6	0.00030489274167662	0.000401345637619248	0.000362415429139943
cforex_avg6	0.000304557948944499	0.00022151403583905	0.000229994406954195
Master_msaldodolares_avg12	0.000302829457377526	0.00225524514051235	0.000275296335596687
minversion1_pesos_avg12	0.000302017369857965	0.000574438490920266	0.000144617695281804
ctarjeta_master_transacciones_avg6	0.00029987210824048	0.000243895183503525	0.000128936258444018
Master_status_avg6	0.00029870134383008	0.000118355843715338	0.000101058148510176
ctarjeta_master_debitos_automaticos_tend12	0.00029862131175188	0.000659518294371595	0.000364157811010808
Master_mpagominimo_lag1	0.000297739238038549	0.000328791520664437	0.000223024879470734
cseguro_vivienda_tend6	0.00029749112756384	0.000106900271805863	0.000158556750248725
Visa_mconsumototal_avg6	0.00029500837602483	0.000259558618047981	0.000412944503395031
mttarjeta_master_debitos_automaticos_tend6	0.000293738016435847	0.000589677580587831	0.000270069189984092
ctransferencias_emitidas_delta1	0.000292231889658238	0.000655497219399532	0.000459988813908389
ctarjeta_master_debitos_automaticos_avg6	0.000289151449036696	0.000210708029494012	0.000146360077152669
mplazo_fijo_dolares	0.000288724444583446	0.00188608122999901	0.000360673047269078
ctarjeta_master_transacciones_tend6	0.000288681843015199	0.00116744361227026	0.000386808775332054
ccallcenter_transacciones_lag1	0.000287470230171208	0.00104953567936049	0.000322340646110045
Master_delinquency_avg12	0.000285195559910196	0.000524812599128685	0.000287493008692743
mplazo_fijo_dolares_tend6	0.000283791655660542	0.000543975020520487	0.000271811571854957
vm_msaldototal_lag1	0.000283783716978281	0.000199895696725167	0.000325825409851776
Master_mpagospesos_lag1	0.000283748859225203	0.000503788153049734	0.00047392786887531
ctransferencias_emitidas	0.000283739962850739	0.000355961771151208	0.000364157811010808
Master_mconsumospesos_lag1	0.00028345532646479	0.000353480705894492	0.000327567791722641
vm_cconsumos_delta1	0.000283195267624149	0.000705599332743224	0.000453019286424929
Master_mlimitecompra_avg6	0.000282299761427015	0.000245943046890021	0.000393778302815515
mcheques_depositados_avg12	0.000282087870102072	0.00139445752464638	0.000362415429139943
Visa_mlimitecompra_lag1	0.000281291325969304	0.00028946821004341	0.000557562198676835
catm_trx_other	0.000281245311152842	0.000142954402924351	0.000114997203477097
vm_msaldototal_avg6	0.000281036620440706	0.000156213480100756	0.000433853085845412
mpayroll_sobre_edad_tend6	0.000280607197929695	0.00100201980806932	0.000411202121524166
Visa_mlimitecompra	0.000278486025162899	0.000224082880226096	0.000815434715564872
mextraccion_autoservicio_lag1	0.000277407076082037	0.000229444208081782	0.000329310173593506
cpagodeservicios_tend6	0.000276426947904406	0.000217486792603775	9.58310028975811e-05
mpagodeservicios_tend6	0.000273733629466744	2.19795779132926e-05	3.65900192881673e-05
cpagodeservicios_tend12	0.000273141773157099	0.000748049636491715	0.000189919623924297
vm_Finiciomora	0.000272692560522939	0.000664713553602334	0.000151587222765265
minversion1_pesos_tend12	0.000272552667690587	0.00193107159290622	0.000169011041473916
vm_status05_delta1	0.000269828557630796	0.000640141881694504	0.000118481967218828
mtarjeta_visa_descuentos_avg6	0.000269804569064228	0.00105377042929666	0.000315371118626585
cextraccion_autoservicio_lag1	0.000269249724695051	0.000223680994153723	0.000263099662500632
vmr_mconsumosdolares_tend6	0.000267149875588404	0.000651391844830234	0.000550592671193375
ctarjeta_master_tend12	0.000266074853062707	0.000497385970317114	0.000311886354884855
ccheques_emitidos_rechazados_avg6	0.000265608895188712	3.34425833707418e-05	1.74238187086511e-05
mtarjeta_master_consumo_avg6	0.000265579867351475	0.000298228092768499	0.00015681436837786
ccajeros_propios_descuentos_avg12	0.000263550028959147	0.000374015803091932	0.000214312970116409
cpagomiscuentas	0.000262892492451397	0.000512477337988774	0.000355445901656482
vmr_msaldodolares_delta1	0.00026196394101383	0.000147990078114545	0.000111512439735367
Master_msaldopesos_lag1	0.000261224398680126	0.000421414477382073	0.000193404387666027
matm_avg6	0.000260474191487742	0.000482191640097987	0.000545365525580779
Master_msaldodolares_tend12	0.000254783751702777	0.00230884513357922	0.000284008244951013
mtarjeta_master_consumo_tend6	0.000254455241830298	0.000444337641406258	0.000364157811010808
ccajas_otras_delta1	0.000252021654898858	9.13685850371993e-05	0.000108027675993637
cseguro_accidentes_personales_tend6	0.000251732431502006	0.000676566741248112	0.000285750626821878
Visa_mconsumototal	0.000251262835507693	0.000139605352321242	0.000332794937335236
Master_msaldopesos_tend6	0.000251173281239498	0.000750897159847482	0.00047044310513358
mpagodeservicios_tend12	0.000250996487215058	0.00036059587659022	0.000139390549669209
Visa_mpagado_lag1	0.000250066602939687	0.000311632994013668	0.000531426470613859
Visa_msaldopesos_lag1	0.000249797807607722	0.000266690395606203	0.000458246432037524
ccaja_seguridad_lag1	0.000244305772204717	0.000446018888533107	8.18919479306602e-05
mforex_buy_avg12	0.000244176236129738	0.00031147024676122	0.00015681436837786
vmr_mpagado	0.000242976958187381	0.000555352619256535	0.000374612102235999
vm_msaldopesos_lag1	0.000241954940159009	0.000460088696920447	0.000348476374173022
Visa_mpagosdolares_avg6	0.000241549984235214	0.000792703433652366	0.000294462536176204
ctarjeta_visa_descuentos_tend6	0.000239349437292643	0.000471254676780133	0.000212570588245543
tcallcenter_delta1	0.000238964166126153	0.00012331338757151	0.00023173678882506
vm_status04	0.00023729306948846	0.000372693580516159	4.87866923842231e-05
Visa_mpagado_delta1	0.000237234619715881	0.000401582720351435	0.000602864127319328
vm_mpagado_delta1	0.000237100585869073	0.000282853933952643	0.000397263066557245
mcheques_depositados_tend6	0.000236099621418899	0.000395842914191463	0.000114997203477097
vm_status03_tend6	0.000235951106179816	7.55186791510174e-05	0.000158556750248725
ctarjeta_master_debitos_automaticos_avg12	0.000235206919520365	0.000322538483373079	0.000200373915149488
ctarjeta_master_transacciones_avg12	0.000234590240598523	0.000462822502808274	0.00039552068468638
cextraccion_autoservicio	0.000234351948284031	0.000238047511817635	0.000304916827401394
cpayroll_trx_delta1	0.000232508599904133	0.00128035446117506	0.000212570588245543
matm_lag1	0.000232496601769121	0.000267128658615469	0.000257872516888036
vm_mpagominimo_delta1	0.000228254103481855	0.000514513813812416	0.000770132786922379
vmr_msaldodolares2_avg6	0.00022772411156638	0.000797928901556786	0.000322340646110045
matm_other_lag1	0.00022711765961871	0.000476609203730227	0.000209085824503813
ctarjeta_master_debitos_automaticos_tend6	0.000224990443504704	0.00107742065757692	0.000249160607533711
Visa_mconsumototal_tend6	0.0002242382499152	0.000422393649626883	0.000613318418544519
catm_trx_other_delta1	0.000221274016956658	0.00020105390676373	0.000200373915149488
cinversion1_tend12	0.000221138793537388	0.000473836332175389	9.06038572849857e-05
vm_mconsumosdolares_avg6	0.000220721200603145	0.000386925661674162	0.000440822613328873
ccuenta_debitos_automaticos_delta1	0.000219812372713191	0.000438234065877353	0.000125451494702288
Master_mpagominimo_avg6	0.000218812641329166	0.000237905799924347	0.000264842044371497
cprestamos_prendarios_avg12	0.000216532888139644	0.000614021026756805	0.000341506846689562
ccajas_extracciones_avg6	0.000215671728202746	0.00195273453330794	0.00031711350049745
vm_status04_avg6	0.000214672658521085	7.98537029045285e-06	5.92409836094137e-05
minversion1_pesos_tend6	0.000214201901443811	0.000139358621792749	5.05290742550882e-05
cprestamos_personales_lag1	0.000212567113407498	0.000654225291893029	0.00038855115720292
cdescubierto_preacordado_tend6	0.000212290247618885	0.00184973750683073	0.00015681436837786
mtarjeta_master_descuentos_tend12	0.000211478254311981	0.000703639881129439	0.000139390549669209
catm_trx_lag1	0.000210467386106144	0.000181658989297001	0.000191662005795162
cpayroll_trx_lag1	0.00021029071998862	0.00047969713119068	0.000155071986506995
Master_delinquency_tend12	0.000207875923278455	0.00142665585861478	0.000329310173593506
cmobile_app_trx_delta1	0.00020538237782632	8.48996585334102e-05	0.000371127338494268
cplazo_fijo_delta1	0.000204287371664954	0.00056612288130706	9.06038572849857e-05
ctarjeta_master_transacciones	0.00020368922817719	0.000562586568559249	0.000132421022185748
vm_msaldopesos_delta1	0.000201421524304238	0.0012871928508292	0.000519229797517803
cseguro_accidentes_personales	0.000200623353631356	6.61928978163452e-05	0.000109770057864502
cprestamos_prendarios_tend12	0.000199744292402548	0.00225808586296253	0.000290977772434473
cmobile_app_trx_lag1	0.000199339650459084	0.000113505374582109	0.000331052555464371
ccajas_otras_avg6	0.000197960036304887	0.00106439455095723	0.000341506846689562
mpayroll_sobre_edad_delta1	0.000197452897595799	0.00115541423372144	0.000322340646110045
Visa_msaldodolares_lag1	0.000196449792929793	0.000220366738881556	0.000146360077152669
Master_Finiciomora_avg12	0.000195330384833941	0.000705035015739593	0.000334537319206101
mcaja_ahorro_adicional_delta1	0.000195309356316736	0.000465988719763345	0.000175980568957376
Visa_mconsumosdolares_delta1	0.000193837433041615	0.000536402765704666	0.000372869720365134
cinversion1_tend6	0.000192908260181152	0.000728096095802782	7.31800385763346e-05
Master_cconsumos_delta1	0.000188365518390329	0.000327774706197972	0.000172495805215646
ccuenta_debitos_automaticos	0.000187736330264646	0.000878425527280755	0.00023522155256679
ccaja_ahorro_avg6	0.000186342412055559	0.00045097706503166	0.000290977772434473
vm_status06_delta1	0.000186069099885088	0.00856756576776411	0.000259614898758901
cplazo_fijo_avg6	0.000185354119593918	0.000629488184002632	0.000243933461921115
mcaja_ahorro_adicional_lag1	0.000185340404778624	0.000229014485744656	0.000121966730960558
Master_mpagominimo	0.000185100845620174	0.000518266173933254	0.000271811571854957
Visa_fechaalta_tend6	0.000184397483256974	0.000908924900135641	0.000435595467716277
cmobile_app_trx	0.000184257897535031	0.000263154082858392	0.00054885028932251
mtarjeta_visa_descuentos_delta1	0.000183750233945878	0.000393447888298529	0.000148102459023534
cplazo_fijo_lag1	0.000183272467723194	0.000164632210422025	7.14376567054695e-05
Master_cconsumos	0.000183240275172247	0.000157304313725769	0.000155071986506995
vmr_mconsumosdolares	0.000183072006838495	0.00043984572234232	0.000266584426242362
vm_mconsumototal_avg6	0.000182690817989346	0.000190706566144738	0.000219540115729004
vmr_mconsumototal_delta1	0.000181946028590529	0.000205680262333577	0.000203858678891218
mcheques_emitidos_tend12	0.000181610314101172	0.000343437349939451	9.06038572849857e-05
Master_status_avg12	0.000179419116503217	0.000658472220195021	0.000367642574752538
mcheques_depositados_tend12	0.000178135335560234	0.000958016525436675	0.00024219108005025
Master_madelantopesos_tend6	0.000177477268189792	1.96180820665389e-05	3.1362873675572e-05
vm_Finiciomora_lag1	0.00017696421010535	0.000281900541884849	0.000118481967218828
mttarjeta_master_debitos_automaticos_avg6	0.000176419385947923	0.000277252043831675	0.000127193876573153
vmr_Visa_mlimitecompra_delta1	0.000176124416169636	0.000692548869391872	0.000233479170695925
minversion2_tend6	0.000174248990113413	0.00129206830933647	0.000146360077152669
cforex_tend6	0.000173359303176764	0.000234603090375628	0.000257872516888036
cliente_antiguedad_tend12	0.000171913497194355	0.000103338020720441	2.96204918047069e-05
mplazo_fijo_dolares_lag1	0.000171218238834101	0.000722509547259547	0.00016378389586132
vm_mconsumosdolares_lag1	0.000170595044535708	0.00029217560311184	0.000207343442632948
mcajeros_propios_descuentos_tend6	0.000170563177036493	0.000549888803335166	0.000139390549669209
Master_mconsumospesos	0.000170558537012349	0.000361725143239863	0.00031711350049745
mtarjeta_master_consumo_lag1	0.000170290618068062	0.00018394868023354	0.000104542912251907
tcuentas_tend6	0.000169850265235359	0.000207391718134108	0.000250902989404576
vmr_msaldodolares2_delta1	0.00016956981096501	0.000263301014051322	0.000174238187086511
mplazo_fijo_dolares_avg12	0.000168148787976004	0.000482846583122661	0.000362415429139943
vmr_mconsumototal_avg6	0.000167943635967498	0.000103411723557799	0.000221282497599869
vm_status01_avg6	0.000166179449125714	0.00275264360551649	0.000247418225662846
cdescubierto_preacordado_lag1	0.000166064962533344	5.82818630056308e-05	0.000146360077152669
Master_mpagominimo_delta1	0.00016477019488428	0.000542920721992963	0.00031362873675572
vm_fechaalta_tend6	0.000164676948032221	0.000257025043473662	0.000400747830298975
Master_mconsumosdolares_avg12	0.000164676917453448	0.000643954659162703	0.000162041513990455
Visa_delinquency_avg6	0.000162144263460279	0.000183118337108802	0.000245675843791981
Master_msaldototal_delta1	0.00016115854147362	0.00024529854246463	0.000351961137914752
mcheques_depositados_avg6	0.000160954666082094	0.000469302816874917	0.000114997203477097
ctarjeta_visa_descuentos_avg6	0.000160729460538019	0.00042178599662017	0.00016378389586132
mcaja_ahorro_adicional	0.000160224876901211	0.000225640920249294	0.000137648167798344
Master_Finiciomora	0.000160030982861919	0.000119779130911436	4.87866923842231e-05
vmr_mpagosdolares_lag1	0.000159453174021576	0.000157407434433831	5.92409836094137e-05
ctarjeta_visa_tend6	0.000157620526135098	4.99789062400402e-05	7.14376567054695e-05
vm_mpagosdolares_delta1	0.000156686977098277	0.00061122110974019	0.000137648167798344
cforex_sell_tend6	0.000156271335547751	0.000231687083482145	0.000203858678891218
Visa_mconsumototal_delta1	0.000156109619539322	0.000129939367546321	0.000322340646110045
vm_status06_avg6	0.000155650754794537	5.46370520895206e-05	4.18171649007626e-05
cseguro_auto_avg12	0.000154044612929237	0.000921356164756831	0.00015332960463613
Master_msaldototal_lag1	0.000153798889108565	0.000214616019640516	0.000184692478311702
ccheques_depositados_tend6	0.000153529400041525	0.000342444575883456	0.000123709112831423
ccuenta_debitos_automaticos_lag1	0.000153203370276048	0.000291881740725981	0.000214312970116409
cseguro_accidentes_personales_lag1	0.000151900647470851	1.81165053758229e-05	8.01495660597951e-05
Master_fechaalta_tend6	0.000151211309641193	0.000249515103932345	0.000341506846689562
Visa_msaldodolares_delta1	0.000149399945293332	0.000133710074296201	0.000142875313410939
Visa_Finiciomora_avg6	0.000149346258214992	7.90149772682459e-05	0.000198631533278623
Master_mpagado_avg6	0.000147218103818568	0.000385958825955777	0.000289235390563608
Visa_Finiciomora_tend6	0.000146413520217746	0.000145987448658273	0.000149844840894399
Visa_Finiciomora_lag1	0.000146166337187574	0.001381342215451	0.000198631533278623
ccheques_emitidos_avg12	0.000145727029722024	0.000506285508847754	8.18919479306602e-05
mtarjeta_master_consumo_delta1	0.000144298224957666	0.00055461321847403	0.000216055351987274
minversion2_tend12	0.000144283555074979	0.000139311015453597	5.05290742550882e-05
mtarjeta_master_descuentos_avg12	0.000143842826153596	0.000522260203443539	9.58310028975811e-05
Visa_status_avg6	0.000143738187762716	0.000863979929319248	0.000118481967218828
Visa_mconsumototal_lag1	0.000143480214703775	0.000126090529462418	0.000296204918047069
mprestamos_prendarios_avg12	0.000142589725862038	0.000678061991515021	0.000257872516888036
cseguro_accidentes_personales_delta1	0.000141934825790617	7.19126175807283e-05	4.87866923842231e-05
cforex_sell_avg6	0.000141679879405512	0.000125478606119635	0.000139390549669209
Master_status_tend6	0.000141461966435051	2.96484688527741e-05	0.000102800530381041
mplazo_fijo_dolares_avg6	0.000140707162587317	0.000508712166859725	0.000224767261341599
catm_trx	0.000139656781594861	0.000428554795612436	0.000179465332699106
mtarjeta_visa_descuentos_tend6	0.000139633205245096	0.00112920243644151	0.000221282497599869
vm_status06_tend6	0.00013951574836106	0.000172645891459016	0.000203858678891218
vmr_msaldodolares_tend6	0.000138846489669486	0.000294816252409101	0.000209085824503813
Master_mpagosdolares_delta1	0.000138742435867782	5.28256387928311e-06	1.39390549669209e-05
ctarjeta_master_debitos_automaticos_delta1	0.00013861213781656	9.14626905913363e-05	7.66648023180649e-05
Master_cconsumos_lag1	0.000137350090261044	0.000148133529774381	0.000142875313410939
vm_mpagado_lag1	0.000136991556806187	0.000219826936770178	0.000336279701076966
Visa_mpagosdolares_delta1	0.000136613545164085	0.000359306076936461	0.000123709112831423
catm_trx_other_lag1	0.000135660645402566	0.000182056763193899	0.000102800530381041
vm_mconsumosdolares	0.000132904328234224	0.000153380191198556	0.000209085824503813
minversion1_pesos_lag1	0.00013210960796841	0.000147362971354624	2.61357280629767e-05
Master_mpagado_avg12	0.000131545206440233	0.000491894318130992	0.000405974975911571
cliente_edad_delta1	0.000131461425285774	0.000123374912043038	0.000501805978809152
Master_mconsumosdolares_tend12	0.000131208549885902	0.000337085462276101	0.000146360077152669
ctarjeta_master_debitos_automaticos	0.000130825304372833	0.00112239299017628	8.88614754141206e-05
Master_delinquency_tend6	0.000130523782601706	0.000341269442661208	0.000130678640314883
mttarjeta_master_debitos_automaticos_avg12	0.000129946944038774	0.000329306491562369	0.000223024879470734
ctarjeta_visa	0.000129827231261309	1.06726769632941e-06	2.09085824503813e-05
mforex_buy_tend12	0.00012967627511811	0.000750619746163522	0.000132421022185748
vmr_mpagosdolares_delta1	0.000128291528215856	0.000442816927283524	0.000106285294122772
Master_Finiciomora_tend12	0.000125874615279085	0.000658116991498228	0.000175980568957376
vm_msaldodolares_delta1	0.000125023509486785	0.000184246338473684	9.40886210267159e-05
ccajeros_propios_descuentos_delta1	0.000124860145641445	6.26482025569891e-05	4.7044310513358e-05
ctarjeta_master_transacciones_delta1	0.000122961485849889	0.000364408179576634	7.49224204471997e-05
vmr_msaldodolares_avg6	0.000122346278142744	0.000344209648125755	0.000182950096440837
ctarjeta_master_tend6	0.000121882617853157	1.58083096496475e-05	7.49224204471997e-05
ccajas_extracciones_delta1	0.000121218936958746	4.8107233756584e-05	5.57562198676835e-05
mtarjeta_master_descuentos	0.000119763396337886	0.000699556807204062	6.09833654802789e-05
Master_msaldopesos_avg6	0.000119574389506008	0.000121179642981827	0.000181207714569971
vm_Finiciomora_avg6	0.000118958757196563	0.000662321058278924	0.000277038717467553
mcajeros_propios_descuentos_lag1	0.000117069768264046	0.00039220442969916	7.840718418893e-05
cinversion2_tend6	0.000115962250993135	0.000293517753922607	3.48476374173022e-05
ctarjeta_debito_delta1	0.000115656789496302	0.000489104839713659	0.000134163404056613
vm_mlimitecompra_lag1	0.00011526950241598	0.000120686023764245	0.000254387753146306
vm_msaldodolares_tend6	0.00011523118599558	0.000183614803217098	0.00016378389586132
mttarjeta_master_debitos_automaticos	0.000114821530529976	0.000121919518246117	9.40886210267159e-05
Visa_Finiciomora	0.000114632539914124	0.00173766396011686	0.000179465332699106
cseguro_vivienda_avg6	0.000114489327049704	8.97985248087669e-05	0.000282265863080148
vmr_mconsumototal_tend6	0.000113934214432891	0.000165572475160418	0.000306659209272259
vmr_mconsumosdolares_delta1	0.000112288062685846	0.000175349488673162	0.000149844840894399
mv_status07_lag1	0.000111479374995912	0.000158308949826404	0.000236963934437655
cinversion2_avg12	0.000111429792934686	0.000108590059604853	7.31800385763346e-05
cplazo_fijo	0.000111286844199631	0.000646213983264966	0.000127193876573153
Master_mconsumototal_tend6	0.000110617665857048	0.000201251607507715	0.000174238187086511
vmr_madelantopesos_delta1	0.000110429322894278	3.34916131552501e-05	1.74238187086511e-05
vm_status05_tend6	0.000110320797187859	0.000176982180497289	0.000179465332699106
cinversion2_delta1	0.000109883217902675	0.000102118918852731	3.1362873675572e-05
ctarjeta_master_debitos_automaticos_lag1	0.000109616108403545	3.57877886761912e-05	5.22714561259533e-05
cprestamos_hipotecarios_avg12	0.000109576265543675	5.97573431981407e-05	8.01495660597951e-05
vm_msaldodolares_avg6	0.00010918918126461	0.00361434475698026	0.000277038717467553
mtarjeta_master_consumo_avg12	0.000108381428046412	0.000324263857305986	0.000245675843791981
Master_mpagosdolares_tend6	0.000107456909696442	8.52382803677079e-05	4.7044310513358e-05
mcaja_ahorro_adicional_avg6	0.000107385276321315	0.000308127680742514	0.000175980568957376
mcajeros_propios_descuentos_avg6	0.000107379973177633	0.000332201146775502	9.58310028975811e-05
Master_Fvencimiento_delta1	0.000106897685184285	2.03494166586887e-05	0.000142875313410939
Master_msaldopesos_delta1	0.000105747758627392	0.000217249551710993	0.000245675843791981
ccaja_seguridad_tend12	0.000103698982228766	9.07017799678862e-05	4.35595467716278e-05
Visa_mpagosdolares_lag1	0.000103339054839338	0.000759768862113369	0.000137648167798344
ccajas_depositos_delta1	0.000103303648317185	0.000539344078293379	9.75733847684462e-05
mttarjeta_master_debitos_automaticos_lag1	0.000102928341554466	0.000296878033927973	0.000142875313410939
vm_mpagosdolares_avg6	0.000102704008207688	0.000216216130382034	0.000165526277732185
ctarjeta_master_transacciones_lag1	0.000102335655594642	0.000525011090675646	0.000104542912251907
Master_fultimo_cierre_delta1	0.000101808368192187	3.73412420421289e-05	0.000181207714569971
Visa_msaldodolares	0.000100965959520699	0.000853803560303654	0.000149844840894399
vmr_mconsumosdolares_lag1	0.000100763949841405	0.000211016600815224	0.000243933461921115
vmr_msaldodolares2	9.97472657768169e-05	0.000685203891351336	0.000137648167798344
mpayroll_sobre_edad_lag1	9.95892367967232e-05	0.00020768320811104	0.000116739585347962
vm_status02_tend6	9.94405275370185e-05	0.00024986005219045	0.000120224349089693
ccaja_seguridad_avg12	9.77405585556818e-05	0.000878991425890338	0.00015681436837786
mtarjeta_visa_descuentos_lag1	9.73839010595094e-05	0.000166947365214388	8.01495660597951e-05
ccheques_emitidos_tend12	9.73582604449154e-05	0.000414699927473957	0.000114997203477097
Master_madelantopesos_avg12	9.70380268249163e-05	0.0004189615647113	2.78781099338418e-05
Master_mlimitecompra_lag1	9.46578206196563e-05	0.000134917788601057	0.000301432063659664
cinversion1_avg12	9.43189728000861e-05	0.000633788412425202	0.000146360077152669
Master_msaldodolares_delta1	9.38916669171913e-05	4.46133080482833e-05	3.83324011590324e-05
mpayroll2_delta1	9.34942619304832e-05	4.16400470193419e-05	4.00747830298975e-05
ccajas_depositos	9.23513962285839e-05	0.000137831897567398	9.23462391558508e-05
ccajas_extracciones_lag1	9.17931601549765e-05	0.000313104045709513	7.840718418893e-05
mtarjeta_master_descuentos_lag1	9.03667077796577e-05	1.18071629125785e-05	2.09085824503813e-05
Visa_fultimo_cierre_delta1	9.0167918274694e-05	3.22426189350496e-05	0.000188177242053432
vmr_msaldodolares	8.96861861505758e-05	0.000159199077656122	7.31800385763346e-05
cseguro_auto	8.82390680457838e-05	7.6064016883226e-05	5.92409836094137e-05
minversion2_avg12	8.81265781553618e-05	0.000956555279697733	0.000130678640314883
ccheques_emitidos_avg6	8.80199917931647e-05	0.000730617017529485	0.000102800530381041
Visa_status	8.71164772423883e-05	0.000802407218809538	7.14376567054695e-05
mprestamos_hipotecarios_delta1	8.59403440264599e-05	7.60259001797857e-05	2.96204918047069e-05
mprestamos_prendarios_delta1	8.50012507043076e-05	0.00122907420955781	0.000111512439735367
ccajeros_propios_descuentos_lag1	8.37034835197445e-05	2.387750505555e-06	1.39390549669209e-05
cprestamos_hipotecarios_tend12	8.34060550152019e-05	9.69491234778169e-05	0.000116739585347962
vm_mpagado	8.26930008129195e-05	0.000471965450494909	0.000275296335596687
ccajas_depositos_lag1	8.17138697994356e-05	1.74168029027107e-05	4.53019286424929e-05
mcheques_emitidos_tend6	8.11803971610813e-05	0.000315785184119142	4.18171649007626e-05
mcheques_depositados	8.10867535991101e-05	0.000303130280416355	3.31052555464371e-05
mcajeros_propios_descuentos	8.04018833702017e-05	2.39613301709998e-06	1.21966730960558e-05
mcajeros_propios_descuentos_delta1	8.02161011655724e-05	7.35641305156826e-05	4.35595467716278e-05
Master_mpagado_lag1	7.98720973954222e-05	0.000219402908214479	0.000134163404056613
cpagodeservicios_avg12	7.98155547494197e-05	0.00022074031420739	0.000111512439735367
vmr_msaldodolares2_tend6	7.95748907294104e-05	0.000605345127307761	0.000249160607533711
vm_mpagosdolares_lag1	7.89635500370956e-05	0.000185276754751334	6.96952748346044e-05
ccheques_depositados_avg12	7.86514783692488e-05	0.000401934153193943	0.000155071986506995
vm_status02_avg6	7.77463463936528e-05	0.00132790797468789	0.000233479170695925
active_quarter_delta1	7.72372900752204e-05	0.000230398232791957	0.000273553953725822
cforex_sell_delta1	7.68828752831218e-05	6.08333097272055e-05	2.96204918047069e-05
ctarjeta_master_descuentos	7.67983317158247e-05	2.75987075391361e-05	3.83324011590324e-05
vm_Finiciomora_tend6	7.51580458638902e-05	0.000251664190099761	0.000257872516888036
cseguro_vida_delta1	7.4953333754567e-05	0.000224094267788949	4.18171649007626e-05
vmr_msaldodolares_lag1	7.44692442817878e-05	0.000219616266857388	6.62105110928742e-05
vm_mlimitecompra	7.44460185841397e-05	0.000100185089255366	0.000329310173593506
Visa_status_lag1	7.41502112315455e-05	0.000360258203719493	2.61357280629767e-05
mprestamos_hipotecarios_avg12	7.35857410631932e-05	0.000308660523787703	0.000149844840894399
mcheques_emitidos_avg12	7.33810495949717e-05	0.000409758357837899	6.62105110928742e-05
Master_madelantopesos_tend12	7.26766945740079e-05	1.81905245343709e-05	8.71190935432555e-06
Master_Finiciomora_tend6	7.24658505814017e-05	0.00026353872942589	5.74986017385486e-05
Visa_Fvencimiento_delta1	7.24319352427936e-05	4.76321193286389e-05	0.00015681436837786
ctarjeta_master_descuentos_lag1	7.22643278581146e-05	4.23949475401748e-06	6.96952748346044e-06
ccheques_emitidos_delta1	7.18281445524983e-05	3.83732399257314e-05	1.21966730960558e-05
Master_status_delta1	7.16167696503767e-05	3.36592633861495e-05	1.21966730960558e-05
ccomisiones_mantenimiento_lag1	7.12151455888153e-05	0.000129271613513436	0.000181207714569971
Visa_mconsumosdolares_lag1	7.11426665654204e-05	0.000488458121039935	0.000284008244951013
mforex_sell_lag1	7.06392693938018e-05	0.000114005636544689	5.40138379968184e-05
cseguro_vivienda_delta1	7.06372304966118e-05	4.05199536842197e-05	1.91662005795162e-05
cforex_buy_delta1	6.8573859198844e-05	3.34050993096822e-06	1.21966730960558e-05
vm_status03_delta1	6.84715045604253e-05	0.000162717992738463	5.05290742550882e-05
vmr_madelantopesos_tend6	6.79287071117563e-05	0.000165273867956703	1.5681436837786e-05
vmr_mpagosdolares_avg6	6.78552806591272e-05	0.000249904969799483	0.000191662005795162
active_quarter_lag1	6.70857697218531e-05	3.62254190430767e-05	0.000249160607533711
ccajas_transacciones_delta1	6.70198460369058e-05	8.29542832125963e-05	0.000149844840894399
mprestamos_hipotecarios_lag1	6.60973104345259e-05	1.40913182282853e-05	1.04542912251907e-05
vmr_mconsumototal	6.59285889852297e-05	0.000413313333535942	0.000205601060762083
mpayroll2_tend12	6.50042494224974e-05	4.10684546283321e-05	1.91662005795162e-05
thomebanking_lag1	6.48397296815031e-05	4.04831022655408e-05	0.000257872516888036
ccaja_seguridad_delta1	6.45393040286538e-05	1.9738442279477e-05	1.74238187086511e-05
mforex_sell	6.43493327353696e-05	0.00045268425049612	6.44681292220091e-05
mprestamos_hipotecarios_tend12	6.42314191358289e-05	0.00151145729941858	0.000240448698179385
ctarjeta_visa_lag1	6.35593085083088e-05	8.19904525455199e-07	6.96952748346044e-06
vm_mconsumototal	6.33955991332776e-05	0.000118229789720973	0.000135905785927479
cforex_buy_tend6	6.28000218809728e-05	0.000351589579657828	4.53019286424929e-05
vmr_mpagosdolares_tend6	6.23903638687702e-05	0.000613432036700325	0.000203858678891218
ctarjeta_master_descuentos_tend6	6.21181083145527e-05	8.62078048162111e-05	4.87866923842231e-05
Master_madelantodolares_avg6	6.07033442965093e-05	2.15920844550818e-05	3.48476374173022e-06
Master_mconsumototal_avg6	5.99139801682252e-05	0.000107893362183049	0.000120224349089693
mcheques_emitidos	5.95893455519018e-05	0.000282673156392343	3.48476374173022e-05
Master_madelantodolares_avg12	5.94185884673911e-05	2.47222407944498e-05	5.22714561259533e-06
vm_mconsumosdolares_delta1	5.93900212205019e-05	0.000376132466337334	0.000162041513990455
mpagodeservicios	5.76726696094056e-05	0.000104234949455753	1.04542912251907e-05
Master_mconsumototal	5.75289465085471e-05	9.46550040446132e-05	7.49224204471997e-05
cpagodeservicios	5.68108423008242e-05	0.000281095662615937	1.39390549669209e-05
ctarjeta_visa_descuentos_delta1	5.65990817114074e-05	1.03909929432641e-05	2.78781099338418e-05
Master_msaldodolares	5.64683388407328e-05	0.000189745582368375	6.09833654802789e-05
mtarjeta_visa_descuentos	5.5770617531322e-05	0.0016903544884024	0.000141132931540074
Master_madelantodolares_tend12	5.55788692367128e-05	2.86624957023713e-05	3.48476374173022e-06
mplazo_fijo_pesos_tend12	5.40945911081844e-05	5.01664847059333e-05	3.31052555464371e-05
Master_mpagado	5.39800568378914e-05	0.000111329242952916	8.01495660597951e-05
mforex_buy_tend6	5.37717794092694e-05	0.000207170293300845	5.40138379968184e-05
Master_mconsumototal_delta1	5.31842572160191e-05	0.000132949321833346	7.66648023180649e-05
Master_mconsumototal_lag1	5.25975414536728e-05	0.000107353560071672	7.14376567054695e-05
minversion2	5.20793948614779e-05	0.00205171064297369	0.00015681436837786
ccajas_consultas_lag1	5.07085553455964e-05	0.000149295219346038	0.000121966730960558
vm_fultimo_cierre_delta1	5.02361675375235e-05	3.49052525550415e-05	0.000181207714569971
mpagodeservicios_avg12	4.9855290559256e-05	0.000173038129735083	0.000101058148510176
ccheques_depositados_avg6	4.90813446523195e-05	0.000171695978924316	5.40138379968184e-05
mprestamos_prendarios_avg6	4.86794318719458e-05	0.00113518122326081	6.44681292220091e-05
cpagodeservicios_lag1	4.7948625679991e-05	4.40066040051417e-06	6.96952748346044e-06
ccajas_extracciones	4.78992214230414e-05	0.000945503966269558	8.71190935432555e-05
vm_mconsumototal_tend6	4.75624100242127e-05	0.000179226637503603	0.000284008244951013
vm_status04_delta1	4.69029432042236e-05	0.000175581352105708	5.57562198676835e-05
mpayroll2_avg12	4.66898964885638e-05	0.00011450226081358	1.74238187086511e-05
mprestamos_prendarios_tend6	4.64681351700959e-05	0.000481272410718753	8.88614754141206e-05
mprestamos_hipotecarios	4.61771355464979e-05	1.96332654836769e-05	8.71190935432555e-06
mcheques_emitidos_rechazados_delta1	4.56531586532609e-05	1.1646155426677e-05	1.5681436837786e-05
mtarjeta_master_descuentos_delta1	4.51646138727095e-05	0.000365455993519756	3.31052555464371e-05
mplazo_fijo_pesos_tend6	4.51377833811186e-05	3.89011799924693e-06	6.96952748346044e-06
Master_madelantodolares_tend6	4.48231685732143e-05	0.000105359787608731	1.21966730960558e-05
ctarjeta_visa_delta1	4.47484989009719e-05	9.83569109355863e-06	1.39390549669209e-05
minversion2_lag1	4.46141244675156e-05	0.000544237725269095	6.62105110928742e-05
cseguro_vida	4.45757947055712e-05	0.000203578466184122	0.000155071986506995
cseguro_vivienda_lag1	4.43208327121246e-05	2.08450919640083e-05	5.05290742550882e-05
mpagodeservicios_avg6	4.39078012296606e-05	6.9542264740644e-05	2.09085824503813e-05
cinversion2	4.3880233615486e-05	0.00033083353210891	4.87866923842231e-05
Master_msaldodolares_lag1	4.37656921464088e-05	0.000122672837160998	2.78781099338418e-05
vm_mconsumototal_delta1	4.36099952281758e-05	7.12785517546191e-05	0.000135905785927479
ccheques_emitidos_tend6	4.32924788101666e-05	0.000150340502719636	3.31052555464371e-05
vm_status05_avg6	4.27351456809394e-05	8.68364931820839e-06	9.58310028975811e-05
mpagodeservicios_lag1	4.26825451880363e-05	2.20475869692235e-06	1.5681436837786e-05
Master_Finiciomora_avg6	4.18128543331701e-05	0.000435681986513398	4.00747830298975e-05
mprestamos_prendarios_lag1	4.15221040194995e-05	0.00017885432746253	2.96204918047069e-05
ccaja_seguridad_tend6	4.10796414460424e-05	0.00048824760928774	3.1362873675572e-05
Visa_cadelantosefectivo_avg6	4.10243585953141e-05	0.000446636347496722	3.1362873675572e-05
ctarjeta_master_descuentos_delta1	4.0914253549498e-05	0.000102615384961026	2.26509643212464e-05
Master_mpagosdolares	4.06694029933512e-05	1.27683048495367e-06	1.21966730960558e-05
ctarjeta_visa_descuentos	4.05842376165422e-05	4.92654437951466e-05	1.21966730960558e-05
vmr_msaldodolares2_lag1	4.01117875643901e-05	0.000674318172066323	0.000148102459023534
vm_msaldodolares	3.94439837114154e-05	0.000347573882146001	6.2725747351144e-05
ccajas_otras_lag1	3.93033724667367e-05	1.54503922227368e-05	5.22714561259533e-05
mcheques_depositados_delta1	3.91536196559244e-05	8.36528785615422e-05	3.83324011590324e-05
mplazo_fijo_pesos_delta1	3.88819504000371e-05	2.77576589373001e-05	1.39390549669209e-05
Master_mconsumosdolares_tend6	3.88191794140451e-05	0.000110071233578789	6.44681292220091e-05
cprestamos_prendarios	3.77026575208671e-05	3.19784907410854e-06	2.09085824503813e-05
cpayroll2_trx_delta1	3.64337187696573e-05	1.93995041239889e-05	1.5681436837786e-05
mcheques_depositados_lag1	3.61641152367116e-05	0.000206932261605086	3.65900192881673e-05
Master_mpagosdolares_avg6	3.59636435334329e-05	0.000567726155260482	8.71190935432555e-05
mplazo_fijo_pesos_lag1	3.52086125826702e-05	4.6957880711352e-07	3.48476374173022e-06
cprestamos_prendarios_tend6	3.51988095718219e-05	9.88793153814927e-05	4.53019286424929e-05
vm_Fvencimiento_delta1	3.51125905738078e-05	5.33937516507469e-05	0.000109770057864502
ccajas_transacciones_lag1	3.50347061091193e-05	2.74549395581101e-05	5.40138379968184e-05
Master_mconsumosdolares_delta1	3.4413463870638e-05	1.06010302136739e-05	2.09085824503813e-05
vm_status02	3.43361604759275e-05	0.000500080868698524	4.7044310513358e-05
mforex_buy_delta1	3.25447683285032e-05	5.26042139595678e-06	1.04542912251907e-05
cinversion2_tend12	3.16792995721947e-05	0.000233348086052811	2.78781099338418e-05
minversion1_pesos	3.16456806594644e-05	0.000519238703433066	5.57562198676835e-05
mforex_buy_avg6	3.15154445820243e-05	0.00111614090184849	8.01495660597951e-05
Master_cadelantosefectivo_tend6	3.14903719526652e-05	4.8115616268129e-06	1.21966730960558e-05
tcallcenter_lag1	3.13670427976978e-05	5.58879442368635e-05	8.71190935432555e-05
cforex_buy_avg12	3.10118311572619e-05	0.000123656437902473	8.88614754141206e-05
mtarjeta_master_descuentos_avg6	3.05411783503251e-05	0.00251682505096684	0.000134163404056613
vm_msaldodolares_lag1	2.98293639643676e-05	0.000629098950777874	8.53767116723904e-05
ctarjeta_visa_avg6	2.9608214945905e-05	6.59730545890337e-05	3.65900192881673e-05
vmr_mpagosdolares	2.81811675396997e-05	0.000244199800809858	6.44681292220091e-05
Master_msaldodolares_avg6	2.80584027672599e-05	0.00045072527336412	7.840718418893e-05
mplazo_fijo_pesos_avg12	2.77228022082279e-05	2.22184004120267e-06	1.21966730960558e-05
ctarjeta_master_delta1	2.70263935937277e-05	3.91463289150109e-05	2.09085824503813e-05
minversion2_delta1	2.6399648234303e-05	0.000224033534120397	6.2725747351144e-05
Visa_cadelantosefectivo_tend6	2.63208539722512e-05	2.57485448966255e-07	3.48476374173022e-06
vm_madelantodolares_avg6	2.6184071478912e-05	1.37485842185126e-05	1.74238187086511e-06
vm_status06	2.61385461810049e-05	7.45132522474065e-05	6.96952748346044e-06
tcuentas_lag1	2.61118542902098e-05	4.70543586744167e-06	2.43933461921115e-05
cprestamos_hipotecarios_tend6	2.55310431351069e-05	5.89432906147075e-06	1.39390549669209e-05
cinversion2_lag1	2.51228843653337e-05	0.000118985322884187	2.09085824503813e-05
mpayroll2_tend6	2.50357764515283e-05	7.16356783785539e-06	5.22714561259533e-06
mforex_buy_lag1	2.48889556798358e-05	6.24259869207498e-07	6.96952748346044e-06
vm_mpagosdolares	2.48827420238218e-05	9.288249825434e-05	3.31052555464371e-05
tcuentas_delta1	2.45607944247211e-05	5.05465446161704e-06	2.61357280629767e-05
ccajeros_propios_descuentos_avg6	2.41849774409109e-05	0.000368098224422968	9.93157666393113e-05
vm_status02_delta1	2.38760671876881e-05	1.17611381793788e-05	1.39390549669209e-05
cinversion1	2.32019961219552e-05	0.000206430259875959	3.1362873675572e-05
mcheques_emitidos_avg6	2.25729511976555e-05	0.000555873125775299	8.01495660597951e-05
cpagodeservicios_avg6	2.24374941920075e-05	0.000125523207407478	1.39390549669209e-05
mcheques_emitidos_rechazados_tend12	2.21914913941278e-05	1.08694287437082e-05	1.39390549669209e-05
mpagodeservicios_delta1	2.19363987744919e-05	0.000262356320816263	1.5681436837786e-05
vmr_madelantopesos_lag1	2.18194610572905e-05	3.22726694481353e-06	5.22714561259533e-06
ccuenta_corriente	2.15222020322022e-05	1.57670297343034e-06	6.96952748346044e-06
Visa_madelantopesos_avg6	2.15061578918257e-05	0.000199101572376728	2.43933461921115e-05
ctarjeta_master_descuentos_avg6	2.14071581177603e-05	0.000196703699593081	5.40138379968184e-05
ccajas_otras	2.13770417563034e-05	2.00218660660541e-05	4.18171649007626e-05
cforex_delta1	2.13187694462242e-05	4.01769033532567e-05	2.43933461921115e-05
Visa_mpagosdolares	2.10148000758576e-05	7.36912916342139e-05	6.79528929637393e-05
cseguro_vivienda	2.03076990849354e-05	0.000102893273126772	8.71190935432555e-05
mcheques_emitidos_delta1	2.02168341144442e-05	0.000382294244965268	2.78781099338418e-05
cseguro_auto_lag1	2.00818959758935e-05	3.91947260571384e-05	1.5681436837786e-05
ccheques_depositados_rechazados_tend12	1.97597764455732e-05	0.000165546220501617	2.09085824503813e-05
mforex_buy	1.9391692359522e-05	1.55645841724626e-06	3.48476374173022e-06
Visa_delinquency_delta1	1.91199906137946e-05	8.90159461837761e-06	3.65900192881673e-05
Master_mconsumosdolares_avg6	1.84445773886997e-05	0.00024258751170251	4.18171649007626e-05
ctarjeta_master_avg12	1.83473536426434e-05	2.14843770897586e-05	7.14376567054695e-05
cpayroll2_trx_tend6	1.82253651379698e-05	9.22708912327476e-07	5.22714561259533e-06
cinversion2_avg6	1.77322688806875e-05	0.000125850283518327	2.78781099338418e-05
minversion1_pesos_delta1	1.76086623918585e-05	0.000363545097208693	3.31052555464371e-05
Master_fechaalta_delta1	1.75544692960078e-05	5.30091050832493e-06	1.91662005795162e-05
mplazo_fijo_pesos	1.75481529816682e-05	4.45253707573587e-06	6.96952748346044e-06
cprestamos_hipotecarios	1.73862676520459e-05	2.00152233210562e-06	2.61357280629767e-05
minversion2_avg6	1.73655702090045e-05	0.000952586714043272	0.000108027675993637
mprestamos_hipotecarios_tend6	1.69655087473417e-05	0.000290704393255401	2.78781099338418e-05
ccajas_transacciones	1.68423449545116e-05	5.62823967612626e-05	5.74986017385486e-05
cpayroll2_trx_tend12	1.65575430119278e-05	9.02394765481514e-05	2.43933461921115e-05
vm_status01_delta1	1.65480590146744e-05	4.90008411193969e-05	3.1362873675572e-05
mcheques_emitidos_rechazados_tend6	1.6488439748709e-05	8.46388517119449e-05	1.5681436837786e-05
Visa_delinquency_lag1	1.64365786229034e-05	0.000230966661971063	3.83324011590324e-05
ccheques_emitidos_rechazados_tend12	1.637559662821e-05	0.000146319269586978	2.26509643212464e-05
ccheques_emitidos_rechazados_tend6	1.63753896617869e-05	1.48683612324445e-05	1.04542912251907e-05
ccheques_emitidos	1.6373790858426e-05	0.000147553396711231	2.09085824503813e-05
mprestamos_prendarios	1.6232545941238e-05	0.00146811987289168	9.40886210267159e-05
mplazo_fijo_pesos_avg6	1.61138862480001e-05	2.61597624441146e-07	1.74238187086511e-06
Master_msaldodolares_tend6	1.58134224582118e-05	0.000169327682171969	4.35595467716278e-05
mtarjeta_master_descuentos_tend6	1.56163246937244e-05	0.000167905502100038	4.18171649007626e-05
minversion1_dolares_tend6	1.46528868877803e-05	6.07969327903122e-07	1.74238187086511e-06
mcheques_depositados_rechazados_avg12	1.43569335119126e-05	0.000875965497383199	4.00747830298975e-05
minversion1_pesos_avg6	1.34535284238555e-05	0.000361475407660061	4.18171649007626e-05
cseguro_auto_delta1	1.30507585807891e-05	9.0467860447603e-07	3.48476374173022e-06
cprestamos_prendarios_avg6	1.30056310914849e-05	0.000722079824922421	5.57562198676835e-05
mprestamos_hipotecarios_avg6	1.29635511856776e-05	0.000105894370420466	6.96952748346044e-06
vm_mconsumototal_lag1	1.23759628533838e-05	6.32829010254791e-05	8.18919479306602e-05
ccuenta_corriente_avg6	1.18690584287513e-05	1.71287924588731e-07	1.74238187086511e-06
tcuentas	1.16081294045368e-05	1.27921870994101e-05	7.840718418893e-05
ccheques_depositados_delta1	1.11274131955031e-05	1.87997591470355e-05	1.91662005795162e-05
Master_cadelantosefectivo_lag1	1.10012124535928e-05	6.10151944116718e-06	5.22714561259533e-06
ccheques_emitidos_rechazados	1.06866019364168e-05	1.32807451779462e-06	8.71190935432555e-06
ccheques_depositados_lag1	1.06673827980559e-05	8.95347129359931e-07	5.22714561259533e-06
Visa_cadelantosefectivo_delta1	1.05644512329102e-05	1.80382158812048e-05	6.96952748346044e-06
Master_mconsumosdolares	1.04517974566296e-05	4.70796643696468e-06	1.91662005795162e-05
cprestamos_hipotecarios_lag1	1.03224490566544e-05	4.76696033896985e-07	8.71190935432555e-06
cseguro_auto_tend6	1.02147348049545e-05	5.71750551605044e-07	6.96952748346044e-06
mcheques_emitidos_rechazados_avg12	9.86247301488691e-06	0.000315078997061627	4.00747830298975e-05
cprestamos_hipotecarios_avg6	9.68975448773393e-06	0.000210567741046081	1.21966730960558e-05
Master_madelantopesos	9.5278004281321e-06	2.03473605709513e-06	6.96952748346044e-06
cinversion1_avg6	9.31615918678057e-06	5.57707472358291e-05	1.74238187086511e-05
cseguro_vida_lag1	9.20353642950651e-06	0.000128535059621645	6.2725747351144e-05
cforex_lag1	8.98628017683774e-06	1.95432721050149e-05	2.26509643212464e-05
ccuenta_corriente_lag1	8.75840442698672e-06	2.50684543373166e-07	3.48476374173022e-06
Master_madelantopesos_delta1	8.71606732026893e-06	1.03595189848217e-06	3.48476374173022e-06
vm_Finiciomora_delta1	8.41454821639184e-06	0.00025924672535427	3.65900192881673e-05
vm_cadelantosefectivo_tend6	8.28755863120598e-06	1.54206580308414e-07	3.48476374173022e-06
ccajeros_propios_descuentos	8.11564324887069e-06	5.00704812246541e-06	1.04542912251907e-05
cpayroll2_trx_avg12	7.2466360634249e-06	3.1916808108962e-07	1.74238187086511e-06
cforex_buy_avg6	7.10955622391696e-06	1.28524462861768e-05	6.96952748346044e-06
Visa_madelantopesos_tend6	6.42475004811047e-06	1.67749872074373e-05	8.71190935432555e-06
vm_fechaalta_delta1	6.34720419671745e-06	1.17750563117553e-05	1.91662005795162e-05
cprestamos_prendarios_lag1	6.11183269352811e-06	2.0576693433974e-06	5.22714561259533e-06
vm_status01_lag1	6.01230954334793e-06	0.00134776756798328	5.22714561259533e-05
Master_mpagosdolares_lag1	5.92299091647896e-06	1.0616213630812e-05	8.71190935432555e-06
vm_cadelantosefectivo_delta1	5.7481257073057e-06	1.4281901745487e-07	1.74238187086511e-06
ctarjeta_master_avg6	4.43408889322503e-06	7.80997019038922e-06	2.26509643212464e-05
Master_cadelantosefectivo_delta1	4.39260411365184e-06	2.87773202944779e-06	5.22714561259533e-06
mcheques_depositados_rechazados	4.36101337372703e-06	1.31178397649024e-06	8.71190935432555e-06
vmr_madelantopesos_avg6	3.93684472343276e-06	0.000545313849958755	2.09085824503813e-05
Master_mconsumosdolares_lag1	3.4948229379168e-06	3.27503144456034e-06	1.04542912251907e-05
cforex_buy_lag1	3.32035674162825e-06	8.84117727101575e-08	1.74238187086511e-06
cforex_sell_lag1	3.2971218753199e-06	3.17556424624654e-05	1.91662005795162e-05
vm_status04_lag1	3.28634276052365e-06	1.90884022332539e-06	3.48476374173022e-06
ctarjeta_visa_descuentos_lag1	3.19864042466069e-06	5.68318466689461e-06	5.22714561259533e-06
ccheques_depositados_rechazados_avg12	3.10244026509923e-06	0.00112746551678515	5.40138379968184e-05
Master_madelantopesos_lag1	3.04464754611586e-06	8.49955038540942e-07	3.48476374173022e-06
Master_status_lag1	2.99158573869039e-06	1.46124573894301e-06	1.39390549669209e-05
ccheques_emitidos_lag1	2.86354609001472e-06	1.24674833974889e-05	3.48476374173022e-06
vm_madelantopesos_avg6	2.7353551670006e-06	1.27951921507187e-07	1.74238187086511e-06
ctarjeta_master	2.29235715572349e-06	1.9485385327176e-07	1.5681436837786e-05
cforex	2.26259052818482e-06	3.32058169597452e-06	8.71190935432555e-06
Master_madelantopesos_avg6	2.24277199890997e-06	0.000202866110863395	1.39390549669209e-05
cliente_vip_lag1	2.17464839554754e-06	2.60806821465205e-07	3.48476374173022e-06
Visa_delinquency	2.14484206385844e-06	1.48971464607688e-06	2.43933461921115e-05
Visa_madelantopesos_delta1	2.05343688015785e-06	6.55259345864369e-07	1.74238187086511e-06
Master_delinquency_lag1	2.01829814059664e-06	2.89433889194254e-07	6.96952748346044e-06
Master_delinquency_delta1	1.63241240605304e-06	1.09621108524884e-06	3.48476374173022e-06
cforex_sell	1.56914050145743e-06	3.69711462493887e-05	1.21966730960558e-05
minversion1_dolares_lag1	1.53373159513712e-06	0.00193496471595677	4.53019286424929e-05
vm_status05	1.51433655705807e-06	2.35342965639918e-07	3.48476374173022e-06
Master_delinquency	1.26009835579e-06	2.67512830701181e-06	6.96952748346044e-06
ccheques_depositados_rechazados	1.20738089710802e-06	2.60490500274829e-07	3.48476374173022e-06
Master_Finiciomora_lag1	1.16453228330653e-06	5.88368485341459e-05	1.04542912251907e-05
cinversion1_lag1	1.15227454609673e-06	6.78192632166646e-07	1.74238187086511e-06
ctarjeta_master_lag1	1.13471969441422e-06	1.26686636745682e-07	3.48476374173022e-06
ccheques_emitidos_rechazados_avg12	1.11540059869553e-06	4.31784751287367e-05	6.96952748346044e-06
mcheques_emitidos_rechazados_lag1	1.10133986203412e-06	1.47500571072438e-06	3.48476374173022e-06
cprestamos_prendarios_delta1	9.7874694036267e-07	3.11734533115779e-07	5.22714561259533e-06
vm_madelantopesos_tend6	9.47082749970329e-07	8.69663430307333e-05	6.96952748346044e-06
Visa_Finiciomora_delta1	9.3537798358575e-07	1.12135861988375e-07	1.74238187086511e-06
cinversion1_delta1	3.89745106059574e-07	1.19094928176652e-06	3.48476374173022e-06
vm_status03_avg6	3.72424982851105e-07	2.59652249120332e-06	2.43933461921115e-05
minversion1_dolares_avg12	3.63067761880191e-07	0.000346402386617443	1.04542912251907e-05
vm_madelantopesos_delta1	3.04989159480909e-07	5.81082026721142e-07	1.74238187086511e-06
mcheques_depositados_rechazados_avg6	2.84292680430773e-07	0.000191948126816964	6.96952748346044e-06
Visa_fechaalta_delta1	2.71503563393306e-07	6.54357830471797e-06	1.91662005795162e-05
mcheques_emitidos_lag1	2.58206914605819e-07	2.69500909382696e-05	6.96952748346044e-06
ccheques_depositados	2.30709997482454e-07	2.14244342241824e-06	5.22714561259533e-06
mcheques_depositados_rechazados_tend12	2.22277951271428e-07	0.000251564865245983	8.71190935432555e-06
ccheques_depositados_rechazados_tend6	2.0425124805791e-07	3.90340348924273e-07	5.22714561259533e-06
minversion1_dolares	1.99683587693805e-07	0.000152968499169282	3.48476374173022e-06
vm_status03	1.96203023133049e-07	1.15299073892137e-07	3.48476374173022e-06
cprestamos_hipotecarios_delta1	1.84784387110192e-07	1.77772508991444e-07	3.48476374173022e-06
Visa_cadelantosefectivo_lag1	1.72338139430631e-07	2.8310746538673e-08	1.74238187086511e-06
mcuenta_corriente_adicional_lag1	9.91615459552703e-08	3.40045279654452e-07	1.74238187086511e-06
mpayroll2_avg6	9.52794979397943e-08	3.97647368421964e-06	3.48476374173022e-06
cliente_vip	8.47690448119406e-08	8.54067214015833e-08	1.74238187086511e-06
mpayroll2	7.13410303386604e-08	1.60533004115939e-07	3.48476374173022e-06
mcuenta_corriente_adicional_tend6	5.25222786804724e-08	3.27392432039403e-08	1.74238187086511e-06
mcuenta_corriente_adicional_tend12	4.08015204372573e-08	8.65138455679001e-08	3.48476374173022e-06
mcheques_emitidos_rechazados_avg6	3.03358635602326e-08	3.47727139762739e-05	3.48476374173022e-06
Master_cadelantosefectivo_avg6	9.19459272580736e-09	0.000100829435520162	3.48476374173022e-06
mcheques_depositados_rechazados_tend6	6.19594992437285e-09	2.07348540291622e-07	1.74238187086511e-06
vm_status05_lag1	5.17944445180437e-09	8.85699333053456e-08	3.48476374173022e-06
vmr_madelantodolares_avg6	4.39276242635461e-09	5.00915165838142e-05	1.74238187086511e-06
Visa_madelantopesos_lag1	1.40237381553412e-09	2.27751257070889e-07	1.74238187086511e-06
vm_status03_lag1	6.47626517180317e-10	3.1331613906766e-07	1.74238187086511e-06
Visa_madelantopesos	4.24788225430638e-10	3.28309763491494e-06	1.74238187086511e-06
