Feature	Gain	Cover	Frequency
ctrx_quarter_normalizado	0.0994855111674722	0.00663554606505558	0.00504413619167718
ctrx_quarter	0.0777125403850455	0.00604811597351683	0.00668166601649324
mcuentas_saldo	0.0219780046816634	0.00939406761398552	0.00781795748772987
mpayroll_sobre_edad	0.0214946878002139	0.00877252189024574	0.00356083355257786
ctrx_quarter_normalizado_lag1	0.0182670097468655	0.00227166848033974	0.00270577989058942
mpasivos_margen	0.0157631309464802	0.00484116744747305	0.00744826585137943
cpayroll_trx	0.0154888356449951	0.005040203712368	0.00276248106180881
mprestamos_personales	0.0153299680921896	0.00971604255930956	0.0030527910584521
mcaja_ahorro	0.0152276640870194	0.00362429780603043	0.00762290545873516
ctrx_quarter_lag1	0.0116411781195596	0.00201724931942117	0.00310495613597394
mcomisiones_mantenimiento_tend6	0.0111152236021857	0.00475028148890265	0.00535259056311067
mtarjeta_visa_consumo	0.0103389291778508	0.00322409008571694	0.00449300080742468
ccomisiones_mantenimiento_tend6	0.00937771923069	0.00513345958332991	0.00252206809583859
mprestamos_personales_lag1	0.00854379186872037	0.00296631801137808	0.00125422990737297
mcomisiones_avg6	0.00743916375986329	0.00361030621240942	0.00491939361499451
mpayroll	0.00742473559568247	0.00326005650574411	0.00288268754479393
mcomisiones_otras_avg6	0.00694789596086044	0.0039963872147944	0.00482867174104348
mcuenta_corriente	0.00582846238388982	0.0017887342053877	0.00353134894354378
vm_status01	0.00549563990897322	0.0016991684924515	0.0005602075716476
mcuenta_corriente_avg6	0.00544639095354747	0.00478207420026604	0.00611465430429931
mrentabilidad_annual_avg6	0.00533419450423174	0.00390243222651814	0.00611465430429931
mcaja_ahorro_lag1	0.00494959450554187	0.00199870912267155	0.00465176408683898
numero_de_cliente	0.004929287360762	0.0039915324116813	0.00757754452175964
mcuentas_saldo_tend6	0.00463680356549438	0.00257555427234277	0.00491485752129696
mrentabilidad_annual_lag1	0.00437428149497851	0.00243073083265243	0.00462454752465367
mcuentas_saldo_lag1	0.00431379070854789	0.00240015787293758	0.00436145409019569
vm_msaldopesos	0.00418309449451533	0.00148796349103889	0.00230433559835612
cliente_edad_avg6	0.0041541421572197	0.0050867812593153	0.00724867772868716
mpasivos_margen_avg6	0.00409372378012627	0.00351971805573457	0.00530042548558883
mrentabilidad_annual_tend6	0.00407521134291359	0.00396052161901483	0.00617589156921625
mactivos_margen	0.00405425248234433	0.00247050300237896	0.00399176245384525
cpayroll_trx_avg6	0.0038509524965067	0.00420483339680901	0.00247670715886307
ctransferencias_recibidas_avg6	0.0038403878526566	0.00410572703021125	0.00559980766962722
chomebanking_transacciones_avg6	0.00375253958825685	0.00237617967769608	0.00503733205113085
mcuenta_corriente_tend6	0.00374442233666462	0.00409986384308143	0.00532537400092536
mactivos_margen_avg6	0.00372998302887051	0.00399347279484958	0.00464722799314143
mcomisiones_mantenimiento	0.00357986238968613	0.0043055863078226	0.00266949114100901
Visa_fechaalta	0.00355120705514018	0.00208978347207986	0.00435011385595181
cliente_edad_lag1	0.00353239107826945	0.00515266488041564	0.00662042875157629
mrentabilidad_annual	0.00351772076689689	0.00478113380302554	0.00423671151351302
mactivos_margen_tend6	0.0035055737364376	0.0025308000071213	0.00514393025302331
Master_Fvencimiento_avg6	0.00347963694325098	0.00278403442415534	0.00462454752465367
cliente_edad	0.00340559867183807	0.00388704117158127	0.00612372649169441
mcaja_ahorro_avg6	0.0032936130375337	0.00406439253285969	0.00550681774882742
mrentabilidad_annual_delta1	0.00327423711698894	0.00406915373030727	0.00541609587487639
mcuentas_saldo_avg6	0.00314553892302321	0.00274685264024521	0.0044158872145663
cdescubierto_preacordado_avg6	0.00314515518871887	0.00122105410720909	0.000743919366398432
ctrx_quarter_tend6	0.00307496347924086	0.00258760486945193	0.00476289838242899
mrentabilidad_avg6	0.00306801789947298	0.00310175234045002	0.00340887441370989
mrentabilidad	0.00306497783735874	0.00252625956618025	0.003771761909514
mcuentas_saldo_delta1	0.00305930253540946	0.00517390487403929	0.00408248432779628
cproductos_tend6	0.00304721061839896	0.00346644312721588	0.00174866412040607
vm_Fvencimiento_avg6	0.00303783556930671	0.00386871965540609	0.00414372159271322
ctrx_quarter_normalizado_tend6	0.00302060634980014	0.00221040715795749	0.00471300135175592
ccomisiones_otras_avg6	0.00297958636722319	0.00441202076190741	0.00671568671922487
Master_Fvencimiento	0.00297705516403763	0.00242190425245238	0.00446124815154182
cdescubierto_preacordado	0.00293130897745104	0.00128276250987686	0.00054433124370617
mactivos_margen_lag1	0.00284945067158813	0.00193179966085276	0.00320701824416885
mcuenta_corriente_lag1	0.00284779062821886	0.00183072941530979	0.00317980168198354
chomebanking_transacciones_tend6	0.00283386516111758	0.00259676595780144	0.00460867119671224
cliente_antiguedad	0.00282714846145524	0.00329173121923982	0.00466537236793163
Visa_mpagospesos_tend6	0.00281223744166587	0.00364449756895176	0.00456784635343428
ccajas_consultas_tend6	0.00277148023771305	0.00441985452758147	0.00131093107859236
ctarjeta_visa_transacciones	0.0027687251026507	0.00259911044002475	0.00315938926034456
mcomisiones_mantenimiento_avg6	0.00276169000558616	0.00354712300152668	0.00368104003556297
mactivos_margen_delta1	0.00275812148063246	0.00231853175103219	0.00348371995971949
ctrx_quarter_delta1	0.00275539149571946	0.00246473011829541	0.00372186487884094
mrentabilidad_tend6	0.00274153132093162	0.00225639815972649	0.00438186651183467
ccomisiones_mantenimiento_avg6	0.00272776578601259	0.00690737738952974	0.00333629691454907
cprestamos_personales	0.00271208157496497	0.0011999504173998	0.000632785070808423
azar	0.00269146850105154	0.0018914658571331	0.00506681666016493
Master_Fvencimiento_lag1	0.00267797776795551	0.00234390464238178	0.0043228972937665
Master_fechaalta_avg6	0.00266946585996167	0.00157059596820918	0.00371506073829461
Visa_Fvencimiento_avg6	0.00259643478084987	0.00188669253435486	0.00395547370426484
mtransferencias_recibidas_avg6	0.00258535564891832	0.00256657652654175	0.00469939307066327
Visa_fechaalta_avg6	0.0025466944342271	0.00210848370432215	0.00344969925698785
mcaja_ahorro_tend6	0.00253759205653973	0.00240894935101306	0.00410743284313281
chomebanking_transacciones	0.00249060233408632	0.00447838647105729	0.00370598855089951
Master_mfinanciacion_limite_tend6	0.00248291952149499	0.00561589473815315	0.00378763823745543
Visa_Fvencimiento	0.00245062049850261	0.00150553149104269	0.00372413292568971
vm_msaldototal	0.00244388709279256	0.00124160555189998	0.00196186052419099
ccomisiones_otras_tend6	0.00243140785086951	0.00205259951787708	0.00411650503052791
mpasivos_margen_tend6	0.00239779548501164	0.00257434994864414	0.00390557667359177
Visa_fechaalta_lag1	0.00238979461094416	0.00154832551020013	0.00334083300824662
mcomisiones_tend6	0.00237652800114601	0.0014697143494055	0.0034451631632903
Master_fechaalta_lag1	0.00236950663796056	0.00230789127798103	0.00402578315657688
Master_fechaalta	0.00235361543848714	0.00187314485994095	0.004014442922333
mprestamos_personales_avg6	0.00233808163365662	0.00183278147418889	0.000798352490769049
ccallcenter_transacciones_avg6	0.00229833690099176	0.00615250487960048	0.00535712665680822
Visa_cconsumos_avg6	0.00229177570196295	0.00135713277729616	0.00315031707294946
vm_Fvencimiento_lag1	0.00228421808001023	0.00471092964824574	0.00354722527148521
cliente_antiguedad_avg6	0.00226031975141329	0.00253845830935279	0.0035948542553095
Visa_Fvencimiento_lag1	0.00223854744029414	0.00155534602947471	0.00348598800656826
vm_status01_avg6	0.00221664445691493	0.000607561678962766	0.000233608825423898
mcomisiones_otras_tend6	0.00215498546206201	0.00158891658795914	0.0035109365219048
mttarjeta_visa_debitos_automaticos_avg6	0.00214749233171861	0.00194491351263841	0.00254248051747757
mpasivos_margen_lag1	0.002140426897701	0.00210053066691298	0.0043319694811616
vm_Fvencimiento	0.00212899613695306	0.0016959964682054	0.00337485371097825
cmobile_app_trx_avg6	0.00212186847028259	0.00346152684820451	0.00333402886770029
thomebanking_avg6	0.00209751030345225	0.00100430938663179	0.00259464559499941
ctarjeta_debito_avg6	0.00209456895024335	0.00221919717344445	0.0033703176172807
vmr_mpagominimo_avg6	0.00207469163636778	0.00166047354276286	0.00223629419289285
mtransferencias_recibidas_tend6	0.00205401039897618	0.00226520105542851	0.0035948542553095
ccallcenter_transacciones_tend6	0.00204178471249231	0.00379979535994513	0.0026332023914286
mcuenta_debitos_automaticos	0.00202673271693215	0.00178551254749233	0.00144020974897257
mcuenta_corriente_delta1	0.00201497123225959	0.00350560138720464	0.00316392535404211
mautoservicio	0.00201299444534934	0.00371239158874842	0.00451341322906366
mprestamos_personales_tend6	0.00201193995479187	0.00343871683657102	0.00145154998321645
cproductos_avg6	0.00200524714564859	0.00377247816946444	0.00450887713536611
vm_mpagominimo	0.00199690201197164	0.00109874094286542	0.0020072214611665
ctransferencias_recibidas_tend6	0.00198954703667719	0.00186496299819822	0.00335670933618805
Visa_cconsumos_tend6	0.00198559072798977	0.00291243823173441	0.00339753417946601
mcaja_ahorro_dolares_avg6	0.0019747720856935	0.00380349603917216	0.00327505964963212
cliente_antiguedad_lag1	0.00195826093339783	0.00178369426687565	0.00320701824416885
mautoservicio_avg6	0.00194920972314075	0.00485018119182387	0.0040802162809475
cproductos_delta1	0.00194168775397993	0.00173403641413677	0.000616908742866993
vmr_msaldopesos2	0.00191701513910435	0.00161029741470354	0.00281237809248188
mrentabilidad_lag1	0.00191271095463174	0.00134688819393219	0.00301423426202292
chomebanking_transacciones_lag1	0.00191016076921744	0.00148834975594999	0.00325011113429559
mrentabilidad_delta1	0.00189339974564385	0.00224333247900156	0.0038556796429187
Visa_mlimitecompra_tend6	0.00188935752045085	0.00160622674776028	0.00288268754479393
Master_mlimitecompra_tend6	0.00188216874651655	0.00203684111731937	0.00303918277735945
Visa_msaldopesos	0.00186756303020713	0.00225950908551652	0.00242907817503878
vm_fechaalta	0.00186355176053787	0.00148138453195766	0.00314124488555436
cproductos	0.00185922556907516	0.00363675962641614	0.00330908035236376
vmr_msaldopesos2_tend6	0.00185398364544777	0.00210055968278208	0.00278969762399412
mpasivos_margen_delta1	0.00182434226483525	0.00217498043309559	0.0034360909758952
Visa_mfinanciacion_limite_tend6	0.00181500629815757	0.00154582646539605	0.00267856332840411
ctrx_quarter_normalizado_delta1	0.00181125306411916	0.0014827729059089	0.00243815036243389
Visa_mpagado_avg6	0.00180170056202976	0.00321737760645757	0.00301650230887169
mv_status07_avg6	0.00178685156940516	0.000543198442223007	0.000399176245384525
Visa_mconsumospesos_tend6	0.00177490286892148	0.00249639454649118	0.00310495613597394
mcomisiones_otras	0.00176186022069206	0.00143949057090563	0.00261732606348717
mtransferencias_recibidas	0.00174802485507244	0.00254848458958452	0.00308227566748619
vm_fechaalta_avg6	0.00174736772415629	0.00115297433866992	0.0024744391120143
vm_cconsumos_avg6	0.00172679455556658	0.00246604828799752	0.00217959302167346
mttarjeta_visa_debitos_automaticos_tend6	0.00169302842561758	0.00327281928910379	0.00243588231558511
ccomisiones_mantenimiento_delta1	0.00169302760674777	0.00174840686536571	0.000644125305052301
vm_status06	0.00167798330619788	0.000455679598335674	0.000229072731726347
mcomisiones_otras_lag1	0.0016767960122	0.00135048861507493	0.00290990410697923
mcaja_ahorro_delta1	0.00167593105506249	0.00310136399960683	0.00320021410362252
mtransferencias_emitidas_avg6	0.00167516611935348	0.00218978848137479	0.00455423807234162
ccaja_seguridad	0.00165887397889075	0.0032592979412833	0.00059196022753046
vmr_mpagado_avg6	0.00164100817332447	0.00402559520197439	0.00262186215718472
Visa_mpagominimo_tend6	0.00163108692574389	0.00155150296017785	0.00261959411033594
mcomisiones_lag1	0.00162903596422355	0.00135198139897467	0.00278969762399412
Visa_mpagominimo_avg6	0.00162756887436648	0.00156927081582638	0.00251299590844349
Visa_mconsumospesos_avg6	0.00161068285557955	0.0013272289282408	0.00256062489226777
vm_mpagospesos_tend6	0.00156143772038048	0.00196715901228201	0.00208887114772243
ctarjeta_visa_transacciones_tend6	0.00155888232718443	0.00364304602061235	0.00263773848512615
ctarjeta_debito_transacciones_avg6	0.00155281590956786	0.00273322740145926	0.00350866847505602
mcaja_ahorro_dolares	0.0015514650566693	0.00463707831667072	0.00276474910865759
ctransferencias_emitidas_avg6	0.00154419663984719	0.0012614980296905	0.00255608879857022
Master_mfinanciacion_limite_avg6	0.00152411712057101	0.00106336446499636	0.00231794387944877
ctrx_quarter_avg6	0.00151811847735849	0.00219104489209697	0.00324330699374926
cdescubierto_preacordado_tend6	0.0015072290512519	0.00177671191644351	0.000349279214711459
ccomisiones_otras	0.0015004448098556	0.00282936268460198	0.00320021410362252
vm_fechaalta_lag1	0.00149653201466936	0.000991792789946851	0.00236557286327306
Visa_mfinanciacion_limite	0.00147775229133043	0.00103868153798778	0.00235423262902919
Visa_mpagospesos_avg6	0.00147768399243322	0.00124103627470231	0.00234969653533163
Visa_mpagospesos_delta1	0.00145701591988502	0.00166636466061545	0.0027080479374382
mcomisiones	0.00144585555802047	0.00133806213271517	0.00236557286327306
tcallcenter_tend6	0.00143607844832591	0.00152598588590799	0.00123381748573399
vmr_msaldopesos2_avg6	0.00142898968281647	0.00181765335492437	0.00419135057653751
mtransferencias_emitidas_tend6	0.00142853439309822	0.00216498949088981	0.00245856278407287
ctrx_quarter_normalizado_avg6	0.00142496690148067	0.00369894181340505	0.00308000762063741
ccaja_ahorro	0.00141092829229284	0.00388184577406323	0.00119299264245602
mcaja_ahorro_dolares_tend6	0.00140848311543776	0.00249927839361783	0.00226124270822938
Visa_mpagominimo	0.00140085741316857	0.00104599655653867	0.00259010950130186
Master_mfinanciacion_limite_delta1	0.00139836120381796	0.000936196780621242	0.00234969653533163
vm_mlimitecompra_tend6	0.00139164020913562	0.000939578285288169	0.00225897466138061
Master_fultimo_cierre_avg6	0.00138568817052048	0.00109701296529502	0.00196412857103976
Visa_mfinanciacion_limite_avg6	0.00136987177876336	0.00112557906483417	0.00215237645948815
vm_mfinanciacion_limite_tend6	0.00136037577079775	0.00114753091444642	0.00227258294247326
Visa_mpagominimo_lag1	0.00135731410903187	0.0015548874372021	0.0023156758326
Master_mfinanciacion_limite	0.00132399938180728	0.00109473321440896	0.00232021192629755
mcomisiones_mantenimiento_delta1	0.0013206086640261	0.00202529289577799	0.00153319966977238
mcomisiones_delta1	0.00131983560412254	0.00193622182084447	0.00230433559835612
ctarjeta_visa_debitos_automaticos_avg6	0.00129368724848189	0.00103955767569379	0.00180990138532302
Visa_msaldototal_tend6	0.00128120739560208	0.000995476248373521	0.00192557177461058
vmr_Visa_mlimitecompra_avg6	0.00127914988411152	0.00129985672555951	0.00181670552586934
cmobile_app_trx_tend6	0.00127846447120722	0.0040243469062595	0.0022499024739855
Visa_cconsumos_lag1	0.00126535533042336	0.000805129599340413	0.0019233037277618
Visa_msaldopesos_tend6	0.00124710160951002	0.00101728882181409	0.00182124161956689
mcaja_ahorro_dolares_delta1	0.001244527920649	0.00261700832451107	0.00184165404120588
vmr_mpagominimo	0.00123671062121432	0.00103329265416214	0.00173505583931342
vmr_mpagospesos_tend6	0.00122755591339101	0.00143304121603971	0.00207979896032732
Visa_mpagospesos_lag1	0.00121528934786163	0.00145828988172533	0.00222495395864897
mtarjeta_visa_consumo_tend6	0.00120358256838691	0.00200324895026902	0.00194825224309833
Visa_cconsumos	0.00120301620930611	0.00088387031717008	0.00180990138532302
cextraccion_autoservicio_avg6	0.00118340462724619	0.000989027035048426	0.00197320075843487
cpagomiscuentas_tend6	0.00118299781115503	0.00177182531382509	0.00197546880528364
mcaja_ahorro_dolares_lag1	0.00118180645126323	0.00120806136718926	0.00204804630444446
cprestamos_personales_avg6	0.00117482337837649	0.00168320707517064	0.000864125849383545
vm_mpagominimo_avg6	0.00117434278359527	0.000855584279743091	0.00193464396200568
Visa_mconsumosdolares_avg6	0.00117235378057375	0.00144199004033218	0.00251299590844349
mtransferencias_recibidas_lag1	0.00117159750827381	0.00091298639717444	0.00234969653533163
mcomisiones_otras_delta1	0.0011643217453725	0.00132091026273652	0.0020820670071761
chomebanking_transacciones_delta1	0.00116024816464553	0.00223148386064951	0.00227711903617081
mtarjeta_master_consumo	0.00115619320011988	0.00160532414192002	0.000628248977110871
ccomisiones_otras_lag1	0.00114692119561155	0.00172836822308337	0.00215010841263937
cpagomiscuentas_avg6	0.00114427240972418	0.0014569210875882	0.00203897411704936
Visa_mconsumospesos_delta1	0.00114054146184615	0.000995247140958316	0.00236330481642429
Visa_msaldopesos_delta1	0.00113597928723615	0.00100528365930971	0.00160350912208443
thomebanking	0.00113527421277915	0.00110361027750321	0.000732579132154554
Visa_mconsumospesos	0.00112847422392465	0.000772776763752704	0.00217959302167346
vmr_msaldototal	0.00112157972184876	0.000775568279081257	0.00137443639035808
Visa_mfinanciacion_limite_delta1	0.00111550765941797	0.000988024312664703	0.00194598419624956
cliente_edad_tend6	0.00111471926677699	0.000625014276014011	0.00182350966641567
vm_status04	0.00111331459926375	0.00144329886833985	0.000474021791394123
tcallcenter_avg6	0.00110705959541245	0.0013549730530296	0.00251299590844349
Visa_mpagado_tend6	0.00110382576395846	0.00195555799601294	0.00197093271158609
Visa_mlimitecompra_delta1	0.00109760213160686	0.00100477165896585	0.00195732443049344
ctransferencias_emitidas_tend6	0.00109707109299607	0.00164171622238787	0.00198000489898119
Visa_msaldototal	0.00108218397178764	0.000906068447817618	0.00188247888448384
Visa_mconsumospesos_lag1	0.0010753927302286	0.00071154398543681	0.00185753036914731
vmr_msaldototal_lag1	0.00107066961957908	0.000605202334952846	0.000950311629637022
mttarjeta_visa_debitos_automaticos_lag1	0.00105591233034036	0.00153902179587941	0.00166701443385015
mpagomiscuentas_avg6	0.00105468533884355	0.0016894607734363	0.00188701497818139
vm_mpagado_avg6	0.00104448069363973	0.00114614159688967	0.00172144755822076
vmr_msaldopesos2_lag1	0.00104416874058587	0.000969657361884735	0.00189155107187894
vmr_Master_mlimitecompra_avg6	0.00104255343426799	0.0011555547694483	0.00161711740317708
Visa_fultimo_cierre_avg6	0.00104188682335123	0.000993068119959292	0.00166247834015259
Visa_mpagospesos	0.00103752058529644	0.000937662860485346	0.00225217052083428
vmr_Visa_mlimitecompra	0.00103749643542323	0.00105741234304824	0.00155588013826014
vmr_mpagominimo_tend6	0.00103398149630286	0.00226733492490439	0.00192557177461058
vm_status04_tend6	0.0010327213958989	0.000863012908396078	0.000292578043492066
vm_fultimo_cierre_avg6	0.00103252363400785	0.000582441673886961	0.00170557123027933
vm_mpagominimo_tend6	0.00101772513434041	0.0010604009303853	0.00163072568426973
Visa_msaldototal_avg6	0.00101577068800759	0.000663554144138863	0.00131546717228991
Visa_mfinanciacion_limite_lag1	0.00101231871721965	0.000699167089546027	0.00171010732397688
ctarjeta_visa_transacciones_avg6	0.000999797436779003	0.000863400022552124	0.00160804521578198
Master_mlimitecompra_delta1	0.000997650619969116	0.000702226258574427	0.00183711794750832
mautoservicio_tend6	0.000996227030927291	0.000928546876478693	0.00183711794750832
vm_cconsumos_tend6	0.000992437266832356	0.00133453351995092	0.00176680849519628
vmr_Master_mlimitecompra	0.000992335273702543	0.00160841746946749	0.00158309670044544
vm_mconsumospesos_avg6	0.000983656658754134	0.00107206710261409	0.0015309316229236
mextraccion_autoservicio_avg6	0.000981863672776428	0.000703945932416441	0.00175773630780117
vmr_msaldopesos2_delta1	0.000971617196394792	0.00114546861744764	0.00173505583931342
Master_mfinanciacion_limite_lag1	0.000971462150976025	0.000746448377474626	0.00180082919792791
Visa_mpagominimo_delta1	0.000970755177618685	0.00126678981651028	0.00187113865023996
Visa_msaldopesos_avg6	0.000970654712341044	0.00177585139540852	0.00149917896704074
ctarjeta_debito_transacciones	0.000965585333611825	0.00134981332379943	0.00290083191958413
mcuenta_debitos_automaticos_avg6	0.000964785101621494	0.00288585964845822	0.00166247834015259
vmr_msaldototal_tend6	0.000959293113222726	0.00107165172747334	0.00148557068594809
mcuenta_debitos_automaticos_lag1	0.000954527434331103	0.0011441997039526	0.00106371397207581
cprestamos_personales_tend6	0.000951286300937119	0.00151467087646572	0.000517114681520862
vmr_msaldopesos	0.000950434566838501	0.000582150099787709	0.00123154943888521
ctarjeta_debito_transacciones_tend6	0.000949903780893142	0.00102029491303316	0.00186206646284486
mtransferencias_emitidas	0.00093853405956107	0.00354882894590868	0.00272846035907718
Master_mlimitecompra_avg6	0.000924857186130312	0.000889458490477157	0.00146289021746033
Visa_mconsumototal_tend6	0.000922313516116409	0.00134745029972807	0.00151732334183095
mpayroll_avg6	0.000921958549088707	0.00235026331675923	0.0028849555916427
vmr_mconsumospesos_avg6	0.000912155522585412	0.00075687021713162	0.00150825115443585
Master_status	0.000911196070152637	0.00012405241799979	0.00011113429559001
mttarjeta_visa_debitos_automaticos	0.000895016073565451	0.00142338190398662	0.00159216888784055
ccuenta_debitos_automaticos_tend6	0.000890064025429834	0.00428304720532792	0.0011861885019097
thomebanking_tend6	0.000889151230497245	0.00150984659899052	0.00138577662460196
ctransferencias_recibidas	0.000885921660225442	0.00232639915624231	0.00144020974897257
mextraccion_autoservicio_tend6	0.000883783896605006	0.00151010519407758	0.00142206537418237
vmr_msaldopesos_tend6	0.000882749257386768	0.000850836717394975	0.00139258076514829
Visa_mconsumosdolares_tend6	0.000881562435490072	0.00195606641065591	0.00162165349687463
Visa_msaldopesos_lag1	0.000881207767890681	0.00100816962954874	0.00139031271829951
matm_other_avg6	0.000880374573787512	0.00349501536019078	0.00148783873279686
cproductos_lag1	0.000877004052029609	0.00396070397077755	0.00237918114436572
mcomisiones_mantenimiento_lag1	0.000874039729037105	0.00245015646162222	0.00144247779582135
mprestamos_personales_delta1	0.000871695697343826	0.00244355971557733	0.000823301006105582
matm_avg6	0.000862514747061565	0.000657990976377515	0.00156495232565524
mcuenta_debitos_automaticos_tend6	0.000862320397476562	0.00226176217954723	0.001344951781324
vmr_Visa_mlimitecompra_lag1	0.000843984247810682	0.00075328064745212	0.00126103404791929
ctarjeta_visa_transacciones_lag1	0.000843306118124625	0.000934621950223355	0.00149691092019197
vmr_Master_mlimitecompra_tend6	0.000841515063178981	0.00204557163847961	0.00114763170548051
mttarjeta_visa_debitos_automaticos_delta1	0.000840849302620433	0.00126265144587245	0.00137670443720686
Master_status_avg6	0.00083412656713829	0.000129454653843249	7.93816397071498e-05
cpayroll_trx_lag1	0.000827846899919997	0.000555555239316657	0.00062371288341332
catm_trx_avg6	0.000817081915898641	0.000846308165883223	0.00150598310758707
cextraccion_autoservicio_tend6	0.000812722511390211	0.00136230699087074	0.00140618904624094
mtransferencias_recibidas_delta1	0.000806959451047841	0.00105743772603617	0.00173278779246464
vmr_mpagospesos_avg6	0.000806435741850143	0.000742640410302336	0.00136082810926543
Visa_mlimitecompra_avg6	0.000801616478497257	0.000667986919692446	0.00126330209476807
ctarjeta_visa_debitos_automaticos_tend6	0.000799394013003924	0.00145131942072248	0.00128371451640705
foto_mes	0.000793492747654373	0.00138460547396312	0.000773403975432517
mpagomiscuentas_tend6	0.000790557621465337	0.00169476945079452	0.00146969435800666
ccallcenter_transacciones	0.000789198888618732	0.00228971918173665	0.000816496865559255
vm_mpagospesos_avg6	0.000788312766383679	0.00152278640274185	0.00142660146787992
vmr_mpagospesos_lag1	0.000786921701538357	0.00052275277570858	0.00130639498489481
vm_mpagospesos_lag1	0.000781900412612252	0.00095053316769166	0.00133134350023134
mpagomiscuentas	0.000780361829119547	0.00140045615913865	0.00123381748573399
cmobile_app_trx	0.000779510672710627	0.00068791907609421	0.0009616518638809
vmr_msaldopesos_lag1	0.000776610427907452	0.00121349323224539	0.00104330155043683
ccajas_transacciones_tend6	0.000774863004665508	0.000869596349603434	0.000725774991608227
mtarjeta_visa_consumo_avg6	0.000769052721074421	0.000868987063532602	0.00125422990737297
vmr_mpagado_tend6	0.000763379012204357	0.00122652159337282	0.00137670443720686
vmr_mconsumospesos_tend6	0.000759725318047986	0.000616792735660047	0.00135629201556787
vmr_msaldopesos_avg6	0.000756589730423318	0.000930665978528517	0.00130639498489481
vmr_mpagominimo_lag1	0.000756463019009228	0.000586040396539803	0.00130412693804603
mplazo_fijo_dolares	0.000756195027097134	0.00388951893808134	0.000723506944759451
vmr_Master_mlimitecompra_lag1	0.000755154781121311	0.000822770775950673	0.00114536365863173
Master_msaldopesos_tend6	0.000743166801310183	0.00223231437502963	0.00101381694140274
Visa_msaldototal_delta1	0.000742056370388978	0.000568870220614468	0.00131773521913869
vm_mpagominimo_lag1	0.00073934044939817	0.000646901630190388	0.00124515771997786
vm_status06_delta1	0.000738506446971748	0.00022831521120847	7.48455460095984e-05
vm_status01_tend6	0.000737805067805655	0.00170118478868219	0.000424124760721057
ccomisiones_mantenimiento	0.000728104295983872	0.00189793927393925	0.000782476162827619
ccajas_transacciones_avg6	0.000716583706803164	0.00191786685385434	0.00171010732397688
Master_mlimitecompra	0.000715287070938106	0.00067289541395845	0.00121567311094378
Master_fultimo_cierre	0.000709574188570593	0.0005299667341105	0.000941239442241919
vm_mfinanciacion_limite_avg6	0.000709491376802491	0.000844280357665446	0.00116350803342194
ctransferencias_recibidas_lag1	0.000708922447608726	0.00162985227044645	0.00126103404791929
vmr_msaldototal_avg6	0.000704790470186024	0.000900378365116628	0.0011952606893048
mtarjeta_visa_consumo_lag1	0.000702495772476273	0.000482320978557836	0.00123381748573399
mtransferencias_emitidas_lag1	0.000702281005691527	0.00193019119091882	0.00172144755822076
mpagomiscuentas_delta1	0.000688567667047338	0.00392600585090186	0.00128371451640705
vm_mconsumospesos_tend6	0.000684388631012286	0.000577902035010594	0.00116350803342194
active_quarter_lag1	0.000671810191456058	9.00810158993061e-05	0.000145154998321645
ccajas_consultas	0.000670590492422096	0.00221514316113824	0.000440001088662487
Visa_mlimitecompra	0.000666658997842775	0.000493636506983121	0.0010274252224954
Visa_cconsumos_delta1	0.000662535952806662	0.00175713979271997	0.00185753036914731
Visa_mconsumototal_avg6	0.000661472941518868	0.000556145275835306	0.00109546662795867
vm_msaldopesos_avg6	0.00065798062685728	0.000867185909355732	0.00113855951808541
ccuenta_debitos_automaticos_avg6	0.000657977176122922	0.000633011379799991	0.00122474529833888
vm_mfinanciacion_limite	0.000653304800713062	0.000478069894243123	0.00106825006577336
ctarjeta_debito_transacciones_delta1	0.000650715990727564	0.00251698227281351	0.00113402342438785
vm_msaldopesos_tend6	0.000650211693367863	0.000961547450061326	0.00109093053426112
mautoservicio_lag1	0.00064863050339757	0.000724158905814766	0.00173051974561587
Master_mlimitecompra_lag1	0.000634482859529868	0.000482567825756426	0.000984332332368657
vm_cconsumos_lag1	0.000633058435873092	0.00137430828459257	0.00106825006577336
ccajas_otras_avg6	0.000632928809943927	0.00289409185155432	0.000852785615139666
Master_mconsumospesos_tend6	0.000632755610320616	0.0017620209224265	0.00105917787837826
mpayroll_tend6	0.000631236975768661	0.00141415193243566	0.0011952606893048
vm_msaldopesos_delta1	0.000630753664660914	0.00191400260061403	0.00107959030001724
catm_trx_tend6	0.000628034351739994	0.000902346112844381	0.00110000272165622
ctarjeta_visa_transacciones_delta1	0.000626474167167101	0.0033797221489584	0.00165794224645504
vmr_mconsumospesos	0.000621193154194252	0.00135222192401641	0.00142660146787992
vmr_mconsumospesos_lag1	0.00061786128444665	0.000618740007148467	0.00113175537753908
cprestamos_personales_lag1	0.000616791064133914	0.00246894468507731	0.000582888040135357
vm_mlimitecompra_delta1	0.000613972138137144	0.00036131824635118	0.00105010569098315
vmr_mpagospesos_delta1	0.000612671609562236	0.000529786269558779	0.00115670389287561
mtarjeta_master_consumo_avg6	0.000611313248661727	0.000785278262749656	0.00051257858782331
cmobile_app_trx_lag1	0.000610050770386106	0.000516618490718842	0.000845981474593339
vm_Fvencimiento_tend6	0.000606183050237383	0.00183880342294395	0.000916290926905386
vm_mpagado_tend6	0.000604761385725783	0.00103199524378102	0.00121794115779256
vm_mfinanciacion_limite_delta1	0.000597296507437632	0.000412685110189932	0.0010455695972856
catm_trx_other_avg6	0.000592735578041808	0.00257773003790282	0.000997940613461312
vmr_mpagospesos	0.000592112147856578	0.000508822988247766	0.00106371397207581
vm_mpagospesos_delta1	0.000591047651772734	0.00058680849141615	0.0010546417846807
mpayroll_delta1	0.000590691750521101	0.00321046659260117	0.00111361100274887
ccajas_consultas_avg6	0.000589042970588498	0.00127355362790881	0.00070309452312047
Visa_mlimitecompra_lag1	0.000587029264091892	0.000527082698262751	0.000938971395393143
Master_cconsumos_avg6	0.000585815343647677	0.00155268076856195	0.00107278615947091
ccaja_seguridad_avg6	0.000584463632453444	0.000571878387765637	0.000167835466809402
vm_msaldototal_tend6	0.000583941700197789	0.00083736722069667	0.00109319858110989
vmr_msaldopesos_delta1	0.000582268433408873	0.00155451343916249	0.00135856006241665
matm_tend6	0.000581086181843109	0.000710649919226319	0.00100247670715886
catm_trx_other_tend6	0.000578598640796452	0.00333023876887632	0.00110907490905132
Visa_mconsumototal	0.000575687341348489	0.000371808922029341	0.000959383817032125
Visa_msaldototal_lag1	0.000574115827121326	0.000517610786261799	0.00107732225316846
vm_fultimo_cierre_tend6	0.000560761758722623	0.00193705360909202	0.000873198036778648
mtransferencias_emitidas_delta1	0.00056023039027843	0.00167616947663652	0.00118845654875847
vm_mfinanciacion_limite_lag1	0.000559772638536126	0.000470183711283574	0.000968456004427227
vmr_msaldototal_delta1	0.000554402108736973	0.00262230501807944	0.00180990138532302
Master_mpagado_avg6	0.000553968719818376	0.00264408239503489	0.00110000272165622
vm_fultimo_cierre_lag1	0.000553931107164242	0.000382751726282442	0.000959383817032125
mpayroll_sobre_edad_tend6	0.000552291003556312	0.00146913252225469	0.00107051811262213
ccaja_seguridad_lag1	0.000550473635997536	0.000476045483005143	0.00012701062353144
Master_mpagospesos_tend6	0.000549148771774479	0.000840276969794272	0.000950311629637022
Master_msaldototal_tend6	0.000548660900337696	0.00212960258617998	0.000850517568290891
vmr_mpagominimo_delta1	0.000544629021497234	0.000756512118844674	0.00108866248741234
mv_status07_delta1	0.00054185541865367	0.000166690459168209	0.000106598201892458
vm_cconsumos	0.000539874607015731	0.000522683939687414	0.000882270224173751
ctarjeta_debito_lag1	0.000538433092013408	0.000671184421287029	0.000864125849383545
vm_mpagominimo_delta1	0.000537043428316446	0.000601352047073918	0.00100247670715886
vmr_mconsumosdolares_avg6	0.000535745283249196	0.000914547262210938	0.00128371451640705
Master_mpagospesos_avg6	0.000527115965641717	0.000942265579389335	0.000877734130476199
vm_mconsumospesos	0.000523699354232191	0.000605116136590494	0.00121794115779256
tcallcenter	0.000518178657717991	0.0002273685389914	0.000233608825423898
ccheques_depositados_avg6	0.00051459152362762	0.00120558157193736	0.000312990465131048
ccaja_ahorro_avg6	0.000513826476148811	0.00164816383158362	0.000900414598963956
mpagomiscuentas_lag1	0.000513073789178957	0.000767334896478278	0.000963919910729676
Master_fultimo_cierre_lag1	0.000508308366847225	0.00041296979596904	0.00092989920799804
matm_other_tend6	0.000507767322918501	0.00100325759676211	0.000875466083627424
cdescubierto_preacordado_lag1	0.000504011050617557	0.000133442566584236	0.000129278670380215
Master_fultimo_cierre_tend6	0.000499667131130152	0.00190232869082015	0.000850517568290891
Visa_Fvencimiento_tend6	0.000495245764367615	0.000767739467336059	0.000646393351901077
active_quarter_avg6	0.000489412368886667	0.00112444423768056	0.000793816397071498
mautoservicio_delta1	0.000489041498999532	0.00225618018685617	0.00112268319014398
Visa_fultimo_cierre_lag1	0.000483424939746902	0.00034420652678652	0.000836909287198236
mv_status07	0.000481109779226436	0.00075903531994953	0.000335670933618805
mtarjeta_visa_consumo_delta1	0.000477912186542544	0.000735158656659744	0.00092989920799804
ctarjeta_visa_debitos_automaticos_lag1	0.000475616732939219	0.00091639267148572	0.000730311085305778
mpayroll_sobre_edad_avg6	0.000470803075023721	0.00199017727764918	0.00375588558157257
vm_msaldopesos_lag1	0.000467057455189382	0.000841335176181348	0.000916290926905386
Visa_fultimo_cierre_tend6	0.00046555350637391	0.00304475913446175	0.000777940069130068
Visa_mconsumototal_delta1	0.000465449144916553	0.000477401680008866	0.00100474475400764
Master_mconsumospesos_avg6	0.000463197889974772	0.00098533305542044	0.000857321708837218
vm_msaldototal_delta1	0.000458738592220917	0.000795938174074098	0.000861857802534769
vm_mconsumosdolares_avg6	0.00045633717133668	0.00143348136082481	0.00151732334183095
Master_mpagominimo_tend6	0.000451026555284083	0.00234604936332091	0.000843713427744564
mcheques_depositados_avg6	0.000450608536988621	0.00246950726267593	0.000440001088662487
Master_mpagominimo_avg6	0.000447449209736056	0.000717579993913806	0.000904950692661508
vm_mconsumototal_avg6	0.000446602584554313	0.000395328855260155	0.00065546553929618
vm_msaldototal_avg6	0.000435623761953725	0.000398581133153967	0.000923095067451713
Visa_mconsumototal_lag1	0.000433678772380695	0.00030555252957654	0.0007189708510619
vm_msaldototal_lag1	0.000432243788441773	0.000485157928491175	0.000789280303373946
Visa_mpagado_lag1	0.000431958715973961	0.000449130315647389	0.000732579132154554
ctarjeta_debito_transacciones_lag1	0.00042926791843246	0.000694449628213335	0.00148330263909931
vm_fultimo_cierre	0.000427560396211157	0.000269961617357782	0.000739383272700881
vm_mlimitecompra_avg6	0.000422610790990135	0.000474170491697961	0.000716702804213124
vm_mpagospesos	0.000419491770602676	0.000454388981914145	0.00121794115779256
Master_msaldopesos_avg6	0.000419322251574617	0.000304407794565188	0.000730311085305778
cdescubierto_preacordado_delta1	0.000417508023916328	0.00269026192918262	0.000297114137189618
vmr_mconsumosdolares_tend6	0.000416723580944479	0.00157881368696087	0.000782476162827619
vmr_mconsumototal_avg6	0.000416642406763013	0.000330872484657625	0.000725774991608227
cseguro_accidentes_personales_avg6	0.000416264639243461	0.000646447284142524	0.000567011712193927
Master_msaldototal_avg6	0.000412067112171314	0.000746638136540515	0.000725774991608227
ccallcenter_transacciones_delta1	0.00041187221216748	0.00158457708780915	0.00048082593194045
vmr_Visa_mlimitecompra_tend6	0.000410922774166964	0.000770189255933078	0.000630517023959647
Master_cconsumos_tend6	0.000410586169846025	0.00147942655054682	0.000766599834886189
cplazo_fijo_tend6	0.000403792613754956	0.00124229848859832	0.000349279214711459
Visa_mconsumosdolares	0.000403513743635948	0.000886864518959861	0.000793816397071498
ctarjeta_debito	0.000399509537144323	0.000345434818064826	0.00070309452312047
Master_msaldototal	0.00039736407547701	0.00130070337559366	0.00057608389958903
vm_mconsumosdolares_tend6	0.00038295829685566	0.00105970629519707	0.000650929445598628
mcuenta_debitos_automaticos_delta1	0.000382245386491737	0.000599957917129127	0.000739383272700881
vm_mlimitecompra	0.00038152985672687	0.000278441469717152	0.000637321164505974
Master_mpagospesos_delta1	0.000379352848824823	0.00318039058272247	0.000857321708837218
Master_mconsumospesos	0.000379334565811055	0.000932820512964836	0.000589692180681684
Master_mpagominimo	0.000373165989981589	0.000800258613393002	0.000673609914086385
vm_mconsumospesos_lag1	0.000370900340488973	0.00027178225698821	0.000714434757364348
cpagomiscuentas_lag1	0.000368592370489305	0.00138612439573518	0.00068721819517904
vmr_mconsumospesos_delta1	0.000368166916427276	0.000718946806479395	0.000891342411568853
vm_mconsumospesos_delta1	0.00036355497303544	0.000363782047489861	0.000771135928583741
Master_Fvencimiento_tend6	0.000361612095749636	0.000414380203108692	0.000610104602320666
mpayroll_lag1	0.000359673105313661	0.000749024514847987	0.00099340451976376
mttarjeta_master_debitos_automaticos_tend6	0.000357220884585166	0.00282042423997	0.000628248977110871
mplazo_fijo_dolares_delta1	0.000356865080225397	0.00307879361658985	0.00049670225988188
mtarjeta_visa_descuentos_avg6	0.000355576845336169	0.00265723828444553	0.000508042494125759
cpayroll_trx_tend6	0.000355013642543533	0.00348308460098002	0.0011204151432952
Master_mpagospesos	0.000354148344231273	0.00133663091907426	0.000653197492447404
Visa_fultimo_cierre	0.000353650315099364	0.000400896174885699	0.000673609914086385
Visa_mpagado	0.000346338252282405	0.00132550529125569	0.000530722962613516
mextraccion_autoservicio	0.000346103761242102	0.000544179933482998	0.000773403975432517
Visa_Finiciomora_lag1	0.000346006009570933	0.00222300726372911	0.000333402886770029
cplazo_fijo_avg6	0.000343575391228615	0.00214821133586912	0.000505774447276983
vm_status06_avg6	0.000341035718504635	3.30286930265098e-05	7.0309452312047e-05
vm_mlimitecompra_lag1	0.000340209400730161	0.000321299182245785	0.000517114681520862
ccomisiones_otras_delta1	0.000336718444228498	0.0011536671810077	0.000628248977110871
ctarjeta_master_transacciones_avg6	0.000336006431053082	0.000753795620153308	0.000455877416603917
ccajas_extracciones_avg6	0.000334791451882953	0.00138372848701216	0.00063958921135475
ctransferencias_recibidas_delta1	0.000331248577143358	0.00108935494614518	0.000721238897910675
ctransferencias_emitidas	0.000330761764564989	0.00145324654623349	0.000759795694339862
ctarjeta_visa_descuentos_avg6	0.000329672064403391	0.00109375639399619	0.000317526558828599
ctarjeta_visa_debitos_automaticos	0.000329435298728931	0.000317723389206573	0.000521650775218413
ctarjeta_master_transacciones_tend6	0.000324269875383532	0.00246586277515638	0.000610104602320666
mv_status07_tend6	0.000321282573696015	0.000223688807806451	0.000167835466809402
cpagomiscuentas_delta1	0.000320777765439529	0.00153199670011815	0.000573815852740254
Visa_mconsumosdolares_delta1	0.000317511796550516	0.000472083425054835	0.000562475618496376
vmr_mconsumototal_tend6	0.000316368184702672	0.000253890930560113	0.000553403431101273
ccaja_ahorro_lag1	0.000315971026961238	0.000959688028244881	0.000669073820388834
ccuenta_debitos_automaticos	0.000311785039850017	0.00093491706284323	0.0004014442922333
vmr_msaldodolares2_avg6	0.000311493761635474	0.00253162061364367	0.00111814709644642
vm_status05	0.00030948030852877	0.000402989469325121	0.000183711794750832
Master_mconsumospesos_delta1	0.000307660716671961	0.00119218600672992	0.00059196022753046
Master_status_delta1	0.000307612642765286	9.84949574145566e-06	1.81443747902057e-05
Master_mpagominimo_delta1	0.000305441442242497	0.000300131515983646	0.000467217650847796
vm_cconsumos_delta1	0.000304996921296985	0.000785088031881018	0.000707630616818021
mforex_sell_avg6	0.000304454475635682	0.000526200285580176	0.000517114681520862
mtarjeta_master_consumo_tend6	0.000298777175744215	0.001232171384119	0.000517114681520862
Master_mconsumototal_tend6	0.000298564642905632	0.000732699809449933	0.00048082593194045
vmr_mconsumototal_lag1	0.000297769367835149	0.000288682656101325	0.000467217650847796
Master_mpagospesos_lag1	0.000295606825462554	0.000706223229928206	0.000555671477950049
vm_mconsumototal_tend6	0.000292911620638045	0.000234646379485616	0.00048082593194045
mextraccion_autoservicio_delta1	0.000292278709745961	0.000475537068362175	0.000598764368076787
ccajas_extracciones	0.000286959389313385	0.00450575890963995	0.000546599290554946
Visa_mconsumosdolares_lag1	0.000285965821858995	0.000445661763373161	0.000553403431101273
vm_status01_lag1	0.000282516895156373	0.00208103044592848	0.000226804684877571
cpagomiscuentas	0.000281278178095252	0.000567825271884656	0.00052845491576474
Visa_status	0.000277665017528054	0.000348028317779372	9.75260144973555e-05
Visa_mpagado_delta1	0.000273139456879596	0.000422944272258865	0.000539795150008619
Visa_mpagosdolares_lag1	0.000272686990752156	0.00267055741760754	0.000539795150008619
Master_mconsumospesos_lag1	0.000269535480374352	0.00107299532734365	0.00126783818846562
Visa_fechaalta_tend6	0.000266882221426708	0.000641681227126624	0.000403712339082076
vmr_mconsumototal	0.000266575977056101	0.000477235841342382	0.000580619993286581
mextraccion_autoservicio_lag1	0.000266419562713852	0.000334682669302838	0.000542063196857394
Master_fechaalta_tend6	0.000263901010661877	0.000141052933656369	0.000410516479628403
Master_msaldopesos_lag1	0.000260276626544225	0.000985970791197073	0.000444537182360039
vm_msaldodolares_avg6	0.000256278988531533	0.00237745227125257	0.00094577553593947
Master_mpagado_tend6	0.00025190236585848	0.000590511152214729	0.000487630072486777
cinversion1	0.000250318919412222	0.00373384389360939	0.000428660854418609
matm_other	0.00024746025822086	0.00107366462672423	0.000430928901267385
vm_mpagado	0.000245372464680925	0.000770095367185907	0.000360619448955338
Master_msaldopesos	0.000243856213584114	0.000920861351228548	0.000553403431101273
Visa_msaldodolares_avg6	0.000242856688880171	0.000896677968971247	0.000551135384252497
mforex_sell_tend6	0.000236601841245062	0.000636799767158172	0.00049670225988188
matm	0.000235792726529893	0.000448892621422141	0.000503506400428207
mpayroll_sobre_edad_delta1	0.000234607544971597	0.000876239568219164	0.000596496321228011
Visa_mpagosdolares_avg6	0.000231885323357543	0.000502450584410306	0.000523918822067189
ctarjeta_master_transacciones	0.000228742462215829	0.00020280695965002	0.000176907654204505
ctransferencias_emitidas_lag1	0.000228492689241225	0.000379748937682619	0.00051257858782331
Visa_msaldodolares	0.000224137297906924	0.00215267473142115	0.000415052573325955
vm_Finiciomora_lag1	0.000222521154860681	0.00100023343549773	0.000192783982145935
Master_msaldopesos_delta1	0.000220940200907039	0.000624534971600693	0.000440001088662487
Master_msaldototal_lag1	0.000220121592317515	0.000810201997881628	0.000394640151686973
vm_mconsumototal	0.000218306548216355	0.000355934410814954	0.000537527103159843
Visa_delinquency_avg6	0.000213396473567924	0.000831382591539105	0.000312990465131048
Master_msaldototal_delta1	0.000212283716374123	0.000360720189185788	0.000442269135511263
Master_mconsumototal_avg6	0.000211119574333822	0.000323241122363135	0.000351547261560235
ccajas_extracciones_tend6	0.000209080346070269	0.000738480619819671	0.000403712339082076
vmr_msaldodolares_tend6	0.000208879769939019	0.0018533093287423	0.000657733586144956
vm_status05_delta1	0.000207850132399054	0.000534363794195939	0.000136082810926543
thomebanking_delta1	0.000205657525985838	0.00122535642930241	0.000319794605677375
Master_mpagominimo_lag1	0.000204619338665691	0.000219148697127334	0.000408248432779628
vmr_mpagado	0.000202740806848523	0.000539175285816625	0.000310722418282272
vm_status05_tend6	0.000200801631548484	0.000314754947846921	0.000115670389287561
Master_fultimo_cierre_delta1	0.000200638698057297	9.0343526949183e-05	0.000297114137189618
vm_fechaalta_tend6	0.000200244210619649	0.000340881355367895	0.000317526558828599
ctarjeta_master	0.000199071422264612	9.80028671467247e-06	2.72165621853085e-05
matm_delta1	0.000198534598860891	0.000426011933736758	0.000462681557150245
cextraccion_autoservicio	0.000196442276923067	0.000347399782156356	0.000378763823745543
vmr_mpagado_lag1	0.000195973459960931	0.000246509387821535	0.000408248432779628
cforex_avg6	0.000194411116509783	0.000726187893539417	0.000322062652526151
mttarjeta_master_debitos_automaticos_delta1	0.000194338151738002	0.00214244534010572	0.000396908198535749
cforex_tend6	0.000190935278604796	0.00128772842253749	0.000403712339082076
ccomisiones_mantenimiento_lag1	0.000189964474156141	0.000183493336652982	0.000306186324584721
Visa_mpagosdolares_tend6	0.000189933893156974	0.00087993953974207	0.00041732062017473
vmr_msaldodolares2_tend6	0.000188092889172831	0.00119363288422212	0.000462681557150245
mprestamos_prendarios_lag1	0.000187651721569258	0.00170540369604938	0.000217732497482468
thomebanking_lag1	0.00018438816985531	0.000107214674291822	0.000335670933618805
vm_mconsumosdolares	0.000184238667506312	0.000348163489267133	0.000297114137189618
tcuentas_avg6	0.000181835846989042	0.0023653566641611	0.000358351402106562
vmr_msaldodolares_avg6	0.000180955686950773	0.00103795090424975	0.000700826476271694
matm_lag1	0.000180802086488409	0.00018323563799115	0.000428660854418609
ctarjeta_debito_tend6	0.000180301977717964	0.00112611319272699	0.000337938980467581
mtarjeta_master_consumo_lag1	0.000178343642193946	0.000272169607045631	0.000251753200214104
ccajas_depositos_avg6	0.000178225711937376	0.000712178418594196	0.000322062652526151
ccajas_otras_tend6	0.000176346211830664	0.000862759031336519	0.000204124216389814
ccajeros_propios_descuentos_avg6	0.000176266544602456	0.00166896467120794	0.000306186324584721
vm_mconsumototal_delta1	0.000176135940914616	0.00016089346596416	0.000378763823745543
Master_mconsumototal	0.000175153344113091	0.00048914220835099	0.000231340778575122
ctarjeta_master_debitos_automaticos_tend6	0.000173359253093233	0.000854944656755459	0.000233608825423898
cplazo_fijo	0.000171882414922855	0.00150350981626066	0.000195052028994711
cextraccion_autoservicio_delta1	0.000171850079915149	0.000643259171422658	0.000356083355257786
catm_trx	0.0001716614488727	0.00108638041853005	0.000356083355257786
vmr_mconsumototal_delta1	0.000169004506426117	0.000329862449331283	0.000365155542652889
Master_cconsumos_lag1	0.000168846797661482	0.0006391786909822	0.00059196022753046
Visa_status_tend6	0.000167942337563841	0.000373914624881076	0.000131546717228991
cseguro_vida_avg6	0.000166844059203016	0.000650173865340507	0.000288041949794515
vm_status04_delta1	0.000166532046669339	0.000122159875630323	3.62887495804113e-05
matm_other_delta1	0.000165582660215715	0.000553043644559441	0.000335670933618805
ccallcenter_transacciones_lag1	0.000163701768446818	0.00106918957764429	0.000367423589501665
cseguro_vivienda_avg6	0.000163116734633063	0.000429080350099051	0.000315258511979823
mtarjeta_master_descuentos_avg6	0.000162507359471026	0.00307643130022261	0.000351547261560235
vm_status05_avg6	0.000162497210175419	6.12037152665188e-05	0.000151959138867972
mplazo_fijo_dolares_tend6	0.000161672974315526	0.000359496804656077	0.000285773902945739
Visa_msaldodolares_tend6	0.000161072581693176	0.000432845666302776	0.000294846090340842
ccheques_emitidos_avg6	0.000159119992354603	0.00153681592930393	0.000215464450633692
vm_mconsumototal_lag1	0.00015873392408577	0.00012420528209066	0.000288041949794515
vm_mconsumosdolares_delta1	0.000158545134586754	0.000426484019568007	0.000276701715550636
vm_status02_avg6	0.000158448762788989	0.000162845927282826	0.000129278670380215
vmr_mconsumosdolares	0.000155974930386909	0.000399697654360893	0.000263093434457982
catm_trx_delta1	0.000155966588096334	0.000932677368010608	0.000367423589501665
mcheques_emitidos_avg6	0.000155761650797085	0.000804904832510504	0.000145154998321645
vm_mconsumosdolares_lag1	0.000154891906933748	0.000305403911710416	0.000265361481306758
vm_mpagado_lag1	0.000154624655733834	0.000194152776174674	0.000331134839921253
minversion2	0.00015397831269833	0.00168187989403602	0.000176907654204505
active_quarter	0.000152879028092761	2.75571493591341e-05	5.4433124370617e-05
Visa_Finiciomora	0.000149933172126234	0.00203319106252738	0.000272165621853085
vmr_Visa_mlimitecompra_delta1	0.000147045406281596	0.00190554803688204	0.000278969762399412
mtarjeta_visa_descuentos	0.000142646664662267	0.00346867758503799	0.00036969163635044
mplazo_fijo_dolares_avg6	0.000142458412908615	0.000644647356652803	0.000294846090340842
ccajas_consultas_delta1	0.000141864728562545	0.000281613682684356	0.000108866248741234
active_quarter_tend6	0.000141802279302472	0.00190264159040368	0.000337938980467581
matm_other_lag1	0.000140765210565346	0.000577509212041277	0.000274433668701861
ccuenta_debitos_automaticos_lag1	0.000139322117850055	0.000160070689149134	0.000226804684877571
vmr_mpagado_delta1	0.00013070146425534	0.000457023292566532	0.000312990465131048
ctransferencias_emitidas_delta1	0.00012980101035861	0.000713200767972302	0.000367423589501665
vm_status01_delta1	0.000128126251616941	8.33780670554767e-05	6.57733586144955e-05
mtarjeta_master_consumo_delta1	0.00012746731067556	0.000589526830138241	0.000215464450633692
Master_cconsumos	0.000126660801709447	9.04091075313773e-05	0.000195052028994711
ccajas_depositos_tend6	0.000125623382422883	0.000532261016521251	0.000220000544331244
vmr_mpagosdolares_avg6	0.000124253973280921	0.000426364700652633	0.000315258511979823
mprestamos_prendarios	0.000122471061592327	0.00098453250051492	0.000115670389287561
Visa_delinquency_tend6	0.000120406034298602	0.00052915504466009	0.000204124216389814
vmr_msaldodolares2	0.000118181602051951	0.00100698361179679	0.000222268591180019
vmr_mpagosdolares_tend6	0.000118074044622114	0.00142444869718374	0.000292578043492066
ccajas_extracciones_lag1	0.000118047048463744	0.00141507147599463	0.000278969762399412
minversion2_avg6	0.000117696206385659	0.00236859516541463	0.000260825387609206
ctarjeta_master_debitos_automaticos_avg6	0.000116839699976482	0.000590225900272322	0.000229072731726347
cextraccion_autoservicio_lag1	0.00011542258704059	0.000119178082252857	0.000297114137189618
vmr_mconsumosdolares_lag1	0.00011504367639455	0.000242201687176871	0.000238144919121449
vm_mpagosdolares_delta1	0.000114921535633627	0.00161293847213525	0.000260825387609206
cseguro_vida	0.000113159211704049	0.000570994701215638	0.000131546717228991
mpayroll_sobre_edad_lag1	0.000111590263286077	0.000658312793033017	0.00142206537418237
cpayroll_trx_delta1	0.000110539897730153	0.000278515637109389	0.000251753200214104
Visa_status_avg6	0.000107906646492752	0.00243287616693513	0.000335670933618805
vm_status02_tend6	0.000106258747744396	0.000181730870301579	0.000129278670380215
ccheques_depositados_tend6	0.000106052996992455	0.00154694303378325	0.000267629528155534
vm_Finiciomora_tend6	0.000104613534536131	0.000657841226184792	0.000165567419960627
vm_fultimo_cierre_delta1	0.000103948526914631	5.76530693138609e-05	0.000183711794750832
ctarjeta_visa	0.000103334685129062	4.12125363407808e-05	3.17526558828599e-05
cforex_sell_avg6	0.000102787919618075	0.000268042418132963	0.000183711794750832
ctarjeta_visa_debitos_automaticos_delta1	0.000100144410626859	0.000378201802106133	0.000192783982145935
Master_mconsumototal_lag1	9.52907420744078e-05	0.000490271468232155	0.00051257858782331
Master_cconsumos_delta1	9.44300371730025e-05	8.50915602814708e-05	0.000179175701053281
vm_mpagado_delta1	9.22289441367755e-05	0.000213305278532725	0.000224536638028795
mttarjeta_master_debitos_automaticos_avg6	9.2095952784955e-05	0.000250356844883966	0.000183711794750832
cplazo_fijo_delta1	9.19557175269155e-05	0.000452203969020202	8.61857802534769e-05
Visa_msaldodolares_lag1	9.1364111871984e-05	0.000363010319732342	0.000147423045170421
ccajas_otras_delta1	9.01101926692829e-05	0.000686638084448773	9.2989920799804e-05
tcallcenter_delta1	8.97197267365455e-05	8.53446352763557e-05	6.57733586144955e-05
vm_Finiciomora_avg6	8.91530876291476e-05	0.000712745006516189	0.000181443747902057
Master_mconsumototal_delta1	8.9077486506704e-05	0.000301659543548773	0.000156495232565524
vm_mpagosdolares_avg6	8.90540670970963e-05	0.000246766048517317	0.000224536638028795
mprestamos_prendarios_avg6	8.70347007787169e-05	0.00231753799290071	0.000247217106516552
catm_trx_lag1	8.68260463370536e-05	0.000132393937792977	0.000179175701053281
mprestamos_prendarios_tend6	8.5975969967762e-05	0.00133822079997986	0.00014288695147287
mplazo_fijo_dolares_lag1	8.4647603141462e-05	0.00033756854518131	0.000154227185716748
ctarjeta_master_avg6	8.40812885044218e-05	7.39253574264339e-06	1.587632794143e-05
mcaja_ahorro_adicional_avg6	8.27548114229711e-05	0.000613911719349895	0.000140618904624094
mcaja_ahorro_adicional_tend6	8.25393238155911e-05	0.00113073973766983	0.000206392263238589
vmr_msaldodolares2_lag1	8.2186996538094e-05	0.000543280252819787	0.000163299373111851
vmr_mconsumosdolares_delta1	8.21804163075601e-05	0.000222961335146845	0.000163299373111851
ctarjeta_master_transacciones_lag1	8.21001113591973e-05	0.000323396345467753	0.00017463960735573
vm_status03	8.02805148496826e-05	1.27968003379263e-05	3.40207027316356e-05
cseguro_accidentes_personales	7.95685340050477e-05	0.00023533025757116	0.000129278670380215
vm_msaldodolares_tend6	7.90926793315792e-05	0.000337990053757802	0.000249485153365328
cforex_sell_tend6	7.88443867254115e-05	0.00020523726279348	0.000163299373111851
vmr_Master_mlimitecompra_delta1	7.71635593810425e-05	0.000103856523861001	8.16496865559255e-05
vm_msaldodolares	7.62216502246446e-05	0.000556296441436277	0.000145154998321645
Master_mpagosdolares_avg6	7.62173811556179e-05	9.98906443084206e-05	9.75260144973555e-05
Visa_fultimo_cierre_delta1	7.61641380085774e-05	3.31958055604178e-05	0.000147423045170421
Visa_mpagosdolares	7.57444307148956e-05	0.000117989799847716	0.000176907654204505
Master_mpagado	7.45976295341004e-05	0.000156692015298705	0.000113402342438785
Visa_mpagosdolares_delta1	7.43850420011732e-05	0.000502932200657097	0.00019051593529716
vm_Finiciomora	7.16590888741368e-05	0.00106176934708024	0.000140618904624094
Master_mpagado_lag1	6.85915114481276e-05	0.000186717966905666	0.000147423045170421
Visa_msaldodolares_delta1	6.74082312003985e-05	0.000111927181695643	0.000113402342438785
Visa_Finiciomora_avg6	6.70292106544121e-05	0.000494841868647797	0.000133814764077767
mcaja_ahorro_adicional_delta1	6.62125459912296e-05	0.0019585509239353	0.000208660310087365
cinversion2_avg6	6.42739124799255e-05	0.000550030193217477	0.000115670389287561
ctarjeta_visa_descuentos_tend6	6.30268102267138e-05	0.000124268456478831	0.000104330155043683
catm_trx_other_lag1	5.86937582143928e-05	4.76085303157209e-05	0.000102062108194907
vm_status06_tend6	5.85576461302017e-05	0.000201564986091976	6.57733586144955e-05
Master_Fvencimiento_delta1	5.78266785576459e-05	1.99687682951321e-05	9.07218739510283e-05
mforex_buy_avg6	5.77922921580787e-05	0.00154425776843391	0.000154227185716748
ccaja_ahorro_tend6	5.71657218363985e-05	0.00125000571677494	0.000154227185716748
cseguro_accidentes_personales_lag1	5.70482360760222e-05	6.44059820688728e-05	8.39177334047012e-05
Master_fechaalta_delta1	5.65610443477213e-05	1.87386841663773e-05	8.61857802534769e-05
vm_status02	5.58570637525428e-05	1.79480371185991e-05	4.76289838242899e-05
mttarjeta_master_debitos_automaticos_lag1	5.56377182510131e-05	0.000254582782112125	0.000122474529833888
vm_mpagosdolares_tend6	5.48625278681996e-05	0.000238600558330006	0.000113402342438785
Visa_fechaalta_delta1	5.29158149694109e-05	1.41862122552207e-05	5.4433124370617e-05
ccajeros_propios_descuentos_tend6	5.28204663113538e-05	0.00053551631395266	0.000163299373111851
cseguro_vivienda_lag1	5.26879233716173e-05	6.49563399762801e-05	6.57733586144955e-05
mv_status07_lag1	5.22302554794928e-05	9.35791030256587e-05	8.16496865559255e-05
cseguro_auto_avg6	5.21120822348606e-05	0.00085831469661557	0.00012701062353144
mcaja_ahorro_adicional_lag1	5.17609230766452e-05	0.000321561410214012	8.16496865559255e-05
Master_mpagosdolares_tend6	5.13194974628703e-05	5.6395998067829e-05	0.000120206482985113
Master_mconsumosdolares_avg6	4.59255776727021e-05	0.000273554961459279	9.07218739510283e-05
vm_Fvencimiento_delta1	4.5062485286704e-05	4.61282491888538e-05	8.16496865559255e-05
Master_msaldodolares_avg6	4.48232335624841e-05	8.89120774068994e-05	6.80414054632713e-05
ctarjeta_master_transacciones_delta1	4.15768691789112e-05	0.000626668416454106	0.000106598201892458
Visa_Fvencimiento_delta1	4.12193542911079e-05	1.72633569683809e-05	6.12372649169441e-05
Master_mpagado_delta1	4.0980214560919e-05	0.000305564985169129	0.000106598201892458
Master_Finiciomora_avg6	4.08714700864639e-05	0.000553052325730034	7.0309452312047e-05
ctarjeta_master_descuentos_avg6	3.92271634558704e-05	0.00020616147719967	8.16496865559255e-05
mcheques_depositados_tend6	3.90421566968007e-05	0.000485672335029063	0.000115670389287561
Master_mconsumosdolares_tend6	3.88602990190449e-05	4.84471125228584e-05	8.84538271022526e-05
mtarjeta_visa_descuentos_tend6	3.79293632763332e-05	0.000432225151326503	8.16496865559255e-05
vm_msaldodolares_lag1	3.78852992643964e-05	0.000342863917701986	9.07218739510283e-05
Master_delinquency_avg6	3.76579441679306e-05	0.000296651263001229	4.98970306730656e-05
cinversion2	3.68766607329312e-05	0.000488775051451252	5.4433124370617e-05
ccajas_transacciones	3.4361412964349e-05	9.78549569847254e-05	5.89692180681684e-05
vm_mpagosdolares_lag1	3.38264849495884e-05	0.000220264746531511	8.84538271022526e-05
minversion2_lag1	3.2642536370621e-05	0.000409033828710785	6.12372649169441e-05
ccajas_transacciones_lag1	3.25643893824923e-05	6.10030575571143e-05	4.98970306730656e-05
mcaja_ahorro_adicional	3.20234690194364e-05	0.000234078376155373	4.98970306730656e-05
vmr_mpagosdolares_delta1	3.16890868374184e-05	0.000376356015389152	7.25774991608227e-05
catm_trx_other	3.01208175909099e-05	8.95478316119842e-05	6.80414054632713e-05
tcallcenter_lag1	2.97303416550967e-05	6.96359627284537e-05	7.25774991608227e-05
vmr_msaldodolares_delta1	2.95754730272174e-05	0.00020132408360803	8.39177334047012e-05
Visa_Finiciomora_tend6	2.84728768502681e-05	0.000264270449510468	7.71135928583741e-05
vm_status03_avg6	2.82592532051259e-05	3.99974083591883e-05	7.93816397071498e-05
cliente_edad_delta1	2.80810759937488e-05	0.000115195029080191	5.89692180681684e-05
mttarjeta_master_debitos_automaticos	2.8033749106334e-05	8.27680732805201e-05	5.89692180681684e-05
cseguro_accidentes_personales_tend6	2.74717878081527e-05	0.000164231045795099	4.53609369755142e-05
vmr_mpagosdolares	2.72668217664043e-05	0.000618970058169172	9.07218739510283e-05
mforex_sell_delta1	2.68241110744418e-05	0.000644333749365145	9.52579676485798e-05
cseguro_vivienda	2.65985562547216e-05	4.08606186698548e-05	4.30928901267385e-05
mprestamos_prendarios_delta1	2.54504407999856e-05	0.00146704743718312	0.000147423045170421
ctarjeta_master_debitos_automaticos	2.52910641479071e-05	6.65144213765562e-05	4.98970306730656e-05
vmr_msaldodolares2_delta1	2.51420549482126e-05	0.000185950155110969	9.07218739510283e-05
mcajeros_propios_descuentos_avg6	2.47133479320947e-05	8.45866369788498e-05	6.35053117657198e-05
cpagodeservicios_avg6	2.46896339508554e-05	0.000400528923625411	5.4433124370617e-05
Master_delinquency_tend6	2.46882003048533e-05	0.000208882033394683	5.21650775218413e-05
vmr_msaldodolares	2.31385186490639e-05	0.000146870214378651	4.98970306730656e-05
Master_msaldodolares_tend6	2.30896321365276e-05	9.03495188441029e-05	3.8556796429187e-05
Master_Finiciomora_tend6	2.21840379464134e-05	0.000314134527231198	4.30928901267385e-05
vm_fechaalta_delta1	2.18869978933319e-05	1.92330390874073e-05	5.67011712193927e-05
minversion2_tend6	2.12600152944236e-05	0.00056864460453961	7.25774991608227e-05
vmr_msaldodolares_lag1	2.11654602239925e-05	0.000101894437766243	4.98970306730656e-05
ccajas_depositos	2.11067466289756e-05	0.000275605369028762	5.21650775218413e-05
cprestamos_prendarios_avg6	2.11039817350312e-05	0.000430784643171427	4.98970306730656e-05
catm_trx_other_delta1	2.10834709563135e-05	4.75528104109933e-05	6.12372649169441e-05
cforex_buy_avg6	2.09182314633122e-05	0.000406276377540753	4.08248432779628e-05
mtarjeta_visa_descuentos_delta1	2.08730722885061e-05	0.000144937285693818	5.21650775218413e-05
cseguro_vida_lag1	2.07911913227746e-05	6.64124176220929e-05	3.62887495804113e-05
ccajas_otras	2.00772359704856e-05	5.19414252272142e-05	9.07218739510283e-06
vmr_mpagosdolares_lag1	1.99772092825493e-05	6.6112162352248e-05	4.53609369755142e-05
vm_status04_lag1	1.8915086906195e-05	1.04338234468341e-05	2.49485153365328e-05
vm_status04_avg6	1.84546775454618e-05	6.17841741893506e-05	0.000108866248741234
cplazo_fijo_lag1	1.81210548449347e-05	0.000122439654660835	2.72165621853085e-05
Master_mconsumosdolares	1.78893157782352e-05	1.74778384983487e-05	4.30928901267385e-05
ccaja_seguridad_tend6	1.77054009932852e-05	0.000674032836027184	7.0309452312047e-05
ctarjeta_master_descuentos_delta1	1.73244694775545e-05	0.000255334316711962	3.17526558828599e-05
vm_Finiciomora_delta1	1.6518999961667e-05	0.00058333163541353	5.89692180681684e-05
Master_msaldodolares	1.62456999711688e-05	3.21737392639612e-05	3.40207027316356e-05
ctarjeta_master_descuentos_tend6	1.6096740683616e-05	0.000128590028124334	4.53609369755142e-05
tcuentas	1.56425811140789e-05	0.000206831154022451	3.62887495804113e-05
Master_mconsumosdolares_lag1	1.55933949822514e-05	1.9574577097842e-05	5.4433124370617e-05
Master_mpagosdolares	1.55753174325759e-05	6.90219114498505e-06	2.72165621853085e-05
mtarjeta_master_descuentos	1.54943109747709e-05	0.000403590215766185	4.08248432779628e-05
ctarjeta_master_debitos_automaticos_lag1	1.54307133536676e-05	7.26262957356878e-05	3.62887495804113e-05
vm_status03_tend6	1.47838928364748e-05	0.000126140475428691	3.40207027316356e-05
Visa_status_delta1	1.44776384406633e-05	4.31690551630933e-05	2.49485153365328e-05
cforex_buy_tend6	1.43118753245933e-05	0.000314853318720212	3.17526558828599e-05
vm_msaldodolares_delta1	1.35366884746693e-05	9.22182351747151e-05	3.8556796429187e-05
Master_status_tend6	1.35303479743495e-05	3.82372538412589e-05	4.30928901267385e-05
minversion1_pesos	1.34764430125863e-05	0.000212909388845536	2.49485153365328e-05
cseguro_vida_tend6	1.33986592201127e-05	0.000132203942825713	5.4433124370617e-05
active_quarter_delta1	1.32782382248564e-05	0.000115054148779161	2.72165621853085e-05
ctarjeta_visa_tend6	1.32727517197908e-05	8.24853218926853e-05	2.49485153365328e-05
mcheques_depositados_lag1	1.32641168383855e-05	0.000485584155095163	6.57733586144955e-05
cprestamos_personales_delta1	1.32343886090611e-05	4.55986506024288e-05	2.49485153365328e-05
vm_mpagosdolares	1.2140096750227e-05	0.000130582734217541	3.8556796429187e-05
Master_madelantopesos	1.13264413758645e-05	3.77022295232136e-06	4.53609369755142e-06
Master_Finiciomora_lag1	1.12973703862471e-05	0.000371124855222697	3.8556796429187e-05
ctarjeta_visa_avg6	1.12208567457987e-05	4.78476399492178e-05	4.30928901267385e-05
mcajeros_propios_descuentos_tend6	1.11279022529137e-05	0.000147178301574139	6.35053117657198e-05
ccajas_consultas_lag1	1.09067254254445e-05	8.05650375215421e-05	1.81443747902057e-05
ccajas_transacciones_delta1	1.02586071225825e-05	4.43227544266879e-05	2.49485153365328e-05
Master_mconsumosdolares_delta1	9.58006603882127e-06	1.84277189741165e-05	3.40207027316356e-05
cinversion1_avg6	9.55268583109118e-06	3.78302767894547e-05	2.04124216389814e-05
ctarjeta_debito_delta1	9.42742871508254e-06	0.000610288651675174	6.12372649169441e-05
ccajas_depositos_delta1	9.04705056791887e-06	0.000154145837399944	2.49485153365328e-05
mforex_sell	8.69144694842242e-06	0.000151035289052112	3.17526558828599e-05
mforex_sell_lag1	8.50637872295111e-06	0.000148187015852782	4.08248432779628e-05
Master_msaldodolares_lag1	8.32669291324603e-06	5.33717424428988e-06	1.36082810926543e-05
Master_mpagosdolares_delta1	8.1753158176568e-06	1.73824399823797e-05	2.49485153365328e-05
mcheques_depositados	7.97608162598093e-06	9.02530351818099e-06	1.587632794143e-05
mforex_buy_tend6	7.75560014652785e-06	0.000201639059123663	2.04124216389814e-05
cmobile_app_trx_delta1	7.73074795229948e-06	1.67385707700019e-05	1.13402342438785e-05
mpagodeservicios_avg6	7.56128775865036e-06	0.00012182234794326	1.81443747902057e-05
Visa_delinquency	7.54398531708915e-06	0.000141401926150248	2.94846090340842e-05
minversion2_delta1	6.88677353662211e-06	0.000117242700193726	2.04124216389814e-05
Master_msaldodolares_delta1	6.63771542695267e-06	5.8078918475649e-06	1.36082810926543e-05
Visa_status_lag1	6.02911692023362e-06	3.99144654358088e-05	4.53609369755142e-06
Master_madelantopesos_avg6	5.78320753846355e-06	8.38299125487678e-07	6.80414054632713e-06
ccajas_extracciones_delta1	5.57252610608862e-06	3.37903242051876e-05	1.587632794143e-05
cinversion2_lag1	5.34664494173553e-06	0.000109655215554948	1.36082810926543e-05
Visa_delinquency_delta1	5.25337875950776e-06	3.49886560088943e-05	1.36082810926543e-05
Master_madelantopesos_tend6	5.18643857964129e-06	3.28851234498068e-06	1.36082810926543e-05
Visa_madelantopesos_tend6	5.09800545380667e-06	6.31286233046082e-06	1.13402342438785e-05
minversion1_pesos_avg6	5.07637646413634e-06	3.16155494309106e-05	9.07218739510283e-06
cseguro_vivienda_tend6	4.39230505733587e-06	3.05985314238747e-05	1.13402342438785e-05
cprestamos_prendarios_tend6	3.91501431300932e-06	0.000187257614890658	2.04124216389814e-05
Master_madelantopesos_lag1	3.49890634552231e-06	4.2153688465681e-06	1.587632794143e-05
Visa_delinquency_lag1	3.29800847716898e-06	1.44933086649347e-06	4.53609369755142e-06
cseguro_auto	3.29188148521962e-06	4.4092042882134e-05	6.80414054632713e-06
vm_status03_delta1	3.27670925586866e-06	3.61812789993309e-05	9.07218739510283e-06
ccuenta_debitos_automaticos_delta1	3.26568841065499e-06	2.03469181989358e-05	1.81443747902057e-05
cforex_sell_lag1	3.13705140937903e-06	5.78966138932039e-05	6.80414054632713e-06
ctarjeta_master_tend6	3.11349793254862e-06	2.32824749069414e-05	6.80414054632713e-06
Master_cadelantosefectivo	3.00434103776398e-06	1.10472613818629e-06	4.53609369755142e-06
Visa_madelantopesos_avg6	2.92704796443613e-06	5.2504144366661e-05	1.81443747902057e-05
Master_delinquency	2.79845907562887e-06	3.94615819764686e-07	2.26804684877571e-06
Master_mpagosdolares_lag1	2.77493113463093e-06	1.38823241042039e-05	2.04124216389814e-05
cprestamos_prendarios	2.76235648887572e-06	4.21957732709453e-05	6.80414054632713e-06
ccheques_emitidos	2.67234950907229e-06	5.98746469208981e-05	6.80414054632713e-06
ccheques_emitidos_tend6	2.62213311506906e-06	1.53299093005238e-05	6.80414054632713e-06
cprestamos_prendarios_lag1	2.62146897970733e-06	1.36199074148769e-05	4.53609369755142e-06
ccajas_depositos_lag1	2.54220044505802e-06	5.12972257529116e-06	4.53609369755142e-06
cforex_sell_delta1	2.45419856094434e-06	1.5843985576487e-05	6.80414054632713e-06
mcheques_emitidos	2.37347096901673e-06	4.11684699639682e-05	4.53609369755142e-06
mtarjeta_master_descuentos_delta1	2.34666144873324e-06	8.51254828991669e-06	6.80414054632713e-06
cforex	2.34526444325769e-06	2.78897702976014e-05	6.80414054632713e-06
vm_status06_lag1	2.30225948620477e-06	7.79286037567823e-06	1.587632794143e-05
ctarjeta_visa_descuentos_lag1	2.17074388255318e-06	1.30911108931262e-06	2.26804684877571e-06
Visa_cadelantosefectivo_avg6	2.1325067706922e-06	6.18452254651487e-05	2.26804684877571e-05
cinversion1_lag1	1.95864251615072e-06	3.7033307584832e-05	4.53609369755142e-06
ctarjeta_visa_descuentos_delta1	1.89581633482617e-06	4.81573784543296e-06	4.53609369755142e-06
tcuentas_tend6	1.83953045568902e-06	3.52508839771215e-05	6.80414054632713e-06
Visa_cadelantosefectivo	1.7595428991294e-06	2.55276898317335e-05	1.36082810926543e-05
mprestamos_hipotecarios_tend6	1.66059350536312e-06	5.29153204629366e-05	6.80414054632713e-06
ctarjeta_master_descuentos	1.56594735156831e-06	4.17993174204572e-05	4.53609369755142e-06
mtarjeta_master_descuentos_tend6	1.33256247134168e-06	5.40860518057918e-06	2.26804684877571e-06
mtarjeta_master_descuentos_lag1	1.31128867288238e-06	4.10100386006528e-06	4.53609369755142e-06
ccajeros_propios_descuentos_delta1	1.31082415699931e-06	1.55225463631851e-05	9.07218739510283e-06
ctarjeta_master_debitos_automaticos_delta1	1.23939607815136e-06	8.70192991360577e-07	2.26804684877571e-06
Master_madelantodolares_avg6	1.21102209324387e-06	2.89498167154007e-07	2.26804684877571e-06
minversion1_pesos_lag1	1.20165019851431e-06	2.03205444252332e-06	2.26804684877571e-06
vm_status02_delta1	9.9826861266753e-07	2.17656762472552e-06	6.80414054632713e-06
Master_madelantodolares_tend6	9.86089289578938e-07	5.89611896173993e-07	2.26804684877571e-06
cseguro_auto_lag1	9.06764033487999e-07	1.17022179588564e-05	2.26804684877571e-06
mprestamos_hipotecarios_lag1	8.86696045614061e-07	1.74993527037304e-05	2.26804684877571e-06
Visa_madelantopesos_delta1	8.45024106410935e-07	1.91948702449647e-05	6.80414054632713e-06
cforex_delta1	8.37126101517936e-07	4.7104786519974e-07	2.26804684877571e-06
Master_madelantodolares_lag1	8.23027769040649e-07	6.20892418472414e-07	2.26804684877571e-06
minversion1_pesos_delta1	7.94954785916753e-07	6.04332141961485e-07	4.53609369755142e-06
cforex_lag1	7.412442892971e-07	2.67866954690387e-05	4.53609369755142e-06
Master_delinquency_delta1	7.26983940748163e-07	8.86139924297027e-07	2.26804684877571e-06
vmr_madelantopesos_avg6	6.50709934618098e-07	1.29293769105636e-05	6.80414054632713e-06
mtarjeta_visa_descuentos_lag1	6.41579695045836e-07	9.07036068076771e-06	6.80414054632713e-06
ccheques_depositados_lag1	5.88276861971982e-07	3.8178278497559e-07	2.26804684877571e-06
Master_cadelantosefectivo_tend6	5.85612003138698e-07	6.07634761208679e-07	4.53609369755142e-06
mcajeros_propios_descuentos_lag1	5.7173518931203e-07	4.62923893654393e-05	2.26804684877571e-05
Visa_madelantopesos	5.45840725814974e-07	2.93608984511264e-05	2.72165621853085e-05
Visa_cadelantosefectivo_delta1	4.6672070330706e-07	7.33398502141815e-06	9.07218739510283e-06
cpagodeservicios_tend6	4.58794056737519e-07	1.1231877797781e-05	2.26804684877571e-06
ctarjeta_master_delta1	3.78885267907811e-07	2.08964740416688e-05	2.26804684877571e-06
mcheques_depositados_delta1	3.42583865229761e-07	4.52543761360463e-06	2.26804684877571e-06
mcajeros_propios_descuentos_delta1	3.24457730456145e-07	3.69691895911614e-05	1.81443747902057e-05
Visa_cadelantosefectivo_tend6	1.85309851540683e-07	4.52765508652775e-06	2.26804684877571e-06
mcajeros_propios_descuentos	1.07519110425361e-07	6.45166669939287e-06	4.53609369755142e-06
vm_cadelantosefectivo_avg6	6.89170097188866e-08	5.41190779982638e-06	2.26804684877571e-06
vm_status05_lag1	6.80915189846353e-08	4.78200394883662e-06	9.07218739510283e-06
Master_cadelantosefectivo_delta1	4.7473059660651e-08	7.01759409753699e-07	4.53609369755142e-06
vm_madelantopesos_avg6	4.61427945967669e-08	4.06689252126927e-06	2.26804684877571e-06
Master_cadelantosefectivo_avg6	4.5121710475646e-08	2.91055116227684e-07	2.26804684877571e-06
mpagodeservicios_tend6	1.46734724424899e-08	4.89212271059305e-06	2.26804684877571e-06
Master_madelantopesos_delta1	9.66433193906991e-09	2.95867504273595e-07	2.26804684877571e-06
vm_status02_lag1	5.65363413436104e-10	7.99186677545913e-07	2.26804684877571e-06
ctarjeta_master_lag1	1.42043622021887e-10	3.77630920779118e-07	2.26804684877571e-06
Visa_madelantopesos_lag1	1.24970803283151e-10	5.58425734425493e-07	2.26804684877571e-06
Visa_madelantodolares	1.22892093861347e-11	1.07409670368232e-05	6.80414054632713e-06
Visa_madelantodolares_delta1	8.63988128726047e-12	1.50420152627185e-06	4.53609369755142e-06
Master_cadelantosefectivo_lag1	2.52234520596466e-14	5.92678614046387e-07	2.26804684877571e-06
