Feature	Gain	Cover	Frequency
ctrx_quarter_normalizado	0.102000449999939	0.00474844211025817	0.00439953450086571
ctrx_quarter	0.0482082318443828	0.00480407414989185	0.00559166643013255
ctrx_quarter_normalizado_lag1	0.0400177517246729	0.00274748981367032	0.00275325707473532
mpayroll_sobre_edad	0.0215291176715742	0.00646663149980992	0.00258295251341148
mcuentas_saldo_lag1	0.0199007346246721	0.00314254255575209	0.00456983906218955
mpasivos_margen	0.0183120002387451	0.00399046889699748	0.00567681871079447
mprestamos_personales	0.0152899943649797	0.00969915464472504	0.00281002526184326
cpayroll_trx	0.0149590471364496	0.00382311563024562	0.00198688654877807
mcuentas_saldo	0.0135792259221675	0.00840470739023326	0.00604581192699611
active_quarter_avg6	0.01245641798292	0.00168379722520979	0.0016462774261304
mtarjeta_visa_consumo	0.0112507444609251	0.00243361446851044	0.00312225029093696
vm_status06	0.00877233489588184	0.000637153182393599	0.000227072748431779
mcaja_ahorro	0.00873999192417832	0.00304457668669816	0.00536459368170078
mpayroll	0.00828841342122616	0.00249379698692753	0.00227072748431779
ccomisiones_mantenimiento_tend6	0.00800980281179753	0.00519589508820389	0.00241264795208765
mcomisiones_avg6	0.00788518075447257	0.00342136343756355	0.00510913683971502
mcomisiones_mantenimiento_tend6	0.00734387653409512	0.00385825301558347	0.00371831625557038
mprestamos_personales_lag1	0.00688067798578344	0.00240993377907539	0.00113536374215889
mcuenta_corriente_avg6	0.00631882504495048	0.00539478240293487	0.00763532116601856
mcomisiones_otras_avg6	0.00614543882255288	0.00358465891137827	0.00442791859441969
ccomisiones_mantenimiento_avg6	0.00604402548473593	0.00775958346621964	0.0034912435071386
mcaja_ahorro_lag1	0.00522822064013955	0.00228324782513808	0.00491044818483722
numero_de_cliente	0.0049390494282187	0.00462450173569804	0.00757855297891062
mcuentas_saldo_tend6	0.00487014622772631	0.00345362870672217	0.00519428912037694
mrentabilidad_annual_tend6	0.00476038253196573	0.00506110700975422	0.0072947120433709
mrentabilidad_annual_avg6	0.00429025071434162	0.00331606381853565	0.00547813005591666
vm_msaldopesos	0.00416033120126069	0.000873350007821832	0.00187335017456218
mactivos_margen	0.00413056666706617	0.00305284519364385	0.00420084584598791
ctransferencias_recibidas_avg6	0.0041285089326072	0.00400403525754038	0.00590389145922625
cliente_edad	0.00405905871774788	0.00461252058513484	0.00618773239476597
cliente_edad_avg6	0.00405672889141588	0.00568972730405402	0.00752178479180267
Master_Fvencimiento	0.00397946788537019	0.00313958428685657	0.00553489824302461
ctrx_quarter_delta1	0.0038842193244177	0.00199092412041198	0.00377508444267832
mrentabilidad_annual_lag1	0.00385881044162741	0.00260357116265761	0.00462660724929749
cliente_edad_lag1	0.00380885136913318	0.00459047087431001	0.00641480514319775
mcuenta_corriente_tend6	0.00379433969962989	0.0043322071075137	0.00505236865260708
chomebanking_transacciones_avg6	0.00375497504039682	0.00228561702483599	0.00576197099145639
mrentabilidad_annual_delta1	0.00370375915032002	0.00519278712896382	0.00570520280434844
mcaja_ahorro_avg6	0.00363545139093484	0.00528839349050042	0.00579035508501036
ccomisiones_mantenimiento_delta1	0.00356817894727835	0.00132563884542366	0.000539297777525475
Visa_fechaalta	0.0035420488559833	0.00241153352732595	0.00448468678152763
mrentabilidad_annual	0.00354000697811165	0.00438235014221092	0.00411569356532599
cproductos_tend6	0.00351668294207153	0.00326787591204368	0.00150435695836053
cdescubierto_preacordado	0.0034950755021813	0.00117083479870803	0.000539297777525475
Visa_fechaalta_avg6	0.00345599131748046	0.00246258870390687	0.00343447532003066
mcuentas_saldo_delta1	0.00342119871565263	0.00372352309021729	0.00454145496863558
vm_status01	0.0034204134575193	0.00130462565946667	0.000397377309755613
Master_Fvencimiento_avg6	0.00337660590396671	0.00260164403408515	0.00508075274616105
azar	0.0033730901893078	0.00336576801283429	0.0064715733303057
vm_Fvencimiento_avg6	0.00316084833565541	0.00359654529395356	0.0043143822202038
ctrx_quarter_normalizado_tend6	0.00314054438425396	0.00344017919080074	0.00496721637194516
mactivos_margen_avg6	0.00313414785402611	0.00452263584086868	0.00459822315574352
mactivos_margen_lag1	0.00313002752344692	0.00218069432394185	0.00323578666515285
mrentabilidad_tend6	0.00308999823257549	0.00270807817669566	0.00454145496863558
mactivos_margen_tend6	0.00307889065053841	0.00241707422389219	0.00442791859441969
Visa_Fvencimiento_lag1	0.00301408820687268	0.00196906502247194	0.00459822315574352
Master_Fvencimiento_lag1	0.00296407205538406	0.003615285663564	0.00474014362351338
mcuenta_corriente_lag1	0.00296178936160316	0.00222469520842225	0.00343447532003066
Master_fechaalta_lag1	0.00294968477942948	0.00230044175349115	0.00456983906218955
mrentabilidad	0.00292801478199816	0.00207366788140686	0.00357639578780052
cpayroll_trx_avg6	0.00288650563007307	0.00447938663883789	0.00238426385853368
cliente_antiguedad	0.00286365097994644	0.00298015276236734	0.00471175952995941
Master_fechaalta	0.00284565115524248	0.00208004587468452	0.00417246175243394
mrentabilidad_avg6	0.00276343539794226	0.00347607418158744	0.00386023672334024
chomebanking_transacciones_tend6	0.00275803606840032	0.0029298034996055	0.00485367999772927
mcomisiones_mantenimiento	0.00273360681477076	0.00305339387875571	0.0021571911101019
chomebanking_transacciones	0.00269380959838595	0.00374377005545381	0.00405892537821805
ccomisiones_otras_avg6	0.00269282001542188	0.00370032216372108	0.00522267321393091
Visa_mpagospesos_tend6	0.0026784018389324	0.00430468131465984	0.00445630268797366
cprestamos_personales	0.00267687383891663	0.00144403313887278	0.000823138713065198
mcomisiones_tend6	0.00258479182394074	0.00184187776741673	0.00383185262978627
Visa_Fvencimiento_avg6	0.00255825500264504	0.00207371795767321	0.00420084584598791
vm_Fvencimiento	0.00255132504857064	0.00241629454180979	0.00391700491044819
Master_fechaalta_avg6	0.002546191963317	0.00194680585285564	0.00422922993954188
mpasivos_margen_avg6	0.00254447735962288	0.00320947837021717	0.00459822315574352
mcuentas_saldo_avg6	0.00254071101517946	0.00297424053221211	0.00411569356532599
vm_Fvencimiento_lag1	0.00253622777914418	0.00550571748651692	0.00442791859441969
Visa_cconsumos_avg6	0.00249050848185369	0.00144569534784265	0.00326417075870682
mcuenta_corriente	0.00243882888894674	0.0024408114510473	0.0038034685362323
mcomisiones_mantenimiento_avg6	0.00242919892747413	0.00229851193264632	0.00326417075870682
mactivos_margen_delta1	0.00240147038422878	0.00221766137759185	0.00354801169424654
chomebanking_transacciones_lag1	0.00239655901302965	0.00216311755445577	0.00391700491044819
mcomisiones_otras_tend6	0.0023924422480923	0.00223020521308331	0.00383185262978627
mcaja_ahorro_dolares_avg6	0.00237113888352293	0.00470640281543674	0.00388862081689421
mtransferencias_recibidas_avg6	0.00237081788673479	0.00195604142404166	0.00434276631375777
ctrx_quarter_tend6	0.00233674047495918	0.00191526318960489	0.0034912435071386
cproductos_avg6	0.00233201278447513	0.00315668775485754	0.00434276631375777
ccajas_consultas_tend6	0.0023221857956259	0.00403844142169874	0.00130566830348273
Master_mfinanciacion_limite_tend6	0.00231961466535057	0.00455767361212832	0.0038034685362323
thomebanking_avg6	0.00230618523033049	0.00111524637388696	0.00238426385853368
mcomisiones_lag1	0.00230409416635467	0.00229436098708469	0.00377508444267832
Visa_fechaalta_lag1	0.00227636745155028	0.00178554250623635	0.00346285941358463
mcomisiones_otras	0.00225800161206512	0.00164570480170328	0.0026681047940734
mcaja_ahorro_tend6	0.00221589316218515	0.00275903481610732	0.00391700491044819
Visa_mlimitecompra_tend6	0.00217302375024836	0.00228796037871901	0.00332093894581477
mv_status07_avg6	0.00216833082712464	0.000412836278086932	0.000454145496863558
cliente_antiguedad_avg6	0.00216219915083276	0.00289232976029283	0.00388862081689421
ccallcenter_transacciones_avg6	0.00215711702998459	0.0055288150297536	0.00434276631375777
ccomisiones_otras_tend6	0.00215203262675581	0.00288700121479045	0.00391700491044819
Visa_mconsumospesos_tend6	0.00214334957399214	0.00316997088834564	0.00346285941358463
cmobile_app_trx_avg6	0.00212235208186537	0.00231687969175881	0.00326417075870682
mtransferencias_emitidas_avg6	0.00210630036785605	0.00222458105607317	0.00428599812664983
Visa_Fvencimiento	0.0020857918136934	0.00122268365718774	0.00306548210382901
ctransferencias_recibidas_tend6	0.00208194967195306	0.0018316099789987	0.00351962760069257
ctrx_quarter_normalizado_avg6	0.00206429769205353	0.00448849998085767	0.00354801169424654
vm_fechaalta	0.0020569192432362	0.00130682793827677	0.00312225029093696
mautoservicio_avg6	0.00205205341109457	0.00438426219405802	0.00414407765887996
mpasivos_margen_tend6	0.00204651337352537	0.00259476258587169	0.0029803298231671
vmr_mpagominimo_avg6	0.00203049888585881	0.00143048831650896	0.00212880701654793
cproductos	0.00202546611184161	0.00324269401152733	0.00255456841985751
mrentabilidad_delta1	0.00202142876349447	0.00211995127441441	0.00383185262978627
mprestamos_personales_tend6	0.00200817899617081	0.00234637568954326	0.00122051602282081
Visa_mpagado_avg6	0.00199061509925841	0.00287537329036403	0.00329255485226079
vm_mlimitecompra_tend6	0.00196220202979729	0.00141699841650177	0.00323578666515285
mcuenta_debitos_automaticos	0.00195554216767004	0.00211031670846108	0.0013340523970367
ctarjeta_debito_avg6	0.00192342624329498	0.00175170871918683	0.00292356163605915
mrentabilidad_lag1	0.00191379065722269	0.00148364400400385	0.00309386619738299
cliente_antiguedad_lag1	0.00190576236960303	0.0020167171667595	0.00320740257159888
vmr_mpagado_avg6	0.0019010606560111	0.00472514318504717	0.00295194572961313
tcallcenter_tend6	0.00190083157127944	0.00160762853183108	0.00119213192926684
vm_fechaalta_avg6	0.00189869935432661	0.0015954772296532	0.00332093894581477
ctarjeta_visa_transacciones	0.00188462143416943	0.00255758122733992	0.00286679344895121
Visa_cconsumos_tend6	0.0018819305582335	0.00269353667509529	0.00315063438449093
Master_mlimitecompra_tend6	0.00187691724396218	0.00225854245683369	0.00334932303936874
mttarjeta_visa_debitos_automaticos_avg6	0.00186978290862601	0.00169166835275161	0.00249780023274957
vm_cconsumos_avg6	0.00186371402162838	0.002319590271595	0.00241264795208765
ctarjeta_debito_transacciones_avg6	0.00183674325466548	0.00206310448148107	0.00306548210382901
mcuenta_corriente_delta1	0.0018362951060051	0.00359792642968654	0.00281002526184326
mcomisiones_otras_lag1	0.00181578824982289	0.00167983527716952	0.00303709801027504
Visa_msaldopesos	0.00180392945615187	0.00150000978937162	0.00235587976497971
cproductos_delta1	0.00179332608917777	0.00123284806234623	0.000425761403309585
mtransferencias_recibidas_tend6	0.00179132126779424	0.00205086864195034	0.00320740257159888
Visa_msaldototal_tend6	0.00178701638750872	0.00186947409780705	0.00207203882943998
mautoservicio	0.00178308270530915	0.00317374060813769	0.00337770713292271
mcomisiones	0.00176154261238962	0.00152135520174079	0.00246941613919559
mpasivos_margen_delta1	0.00175770223583255	0.00148006974318688	0.00312225029093696
mpasivos_margen_lag1	0.00172904941978581	0.00218266452887245	0.00383185262978627
ctarjeta_visa_transacciones_tend6	0.0017172443152677	0.0030065133397334	0.00275325707473532
mtransferencias_recibidas	0.00171704500424163	0.00371271738577694	0.0034912435071386
vm_mpagospesos_tend6	0.00170301152060348	0.00232234769697068	0.00210042292299395
Visa_mpagominimo	0.00168935731198706	0.00120685524938782	0.0029803298231671
mcaja_ahorro_dolares	0.00168359075680142	0.00595542551181147	0.00312225029093696
Visa_mpagominimo_avg6	0.00167950972780923	0.00135988131942107	0.00272487298118135
ctrx_quarter_avg6	0.00167557863476417	0.00262058524721543	0.00360477988135449
vmr_msaldopesos2_tend6	0.00166247948862538	0.00257367832392376	0.00283840935539724
Master_mlimitecompra_delta1	0.00166163532454724	0.000953395573433484	0.00261133660696546
ctrx_quarter_normalizado_delta1	0.00164615111013742	0.00133014086330416	0.00281002526184326
mttarjeta_visa_debitos_automaticos_tend6	0.00164605867633206	0.00366843865878651	0.00221395929720984
mcaja_ahorro_delta1	0.00164270278022389	0.00223947093772003	0.00283840935539724
Visa_mconsumospesos_avg6	0.00163479707257565	0.00125429416570257	0.00275325707473532
vm_fechaalta_lag1	0.00161599094607523	0.00170893174173219	0.00283840935539724
Visa_mpagominimo_tend6	0.00160803183908488	0.00154028779959944	0.00275325707473532
Visa_mfinanciacion_limite_tend6	0.00158419031361708	0.00123811360867483	0.00281002526184326
Visa_msaldototal	0.0015820401009248	0.00125493061889414	0.00235587976497971
Visa_mpagospesos_delta1	0.00155716669473522	0.00185563097166308	0.00283840935539724
ccallcenter_transacciones_tend6	0.00152959634272573	0.00322698944825708	0.00201527064233204
vm_mfinanciacion_limite_tend6	0.00152942468797506	0.00148310393416363	0.00246941613919559
ctransferencias_emitidas_avg6	0.00152354136237247	0.00140596009972743	0.00252618432630354
Visa_mpagospesos_lag1	0.00150384785862602	0.00162853456534719	0.00258295251341148
mcomisiones_mantenimiento_delta1	0.00148171046894818	0.00235301106406082	0.0013340523970367
vmr_msaldopesos2_avg6	0.001467643830072	0.00164346321571638	0.00357639578780052
vmr_mpagominimo	0.0014638983498975	0.00145822572197219	0.00170304561323834
Master_mfinanciacion_limite_avg6	0.00145195005330428	0.00159357002389639	0.0026681047940734
Visa_mconsumospesos	0.00144741497271199	0.00101473199979436	0.00255456841985751
vm_msaldototal	0.00143929012933908	0.00116827444767086	0.001021827367943
mcuenta_debitos_automaticos_avg6	0.00143230355161682	0.00232097517650932	0.00187335017456218
Master_mfinanciacion_limite	0.00143004412477197	0.0012418967898288	0.00258295251341148
Visa_cconsumos_lag1	0.00142846317990018	0.00118805349596703	0.00210042292299395
mcaja_ahorro_dolares_lag1	0.0014280198460784	0.00159310372231948	0.00235587976497971
cdescubierto_preacordado_tend6	0.00141362251078293	0.00162622782636859	0.000283840935539724
vmr_msaldopesos2	0.00141107485741644	0.00121006820725087	0.00227072748431779
Master_mfinanciacion_limite_delta1	0.00140157458230315	0.00142961171262073	0.00261133660696546
Visa_msaldopesos_delta1	0.00139226357052839	0.000968887447185403	0.00204365473588601
Visa_mconsumospesos_lag1	0.00138019351836972	0.000837514785482055	0.00224234339076382
cpayroll_trx_lag1	0.00136939503168129	0.000812402884047684	0.000510913683971502
Visa_mpagominimo_lag1	0.00136736271692485	0.000910047295778961	0.00218557520365587
mv_status07_delta1	0.00136054826026875	0.00029873938981713	0.000113536374215889
ccaja_ahorro	0.00135418034238499	0.00333804191491507	0.000879906900173143
mcomisiones_delta1	0.00134578899218348	0.00204220921705449	0.00241264795208765
Master_mfinanciacion_limite_lag1	0.00132782403622789	0.0010315436254689	0.00212880701654793
Visa_mfinanciacion_limite	0.00131656042612593	0.000761220093755769	0.00195850245522409
ccomisiones_otras	0.00131105922827529	0.00154012734016536	0.00187335017456218
Visa_msaldopesos_tend6	0.00130624169202978	0.000666693333445145	0.00170304561323834
Master_fultimo_cierre_avg6	0.00130403150343031	0.0010598248699537	0.00198688654877807
mcaja_ahorro_dolares_delta1	0.00129859680775178	0.0021365669026594	0.00173142970679231
vm_mpagominimo_avg6	0.00127820531675743	0.00184223907037067	0.00232749567142573
vmr_Visa_mlimitecompra_avg6	0.00127448853287358	0.00171795946949016	0.00193011836167012
mtransferencias_emitidas_tend6	0.00126591428054745	0.00178528243272406	0.00207203882943998
Visa_cconsumos	0.00125408461633099	0.000925642552790426	0.00210042292299395
Visa_mconsumospesos_delta1	0.00125249991287721	0.00126126661272261	0.00235587976497971
mtransferencias_recibidas_lag1	0.00124441682100738	0.00172883301919459	0.0026681047940734
Visa_mfinanciacion_limite_avg6	0.00124388513860887	0.00132237096520398	0.00201527064233204
cdescubierto_preacordado_avg6	0.0012432877653442	0.00122637691644409	0.000737986432403281
vmr_mpagospesos_tend6	0.00124000028196609	0.00147692409213343	0.00212880701654793
Visa_mpagospesos_avg6	0.00123263127306449	0.00155311970823599	0.00204365473588601
Visa_mfinanciacion_limite_lag1	0.00122417938529468	0.000765737726816094	0.00193011836167012
mcaja_ahorro_dolares_tend6	0.00121866384179921	0.0014319771431373	0.00210042292299395
mpagomiscuentas_avg6	0.00121569479424496	0.00237553138409837	0.00227072748431779
Visa_mfinanciacion_limite_delta1	0.00120056046003404	0.00136646069467305	0.00207203882943998
cmobile_app_trx_tend6	0.00119100442849337	0.00307792371090066	0.00244103204564162
vm_mconsumospesos_avg6	0.00118448715175693	0.00149751836050748	0.00181658198745423
vmr_msaldopesos2_delta1	0.00117958385612797	0.00119844782118712	0.00204365473588601
ccaja_seguridad	0.00116795773727422	0.0022047368547853	0.000368993216201641
vm_mpagominimo	0.00116088944038344	0.00160115200138416	0.00167466151968437
vm_fultimo_cierre_avg6	0.00115730162729616	0.000877708258357025	0.00195850245522409
chomebanking_transacciones_delta1	0.00115194108242394	0.00247310687365662	0.00232749567142573
Visa_mpagospesos	0.00114696349355831	0.000991785762265662	0.00221395929720984
ctrx_quarter_lag1	0.00114411859171133	0.00192134557137478	0.00329255485226079
vm_status04_delta1	0.00113689599630823	0.000440062151797206	8.51522806619171e-05
ctarjeta_debito_transacciones_tend6	0.00113287794210754	0.00131605489419116	0.00218557520365587
cextraccion_autoservicio_avg6	0.00112706003609663	0.0016110229488528	0.00229911157787176
Visa_mpagominimo_delta1	0.00112623222882603	0.0020531274584805	0.00210042292299395
mtarjeta_visa_consumo_tend6	0.00112398635323822	0.00250691750716364	0.0018449660810082
Master_mlimitecompra	0.00112274111701148	0.0006407872116575	0.00173142970679231
vmr_Visa_mlimitecompra	0.00112250003768497	0.000644644161074795	0.00161789333257642
cpagomiscuentas_tend6	0.0011093738230345	0.00132556400025139	0.00158950923902245
matm_avg6	0.0011059034502462	0.000752089521192726	0.00204365473588601
cpagomiscuentas_avg6	0.0011053457493279	0.00138324593607824	0.00204365473588601
vmr_Master_mlimitecompra_avg6	0.00109835428555814	0.00144855454111444	0.00193011836167012
vm_mpagado_avg6	0.00109623591635524	0.00109534563487903	0.00158950923902245
vmr_Visa_mlimitecompra_lag1	0.00108103672594437	0.00116530325586789	0.00170304561323834
Visa_msaldopesos_avg6	0.00107888489965021	0.00127103256156827	0.00170304561323834
thomebanking_tend6	0.00107252045298847	0.00188833077358447	0.00150435695836053
Visa_mpagado_tend6	0.00106955656945395	0.0016986348767724	0.00210042292299395
cliente_edad_tend6	0.00106165632833035	0.000856314385084936	0.00187335017456218
mtransferencias_recibidas_delta1	0.00105963308832865	0.00161459505585187	0.0021571911101019
cproductos_lag1	0.0010581749042282	0.00308892379740714	0.00232749567142573
thomebanking	0.00105256229940942	0.000723847583884737	0.000766370525957254
vmr_mpagominimo_tend6	0.00105026552275975	0.00212793763121426	0.00207203882943998
mttarjeta_visa_debitos_automaticos_lag1	0.00104988642739858	0.00130506934595555	0.00187335017456218
mcomisiones_otras_delta1	0.00104400233133115	0.00192339008302318	0.00212880701654793
mextraccion_autoservicio_avg6	0.00102441481439566	0.000908697390405632	0.00207203882943998
vmr_mconsumospesos_tend6	0.00102156495881149	0.000966628630655241	0.00167466151968437
vm_mpagominimo_tend6	0.00100144593302825	0.001038271075702	0.00167466151968437
ctarjeta_visa_transacciones_avg6	0.000992889652684877	0.000854449717231789	0.00153274105191451
tcallcenter_avg6	0.000983423370533843	0.00108387116997849	0.00161789333257642
mtransferencias_emitidas_lag1	0.000979998196958945	0.00257546330051434	0.00238426385853368
mextraccion_autoservicio_tend6	0.000977410761362666	0.00145297040627865	0.0013340523970367
vm_cconsumos_tend6	0.000973984612537858	0.00139753167180213	0.00190173426811615
ctarjeta_visa_debitos_automaticos_tend6	0.000971565528458969	0.00176462785744861	0.00167466151968437
mcuenta_debitos_automaticos_lag1	0.000968874696690414	0.00116743553559601	0.00110697964860492
vm_mpagospesos_lag1	0.000964300207991952	0.00133768137979722	0.0018449660810082
ctarjeta_visa_debitos_automaticos_avg6	0.000962074075770988	0.00106167123035464	0.00153274105191451
Visa_mlimitecompra_delta1	0.000960177318107453	0.000774011618306553	0.00158950923902245
Master_mlimitecompra_avg6	0.000958752033982691	0.000719650869692583	0.00158950923902245
mtransferencias_emitidas	0.000958000995214364	0.00308399855430788	0.00224234339076382
vmr_mpagospesos_lag1	0.000947672400109946	0.000865617801535031	0.00147597286480656
mautoservicio_tend6	0.000946759516620545	0.000816011605951176	0.00187335017456218
vmr_Master_mlimitecompra_lag1	0.00094455222556351	0.000929662115459713	0.00141920467769862
vmr_msaldopesos	0.000944478594508652	0.000986515908301252	0.00130566830348273
mtarjeta_master_consumo	0.000943335931215486	0.000736738184059251	0.00048252959041753
cmobile_app_trx	0.000928072629321163	0.000456670241679525	0.00107859555505095
vmr_msaldopesos2_lag1	0.000925064389013591	0.00102253420516314	0.00173142970679231
ccomisiones_otras_lag1	0.000920140730846704	0.00161994998562362	0.00161789333257642
Visa_mconsumosdolares_avg6	0.000913909957552614	0.00132330195299436	0.00204365473588601
matm_other_avg6	0.000911977599320325	0.00380333981267631	0.00167466151968437
mpagomiscuentas_tend6	0.000908687571895643	0.0013100295885958	0.00150435695836053
vmr_mconsumospesos_avg6	0.000902032532392021	0.000983166721455576	0.00181658198745423
cprestamos_personales_tend6	0.000900608628368303	0.00198782154571668	0.00059606596463342
ccomisiones_mantenimiento	0.000898797686553732	0.00182332262614632	0.000879906900173143
Visa_msaldototal_avg6	0.000897866641218136	0.000625591487867819	0.00136243649059067
vmr_msaldototal_tend6	0.000895892878230576	0.00112777567110754	0.00170304561323834
tcallcenter	0.000895432790755957	0.000203819019283968	0.000198688654877806
vm_mconsumosdolares_avg6	0.000882365254976361	0.00202399168674103	0.00190173426811615
ctransferencias_emitidas_tend6	0.000876669334474557	0.00192941431170958	0.00173142970679231
Master_fultimo_cierre	0.000873375734715354	0.00110048949049587	0.00122051602282081
Visa_msaldopesos_lag1	0.000871778543022412	0.00149703913602313	0.00147597286480656
Master_msaldopesos_tend6	0.000859266759088833	0.00214681907589761	0.00124890011637478
vmr_Master_mlimitecompra	0.000852178993645335	0.00164441789550374	0.00141920467769862
Visa_mconsumosdolares_tend6	0.000849900522703076	0.00292813375227296	0.00170304561323834
Visa_mlimitecompra_avg6	0.000846922630141738	0.000814568009498884	0.00144758877125259
Master_mlimitecompra_lag1	0.000843508334745387	0.000793400825561527	0.00130566830348273
mcuenta_debitos_automaticos_tend6	0.000840541667513049	0.00255622809123973	0.00147597286480656
catm_trx_avg6	0.000835168970277296	0.00107237516689888	0.00161789333257642
vm_mfinanciacion_limite_avg6	0.000834948131368269	0.00136503002112821	0.00122051602282081
mcomisiones_mantenimiento_lag1	0.000834197234945926	0.00322130606125449	0.00158950923902245
mprestamos_personales_delta1	0.000827896074941951	0.00234072945589956	0.000794754619511226
ctransferencias_recibidas_lag1	0.000827292253072215	0.0015785740667176	0.00150435695836053
foto_mes	0.000821106065604703	0.00148306085780548	0.000851522806619171
vm_cconsumos_lag1	0.000820960247961505	0.000879003779828198	0.00107859555505095
vmr_msaldopesos_avg6	0.000816081184623822	0.000867449085210616	0.00139082058414465
vm_mpagominimo_lag1	0.000807618792745473	0.000822068680360663	0.0016462774261304
Visa_fultimo_cierre_avg6	0.00080249775625505	0.000826866848203399	0.00158950923902245
ccajas_consultas	0.000795307099800673	0.00201322205875061	0.000425761403309585
Visa_mconsumototal_avg6	0.000794414715638154	0.00109275836111802	0.00136243649059067
mttarjeta_visa_debitos_automaticos_delta1	0.00079436100748615	0.00181364175310799	0.00150435695836053
vmr_mpagominimo_delta1	0.000782240207154827	0.00108987062975896	0.00136243649059067
Visa_mlimitecompra	0.00077880815225512	0.00108711266592881	0.00153274105191451
vmr_mconsumospesos	0.000777781650992397	0.00120407036283383	0.00136243649059067
vmr_mpagospesos_avg6	0.000777213743916066	0.00120531742340209	0.00150435695836053
vm_msaldopesos_avg6	0.000773664395308016	0.000867730158447504	0.00119213192926684
vm_status04_tend6	0.000766216313945135	0.000531842255821689	0.000198688654877806
vmr_msaldopesos_delta1	0.000763104853995838	0.00160309474513645	0.0013340523970367
vmr_mpagominimo_lag1	0.000757506401961266	0.000567292483210557	0.00124890011637478
mtarjeta_visa_consumo_lag1	0.000757071323529114	0.000493375067999329	0.00136243649059067
mpagomiscuentas	0.000756085503188239	0.00158610542948456	0.00110697964860492
ccajas_transacciones_tend6	0.00075194101777601	0.00085213328607261	0.000681218245295337
vmr_mpagospesos_delta1	0.00075022250090194	0.000619023958614329	0.00139082058414465
cmobile_app_trx_lag1	0.000748932648369901	0.000460036120613982	0.000993443274389032
vmr_msaldototal_avg6	0.000744693136332075	0.0010797309935064	0.00127728420992876
vm_msaldototal_tend6	0.000740986781606898	0.00134585242648261	0.00116374783571287
ccajas_consultas_avg6	0.00072866880144671	0.00115396178922312	0.000652834151741364
Visa_mconsumototal_tend6	0.000726764439816926	0.000888068660945071	0.00130566830348273
vmr_mconsumospesos_lag1	0.000726595967866356	0.00163571162506841	0.00139082058414465
ctarjeta_visa_transacciones_lag1	0.000722970437193214	0.00064044260079235	0.00141920467769862
ccuenta_debitos_automaticos_tend6	0.00072089104165672	0.00361950499284417	0.00107859555505095
vmr_mconsumototal_avg6	0.000720846024585337	0.000403247480764135	0.00119213192926684
cextraccion_autoservicio_tend6	0.000716398188404694	0.00145504291755984	0.00130566830348273
Master_cconsumos_avg6	0.000712874204462586	0.00134819631882011	0.00107859555505095
ctransferencias_recibidas	0.000712274258891409	0.00210120121262339	0.00122051602282081
vm_mconsumospesos	0.000710510566255714	0.000848817483404495	0.0016462774261304
vmr_msaldototal_lag1	0.00070834692440993	0.000986339295232863	0.000879906900173143
mtarjeta_visa_consumo_avg6	0.000707164111519269	0.00103917191004168	0.00113536374215889
Visa_mlimitecompra_lag1	0.000702812903928623	0.000903133001842414	0.00113536374215889
vmr_msaldototal	0.000702647236938231	0.000798988367667247	0.00127728420992876
ccaja_seguridad_lag1	0.000700531500317598	0.000629263208945096	0.000198688654877806
ctarjeta_debito_transacciones_delta1	0.000696082021867883	0.00207991933788247	0.00105021146149698
vmr_mpagado_tend6	0.000692241548117273	0.0015334941194657	0.00158950923902245
mttarjeta_visa_debitos_automaticos	0.000678571734912371	0.00166782289624666	0.00147597286480656
Master_status	0.000676654200240958	0.000158112849475552	0.000113536374215889
ctarjeta_debito_transacciones	0.000676623474813001	0.00114842809256508	0.00193011836167012
Visa_msaldototal_lag1	0.000671470561000196	0.000575212071655284	0.00116374783571287
mplazo_fijo_dolares	0.000670337423852473	0.00350812622277324	0.000567681871079447
vmr_Master_mlimitecompra_tend6	0.000666092670098777	0.00215325306844085	0.00107859555505095
ccuenta_debitos_automaticos_avg6	0.000665121722866341	0.000756954457390585	0.00127728420992876
vm_fultimo_cierre	0.000662640428329533	0.000458955980933527	0.000993443274389032
vm_mpagospesos_avg6	0.000656962448473933	0.00115984871201794	0.00116374783571287
vmr_msaldopesos_tend6	0.000648330709044388	0.00114339085093465	0.00139082058414465
ccaja_seguridad_avg6	0.000643277728127308	0.000755668628099994	0.000170304561323834
Visa_msaldototal_delta1	0.000641675698108945	0.000455773176521182	0.00105021146149698
Master_msaldototal_tend6	0.000629054180605624	0.00204651039141514	0.000823138713065198
vmr_msaldopesos_lag1	0.000625872462465964	0.00141114433943003	0.000993443274389032
ccajas_otras_avg6	0.000621215385237972	0.00330285768403774	0.000879906900173143
vm_mlimitecompra_lag1	0.000617654261231407	0.000528510837973748	0.000879906900173143
Visa_mconsumototal_delta1	0.000616282714717107	0.00106693893050114	0.00141920467769862
mpayroll_delta1	0.000608521118497125	0.00311842787200874	0.00110697964860492
cpagomiscuentas	0.000606871621229784	0.00115649629444541	0.000936675087281088
vm_msaldopesos_delta1	0.000606852030513309	0.00226645235309784	0.0013340523970367
mautoservicio_lag1	0.000604519444999979	0.000568728541300174	0.00144758877125259
Master_mpagado_avg6	0.000602144523340952	0.00238296313278712	0.001021827367943
mpayroll_tend6	0.000599425006325494	0.00122594453749922	0.00119213192926684
vmr_mpagospesos	0.000598286567392456	0.000950251537743467	0.0013340523970367
ctarjeta_debito_lag1	0.00059464119327089	0.000821102154574813	0.00110697964860492
vm_msaldopesos_tend6	0.000593996837286804	0.000428649609161499	0.00105021146149698
vm_mconsumospesos_tend6	0.000593153606576091	0.000747901960726678	0.00116374783571287
mtarjeta_visa_consumo_delta1	0.000592083968704083	0.000511434831151092	0.00113536374215889
Visa_mconsumototal	0.000577607439582622	0.000563628300495955	0.00147597286480656
vm_fultimo_cierre_tend6	0.000573940533021532	0.00195242677913892	0.000823138713065198
vmr_msaldototal_delta1	0.000573897443832816	0.00223590583062916	0.0016462774261304
vm_mlimitecompra_delta1	0.000571978476495044	0.000382112065640909	0.00105021146149698
catm_trx_other_tend6	0.00057144468424432	0.00282878620903157	0.001021827367943
mpayroll_sobre_edad_tend6	0.000570363791145118	0.00154390352141113	0.00110697964860492
vm_mpagominimo_delta1	0.000569852018586734	0.000797118853723808	0.00119213192926684
Master_mpagominimo_avg6	0.000564936924404793	0.00120725801333647	0.001021827367943
vm_mpagado_tend6	0.000562491297477138	0.00146204174884925	0.00119213192926684
vm_mfinanciacion_limite_delta1	0.000560592876172324	0.000471244050548506	0.00116374783571287
mtarjeta_master_consumo_avg6	0.000554947924147576	0.000726491933820285	0.000454145496863558
mpayroll_sobre_edad_avg6	0.000554881602134357	0.00244849573488567	0.00351962760069257
Visa_mconsumosdolares_delta1	0.00055158545358777	0.000739155844660068	0.000851522806619171
ctarjeta_visa_transacciones_delta1	0.000549110623396814	0.00302899435259414	0.00150435695836053
vm_mlimitecompra_avg6	0.000548667580859982	0.000972119789409614	0.000851522806619171
vmr_mconsumosdolares_avg6	0.00054617959481475	0.000666829562427775	0.000879906900173143
Master_Fvencimiento_tend6	0.000545443486631906	0.000669927291032787	0.000794754619511226
vm_mfinanciacion_limite	0.000539962587088478	0.000384803261115939	0.000908290993727115
Visa_fultimo_cierre_lag1	0.000533232035329661	0.000387709838381688	0.000993443274389032
Master_fultimo_cierre_lag1	0.000532576206631618	0.000357982305172216	0.000936675087281088
cprestamos_personales_avg6	0.000531818578924006	0.00253190233334148	0.000823138713065198
ctarjeta_visa_debitos_automaticos_lag1	0.000531802143779788	0.00085805197768156	0.000823138713065198
vmr_mconsumototal_tend6	0.000529911288436526	0.000743943781867745	0.000794754619511226
Visa_cconsumos_delta1	0.000523351142819064	0.00131994307396811	0.00150435695836053
mpayroll_avg6	0.000522539363468851	0.00190462332914338	0.00212880701654793
vm_status04	0.000521107453042502	0.00126661400413168	0.000425761403309585
matm_other_tend6	0.000519413788521967	0.000678468255943737	0.000709602338849309
Master_fultimo_cierre_tend6	0.000517564457637158	0.00196143081489992	0.000851522806619171
Master_mpagospesos_avg6	0.000516315250282654	0.00103543288215481	0.00096505918083506
vm_msaldopesos_lag1	0.000516222290647589	0.000433448853913188	0.000936675087281088
mpagomiscuentas_delta1	0.000512370936250423	0.00355315178612299	0.000851522806619171
ctarjeta_debito	0.000512134694417292	0.000656860077789883	0.000879906900173143
matm_tend6	0.000510451799446181	0.00080606635176474	0.00096505918083506
vm_fultimo_cierre_lag1	0.000505908497831582	0.000261229035600038	0.000794754619511226
vm_status01_avg6	0.000498247294444162	0.000781498289351935	0.000198688654877806
mcuenta_debitos_automaticos_delta1	0.000493688313388728	0.000667625398144481	0.00096505918083506
Master_mconsumospesos_avg6	0.000491043982241543	0.0010107673594817	0.000794754619511226
mcheques_depositados_avg6	0.000488524396800581	0.00236537667112046	0.000425761403309585
Master_mpagominimo_tend6	0.000481899169827277	0.00222881923126003	0.000993443274389032
vm_mpagospesos_delta1	0.000481575340612344	0.000785240009511195	0.00113536374215889
Master_mpagospesos_delta1	0.000478972074172276	0.00409744472481165	0.00116374783571287
mtransferencias_emitidas_delta1	0.000476777307314272	0.00108775611902858	0.000794754619511226
Master_msaldototal_avg6	0.000469285801539123	0.000355983562154347	0.000709602338849309
Master_msaldopesos_lag1	0.000466680884865962	0.00106763407523068	0.000510913683971502
Master_mpagospesos_tend6	0.000466530774553471	0.00106958489580012	0.000936675087281088
Visa_Fvencimiento_tend6	0.000466264743583231	0.00137727178365818	0.000624450058187392
vm_status01_tend6	0.00046549888026153	0.00209720211122422	0.000425761403309585
active_quarter_lag1	0.000460770225729427	0.000553452049338974	0.000425761403309585
cseguro_accidentes_personales_avg6	0.000459659372303797	0.000589721804441526	0.000624450058187392
vm_cconsumos	0.000458876923876224	0.000565885501662687	0.000908290993727115
vm_Fvencimiento_tend6	0.000451405262761921	0.00187614393341113	0.000823138713065198
Master_mconsumospesos_tend6	0.000451070101421428	0.00120856268853374	0.000823138713065198
Visa_mconsumototal_lag1	0.000447585959415672	0.000292726468674741	0.000851522806619171
Master_msaldototal	0.000446214378867835	0.00141146687366163	0.000766370525957254
ccuenta_debitos_automaticos	0.000445451492052348	0.00117452913487333	0.000567681871079447
Visa_mpagado	0.000442573047118081	0.00147679593996795	0.000539297777525475
mpagomiscuentas_lag1	0.000437707926606825	0.000420716559354852	0.000879906900173143
ctarjeta_visa_debitos_automaticos	0.000435271467072429	0.000489250506707066	0.00096505918083506
vm_mpagospesos	0.00042856307929098	0.000427879619259679	0.00119213192926684
catm_trx_tend6	0.000427125493292949	0.00149889465015017	0.000737986432403281
vmr_mconsumospesos_delta1	0.000420187174111502	0.00060353531558927	0.00096505918083506
cdescubierto_preacordado_delta1	0.000418884265474374	0.00230762850539296	0.000255456841985751
Visa_mconsumosdolares_lag1	0.000416542137003152	0.00181597272253804	0.000879906900173143
vm_status05	0.000413626710595355	0.000180674092053336	8.51522806619171e-05
cdescubierto_preacordado_lag1	0.000412573753740737	0.000200471986256199	0.000170304561323834
ccajas_transacciones_avg6	0.000407870994078954	0.00175492167704987	0.000936675087281088
mprestamos_personales_avg6	0.000403259938756283	0.00175434014621493	0.000681218245295337
ccallcenter_transacciones_delta1	0.000399999842767078	0.00177391458180993	0.000652834151741364
Master_mconsumototal_tend6	0.000397756308459425	0.00122618738046826	0.000681218245295337
vmr_mconsumototal_lag1	0.000396778347948563	0.000920206316392686	0.000794754619511226
Master_msaldopesos_avg6	0.000396564987464332	0.000184048047804945	0.000652834151741364
Master_mpagospesos_lag1	0.000395925791247898	0.0007740406948483	0.000652834151741364
Visa_mpagado_lag1	0.000394077196703267	0.000644552623813739	0.000794754619511226
Visa_mconsumosdolares	0.000392373834004944	0.00109130938012096	0.000794754619511226
vm_msaldototal_avg6	0.000389963499133163	0.000290411114424515	0.000766370525957254
vm_mfinanciacion_limite_lag1	0.000389643639359239	0.000230436977889939	0.000794754619511226
mautoservicio_delta1	0.000389110067144134	0.00190241351197061	0.00110697964860492
vm_mconsumospesos_delta1	0.000375831054857821	0.000503267015192563	0.000851522806619171
cplazo_fijo_tend6	0.000373982663456602	0.00116838106165726	0.000227072748431779
vm_msaldototal_lag1	0.000370021454007809	0.000262744246497744	0.000879906900173143
ccheques_depositados_avg6	0.000362901225556287	0.000687957439188326	0.000170304561323834
vm_msaldototal_delta1	0.000358980607103201	0.000429407753064829	0.000539297777525475
ctarjeta_visa_descuentos_avg6	0.000351512709480204	0.00128476799681688	0.000397377309755613
vm_status06_delta1	0.000351000873805382	5.2108393537529e-05	2.83840935539724e-05
ctransferencias_emitidas	0.000348899982249061	0.00141473367697236	0.000709602338849309
vm_status02	0.000348617121486148	0.000125808811594608	5.67681871079447e-05
vm_mconsumototal_avg6	0.000348353975919513	0.000617215290026768	0.000652834151741364
Master_mconsumospesos_lag1	0.000343759249873178	0.000846244209459884	0.00105021146149698
vm_mlimitecompra	0.000343320914405252	0.00043872840005818	0.000709602338849309
vm_Finiciomora_lag1	0.000343281588047903	0.001236833163929	0.000227072748431779
ctransferencias_recibidas_delta1	0.000339638113356572	0.000757600602762741	0.000737986432403281
cpayroll_trx_tend6	0.00033903457655631	0.00353667884831434	0.00105021146149698
ctarjeta_debito_transacciones_lag1	0.000338974825431439	0.000358582681913844	0.000993443274389032
vm_status05_delta1	0.000337090184516369	0.00139048814879116	0.000312225029093696
ctarjeta_master_transacciones_avg6	0.000336053385301464	0.00138830148516088	0.000681218245295337
ctarjeta_master_transacciones_tend6	0.000332019937996381	0.00240269695090724	0.000652834151741364
Visa_fultimo_cierre_tend6	0.000331932290982937	0.00348321408794976	0.000709602338849309
Master_mconsumospesos_delta1	0.000331931810499829	0.00165232025340521	0.000652834151741364
vm_mconsumototal_tend6	0.000330534296543959	0.000285218797904764	0.000510913683971502
catm_trx_other_avg6	0.000328949119461833	0.00228352189846677	0.000823138713065198
mextraccion_autoservicio_delta1	0.000328180309021791	0.00109169975961664	0.000624450058187392
vm_cconsumos_delta1	0.000327281262916378	0.00134013619375694	0.000766370525957254
Visa_fultimo_cierre	0.000327125890023675	0.000359657437049531	0.00059606596463342
Master_mpagospesos	0.000327082900293209	0.00166929933842204	0.000652834151741364
ccomisiones_otras_delta1	0.0003253095656556	0.000781811131402954	0.00059606596463342
vmr_msaldodolares_avg6	0.000325197870831008	0.00109671384770457	0.000879906900173143
vm_mconsumosdolares_tend6	0.000323828594392272	0.000743078485523533	0.000681218245295337
ccallcenter_transacciones	0.000323647182220612	0.00156176513331544	0.000454145496863558
cplazo_fijo_avg6	0.000320500909990952	0.00201029771248713	0.000425761403309585
matm	0.000318858254903576	0.000477933270513752	0.00048252959041753
vmr_Visa_mlimitecompra_tend6	0.00031799592909668	0.000457550076294611	0.000425761403309585
ccaja_ahorro_lag1	0.000311737023797747	0.000755123173714999	0.000510913683971502
mextraccion_autoservicio	0.00030405451796837	0.000396173804302456	0.000993443274389032
Visa_delinquency_avg6	0.000289997609786149	0.00108768881221898	0.000397377309755613
mplazo_fijo_dolares_delta1	0.000288053314024067	0.00266227239280904	0.000340609122647668
Master_msaldopesos_delta1	0.000285171346918216	0.00146883542898299	0.000624450058187392
vmr_mconsumototal	0.000282173990892277	0.000582439746097327	0.000624450058187392
cpagomiscuentas_lag1	0.00028178816354803	0.000912836489968768	0.00048252959041753
Visa_mpagosdolares_avg6	0.000270607470576746	0.000568116857014533	0.000510913683971502
Visa_Finiciomora_lag1	0.000269801498524784	0.00159205319763525	0.000255456841985751
vmr_mpagado_lag1	0.000267259523054032	0.000235896367830181	0.000425761403309585
active_quarter_tend6	0.00026678959974095	0.00290487682651115	0.00059606596463342
ctransferencias_emitidas_lag1	0.000265311161034044	0.000481713759395342	0.000709602338849309
vm_fechaalta_tend6	0.000263379151327085	0.000244395871746418	0.000340609122647668
Master_cconsumos	0.00026116517111633	0.000112051838166928	0.000227072748431779
Master_cconsumos_tend6	0.000260427512814944	0.0007217761495125	0.000624450058187392
Master_mconsumototal_avg6	0.000259788942720931	0.000505704598609021	0.000397377309755613
Master_msaldopesos	0.000259109045457802	0.000248761660644286	0.000539297777525475
vm_mconsumototal_lag1	0.000256796471618743	0.000166275819343791	0.000539297777525475
Visa_mpagosdolares_tend6	0.000254341828555328	0.00101434754329792	0.000397377309755613
ccaja_ahorro_avg6	0.000253154881416043	0.00134483259370356	0.000510913683971502
ccajas_extracciones	0.000251418175657538	0.00355343985926807	0.000454145496863558
cinversion1	0.000249580155991367	0.00307192694339258	0.000368993216201641
Visa_msaldodolares	0.000247807677790704	0.0032470156471581	0.00048252959041753
vm_mconsumosdolares_delta1	0.00024769992260941	0.000526112023279618	0.000397377309755613
ccajas_extracciones_tend6	0.000246080102272652	0.000748636412633029	0.000510913683971502
thomebanking_lag1	0.000244551076136214	0.000214709799531659	0.00048252959041753
mtarjeta_master_consumo_tend6	0.000242368250015411	0.00120942636951453	0.00048252959041753
vmr_msaldodolares_tend6	0.000241767626598767	0.00142067390676038	0.00059606596463342
matm_other	0.000239093514191359	0.000710420683051333	0.000425761403309585
vm_mconsumototal	0.000231797723043821	0.000247946440566416	0.000539297777525475
mforex_sell_avg6	0.000231273128168345	0.00048932050578905	0.000454145496863558
Master_msaldototal_delta1	0.00022941495661549	0.000434593608130858	0.000368993216201641
Master_fechaalta_tend6	0.000228641873372905	8.05010980990219e-05	0.000368993216201641
Visa_mpagosdolares_lag1	0.00022684049669952	0.00193987971292061	0.000425761403309585
vm_status01_lag1	0.000225405730370692	0.00259895553088251	0.000283840935539724
Visa_msaldodolares_avg6	0.000225235831907662	0.000454304811162957	0.000340609122647668
vm_msaldodolares_avg6	0.00022484180296104	0.00197012523933676	0.000737986432403281
matm_other_lag1	0.000224585302764923	0.000607454725725874	0.000397377309755613
mttarjeta_master_debitos_automaticos_tend6	0.000224145278941602	0.00195584704197554	0.000454145496863558
ccallcenter_transacciones_lag1	0.000220791244721575	0.000938720535122865	0.000425761403309585
mextraccion_autoservicio_lag1	0.000218320127745813	0.000146606077306406	0.000368993216201641
cextraccion_autoservicio_lag1	0.000216478605199823	0.000167227806858768	0.000368993216201641
ccajas_extracciones_avg6	0.000215494456167519	0.000643426177048281	0.000454145496863558
vm_mpagado	0.000214059985161365	0.000976779035997336	0.000340609122647668
Visa_delinquency_tend6	0.000211322507033926	0.000692087385025357	0.000255456841985751
vm_mconsumospesos_lag1	0.000207293814169117	0.000101009752211257	0.00048252959041753
Master_mconsumototal	0.000204276007141158	0.000749763936307441	0.000368993216201641
vmr_msaldodolares2_avg6	0.000202828477621567	0.00140421443031366	0.000794754619511226
cprestamos_personales_lag1	0.000201707371003579	0.0011136557793625	0.000283840935539724
vm_mconsumototal_delta1	0.00020077084973949	0.000331916262404962	0.000510913683971502
Master_mpagominimo	0.000200544435466463	0.000290142425640593	0.000397377309755613
Master_mpagominimo_delta1	0.000199397390421839	9.34654665368573e-05	0.000255456841985751
ccomisiones_mantenimiento_lag1	0.000198711484296641	0.000168024719484427	0.000312225029093696
thomebanking_delta1	0.000198495972551367	0.00122427748243906	0.000283840935539724
cpagomiscuentas_delta1	0.000198021774640444	0.00168672210992775	0.00048252959041753
cseguro_vivienda_avg6	0.000197969419375246	0.000314601720249086	0.000312225029093696
ctarjeta_master_debitos_automaticos_tend6	0.000195027594740268	0.000905498432358982	0.000255456841985751
mtarjeta_visa_descuentos_avg6	0.000191573279514057	0.00154660763979361	0.000255456841985751
mttarjeta_master_debitos_automaticos_delta1	0.000189876323579139	0.00160646116252538	0.000368993216201641
Master_mpagado_tend6	0.000186001631735873	0.000496200877093559	0.000454145496863558
mtarjeta_master_consumo_lag1	0.000184278065649848	0.000284877417766474	0.000227072748431779
vm_status05_avg6	0.000183137872793836	5.69851757338772e-05	0.000227072748431779
vm_mconsumosdolares_lag1	0.000180013647835419	0.000458945750298468	0.000283840935539724
vm_status02_tend6	0.000179924831013263	7.40385674685072e-05	0.000170304561323834
cforex_avg6	0.000179338790993041	0.000519576262840259	0.000255456841985751
ccheques_emitidos_avg6	0.000178835036307788	0.00171979721461947	0.000255456841985751
Visa_fechaalta_tend6	0.000176929556246231	0.00133414158006676	0.000368993216201641
ccajas_otras_delta1	0.000176216057237717	0.000709873074848431	0.000113536374215889
vmr_msaldodolares2_tend6	0.000174983328461089	0.000970331582092172	0.000368993216201641
ctransferencias_emitidas_delta1	0.000174784565592094	0.000725119413358931	0.000454145496863558
Master_mpagominimo_lag1	0.000174463430375017	0.000175831232489026	0.000340609122647668
matm_other_delta1	0.00017322608761664	0.000279665178431082	0.000340609122647668
matm_lag1	0.000172776128257348	0.000554164424611776	0.000539297777525475
mplazo_fijo_dolares_tend6	0.000170385128548157	0.000235315375449717	0.000227072748431779
mpayroll_sobre_edad_delta1	0.000169538864441876	0.000856155002559805	0.000539297777525475
catm_trx_lag1	0.000167820798571804	0.000110753085968894	0.000312225029093696
vm_status05_tend6	0.000166783815215296	0.000982597575073602	0.000255456841985751
cextraccion_autoservicio	0.000165475035506022	0.000122956618231015	0.000368993216201641
Visa_status	0.000165050982754586	0.000511308294349045	0.000113536374215889
cforex_sell_avg6	0.000162961367623032	0.000306330521031011	0.000283840935539724
vm_mpagado_lag1	0.000162668046029421	0.000222383852734966	0.000510913683971502
ccajas_depositos_tend6	0.000161689111630774	0.000493644833692205	0.000312225029093696
vmr_mconsumototal_delta1	0.000161458569611075	0.000149105044533219	0.000255456841985751
Master_cconsumos_lag1	0.000159985275460009	0.000537017341798183	0.000539297777525475
mforex_sell_tend6	0.0001580338043888	0.000890785702234988	0.000340609122647668
mtarjeta_visa_descuentos	0.000155455999993608	0.00287291309185954	0.000340609122647668
vm_status03	0.000154675153874609	2.11095693083399e-05	2.83840935539724e-05
matm_delta1	0.000154653260900084	0.000247600752792312	0.000340609122647668
mtarjeta_master_consumo_delta1	0.000154598112513656	0.000551276693252715	0.000227072748431779
ccajeros_propios_descuentos_avg6	0.000154191490666961	0.00135252818508594	0.000312225029093696
cpayroll_trx_delta1	0.000151477063394671	0.000316571925179685	0.000198688654877806
mpayroll_sobre_edad_lag1	0.0001511567568227	0.0010126099507013	0.00144758877125259
cforex_tend6	0.000150067597956041	0.00071814858170232	0.000283840935539724
mtarjeta_master_descuentos_avg6	0.000144362087118092	0.00247182427509289	0.000283840935539724
mplazo_fijo_dolares_avg6	0.000144269639201387	0.000674812688500763	0.000255456841985751
cforex_sell_tend6	0.000141601768470897	0.000551346153880222	0.000340609122647668
Visa_fultimo_cierre_delta1	0.000141247200954616	6.57399070721157e-05	0.000312225029093696
vmr_mpagosdolares_tend6	0.000139419951230847	0.00164133524362408	0.000340609122647668
Visa_Finiciomora	0.000137264681682637	0.00213645759640061	0.000255456841985751
Visa_mpagado_delta1	0.000136257401551946	0.000226526183024964	0.000227072748431779
cseguro_vida_avg6	0.00013610584542661	0.000568199240549483	0.000170304561323834
ccajas_depositos_avg6	0.000132696519181692	0.00105285242293366	0.000312225029093696
vmr_mpagado	0.00013258575277236	0.00069378297817279	0.000255456841985751
tcuentas_avg6	0.000132315280781322	0.00214606362426666	0.000312225029093696
Master_msaldototal_lag1	0.000131940813537699	0.000325460731682646	0.000255456841985751
Visa_status_tend6	0.000131765644528426	0.000353485671836486	0.000198688654877806
Master_mconsumospesos	0.000131315199867915	0.00036586204798566	0.000312225029093696
vmr_Visa_mlimitecompra_delta1	0.000129586411416441	0.00236944092551132	0.000368993216201641
cextraccion_autoservicio_delta1	0.000129152053586245	0.00069628086849065	0.000227072748431779
vmr_mconsumosdolares_tend6	0.000127997911501764	0.000830923025777109	0.000397377309755613
ctarjeta_master_transacciones	0.000126775055450093	0.000388992436945418	0.000141920467769862
ctarjeta_debito_tend6	0.000124978502443958	0.00109428218728735	0.000283840935539724
Master_mconsumototal_lag1	0.000124948397585516	0.000343613647458895	0.000454145496863558
mprestamos_prendarios_avg6	0.00012435566778247	0.0031812358944547	0.000368993216201641
catm_trx_delta1	0.000123311725301388	0.000817164975440475	0.000312225029093696
ctarjeta_master_debitos_automaticos_avg6	0.000123179098053062	0.000246404845399346	0.000198688654877806
Master_cconsumos_delta1	0.00012060792244563	8.95589793076968e-05	0.000198688654877806
Master_fultimo_cierre_delta1	0.000119342923838828	3.49198497292231e-05	0.000170304561323834
Visa_msaldodolares_lag1	0.000118838755682759	0.000293078079448089	8.51522806619171e-05
Visa_msaldodolares_tend6	0.000118488053093819	0.000709852075123835	0.000255456841985751
mv_status07_tend6	0.000117676003278337	0.000274335017565271	0.000141920467769862
vm_fultimo_cierre_delta1	0.000117037431932876	6.69778139142714e-05	0.000198688654877806
mv_status07	0.000116957181070446	0.000685309858525916	0.000255456841985751
vm_mpagado_delta1	0.000114602340384315	0.000158564074327108	0.000312225029093696
vmr_mpagado_delta1	0.000114292456023319	0.000577321197840897	0.000340609122647668
ccheques_depositados_tend6	0.000113990549856334	0.00177755291870964	0.000312225029093696
mpayroll_lag1	0.000111789316939431	0.000445194161415556	0.000908290993727115
vm_mconsumosdolares	0.000109656298933375	0.000316995150398447	0.000170304561323834
ccajas_consultas_delta1	0.00010933357351912	0.000291679174717371	0.000113536374215889
cplazo_fijo_delta1	0.000108550891955874	0.000522606684635672	0.000113536374215889
vmr_mconsumosdolares_lag1	0.000106822837980762	0.00033510714363446	0.000198688654877806
ctarjeta_visa	0.000106622994356394	0.000110535011905791	8.51522806619171e-05
mprestamos_prendarios_tend6	0.000104977022253711	0.00152225657453495	0.000198688654877806
ccuenta_debitos_automaticos_lag1	0.000104948481625	8.84890702623017e-05	0.000255456841985751
catm_trx	0.000103616545740546	0.00132389263755541	0.000283840935539724
vm_Finiciomora_avg6	0.000101918661022016	0.000831435095984542	0.000227072748431779
vm_msaldodolares	0.000101827323640623	0.000312875435196475	0.000141920467769862
mcaja_ahorro_adicional_avg6	0.000101519700305111	0.000673029865728089	0.000170304561323834
Visa_msaldodolares_delta1	9.80693506940822e-05	0.000367610948126296	0.000198688654877806
mprestamos_prendarios_lag1	9.77179958825839e-05	0.000702264174636816	8.51522806619171e-05
vm_mpagosdolares_avg6	9.67477831816258e-05	0.000134783770813856	0.000170304561323834
Master_mconsumosdolares_tend6	9.61555873178402e-05	4.4213573998735e-05	0.000170304561323834
mcaja_ahorro_adicional	9.28702901117297e-05	0.000343830106158567	8.51522806619171e-05
cseguro_vida	9.0513945872665e-05	0.000782065820370478	0.000170304561323834
minversion2	8.86805674545389e-05	0.00076537857768007	8.51522806619171e-05
Visa_fechaalta_delta1	8.69531100369493e-05	3.19465041083514e-05	0.000141920467769862
vm_Finiciomora_tend6	8.51071238104018e-05	0.000672311029001566	0.000141920467769862
vmr_msaldodolares2	8.38362495506417e-05	0.000715865534720702	0.000170304561323834
mprestamos_prendarios	8.10767033720133e-05	0.000664566976716275	8.51522806619171e-05
Master_madelantopesos_avg6	8.06212256001826e-05	1.20075348325676e-05	5.67681871079447e-05
cplazo_fijo	8.05820515290176e-05	0.00080250770612759	0.000141920467769862
vm_Finiciomora	8.02525156706606e-05	0.0013253200803734	0.000198688654877806
vmr_mpagosdolares_avg6	7.94521709825837e-05	0.000448063585322406	0.000255456841985751
Master_msaldodolares_tend6	7.92150243260168e-05	1.64750916265503e-05	5.67681871079447e-05
Master_status_avg6	7.7763673106827e-05	0.000553757353027317	0.000170304561323834
ccajas_extracciones_lag1	7.7731181843536e-05	0.00124493259616898	0.000255456841985751
mttarjeta_master_debitos_automaticos_lag1	7.69951239302759e-05	0.0002490281956103	0.000170304561323834
mcaja_ahorro_adicional_tend6	7.56654998159722e-05	0.00088944387367881	0.000198688654877806
ctarjeta_visa_avg6	7.38846958903052e-05	0.000133557171515713	2.83840935539724e-05
cseguro_accidentes_personales_tend6	7.38139832265549e-05	0.000236064904081418	5.67681871079447e-05
vmr_msaldodolares2_lag1	7.14000144486964e-05	0.000819918093180337	0.000170304561323834
Visa_status_avg6	7.12100100193477e-05	0.00192755179767434	0.000227072748431779
cseguro_vivienda	7.02879460711165e-05	0.000215781323940485	0.000113536374215889
Master_mpagosdolares_avg6	6.94909877118349e-05	8.78730783408462e-05	0.000198688654877806
cseguro_vivienda_lag1	6.87142494479708e-05	7.43341789762686e-05	0.000113536374215889
ctarjeta_master_transacciones_lag1	6.81932144289391e-05	6.09541236823461e-05	0.000170304561323834
vm_msaldodolares_tend6	6.78554332570896e-05	0.000134162394347633	0.000141920467769862
Master_mpagosdolares_tend6	6.57874249543974e-05	1.76435378411992e-05	8.51522806619171e-05
vmr_mpagosdolares_delta1	6.46633004124614e-05	0.000676767816706013	0.000113536374215889
vmr_msaldodolares_lag1	6.46294283702485e-05	0.000119492740581782	0.000170304561323834
Master_mconsumosdolares_avg6	6.35257677252608e-05	4.94414285139547e-05	8.51522806619171e-05
cseguro_auto_avg6	6.34139712624816e-05	0.000685970003714469	0.000113536374215889
Master_Fvencimiento_delta1	6.3199003437302e-05	2.01495049762113e-05	0.000113536374215889
Master_mpagado	6.1186251157161e-05	0.00022211085631523	8.51522806619171e-05
mttarjeta_master_debitos_automaticos_avg6	6.11531086487286e-05	0.000343239960051998	0.000113536374215889
Master_madelantopesos	6.08663765555204e-05	1.37488966105283e-05	2.83840935539724e-05
ccaja_ahorro_tend6	6.03189629376206e-05	0.00141099087990415	0.000170304561323834
ccajeros_propios_descuentos_tend6	5.93439423511063e-05	0.000903688148407991	0.000170304561323834
cinversion2	5.77038405127649e-05	0.000442543350026285	8.51522806619171e-05
active_quarter	5.6726400845444e-05	4.73888400484055e-05	0.000113536374215889
cinversion2_avg6	5.56606203158491e-05	0.000724148579937266	0.000113536374215889
mttarjeta_master_debitos_automaticos	5.26984558919182e-05	2.93635379831574e-05	8.51522806619171e-05
mplazo_fijo_dolares_lag1	5.25649307558626e-05	0.000210247088827968	8.51522806619171e-05
Visa_mpagosdolares	4.96896715243087e-05	5.18989347460551e-05	0.000141920467769862
ctarjeta_visa_debitos_automaticos_delta1	4.96394622482195e-05	0.000339583854154548	0.000141920467769862
ctarjeta_visa_descuentos_tend6	4.85677977695502e-05	8.77250033597271e-05	8.51522806619171e-05
vm_Fvencimiento_delta1	4.76406825353347e-05	1.81179162352572e-05	8.51522806619171e-05
vm_fechaalta_delta1	4.74959189268605e-05	2.56756632715764e-05	8.51522806619171e-05
minversion2_avg6	4.69119242032959e-05	0.000988109195098094	0.000113536374215889
vm_status06_tend6	4.66039474935272e-05	0.000283017057549142	0.000113536374215889
Visa_Finiciomora_tend6	4.52940602004584e-05	0.000726301859389976	0.000141920467769862
ctarjeta_master_descuentos_tend6	4.49162066156004e-05	8.06060967219972e-05	5.67681871079447e-05
mforex_sell_delta1	4.42822849096587e-05	0.000599819979699372	8.51522806619171e-05
vm_mpagosdolares_tend6	4.41945909537527e-05	0.000127663787267173	5.67681871079447e-05
ctarjeta_master_transacciones_delta1	4.36238814594285e-05	0.000484249879981055	0.000113536374215889
cseguro_accidentes_personales_lag1	4.36051471120449e-05	9.89706251076273e-05	8.51522806619171e-05
ccajas_otras_tend6	4.34323361456462e-05	0.000614035716341283	0.000113536374215889
vmr_mconsumosdolares	4.12973490764354e-05	2.18424058512603e-05	8.51522806619171e-05
mcaja_ahorro_adicional_lag1	4.12777923645889e-05	0.000183250058270332	2.83840935539724e-05
Master_mpagado_delta1	4.12156336644029e-05	0.000277615282237917	0.000113536374215889
minversion2_lag1	4.03569169542363e-05	0.000685692699658919	8.51522806619171e-05
cprestamos_prendarios_avg6	4.01520345366464e-05	0.000404740076573816	5.67681871079447e-05
Master_mconsumototal_delta1	3.90135086994132e-05	5.76830127358058e-05	8.51522806619171e-05
cseguro_accidentes_personales	3.87466590598192e-05	6.40378524709611e-05	8.51522806619171e-05
mprestamos_prendarios_delta1	3.81834647027075e-05	0.00199344516427235	0.000227072748431779
vm_mpagosdolares_lag1	3.79768506853632e-05	0.000625619487500612	0.000113536374215889
Master_mpagado_lag1	3.74338503153422e-05	6.49359945382581e-05	2.83840935539724e-05
ctarjeta_master_avg6	3.7234127128608e-05	1.70641608241659e-05	2.83840935539724e-05
ccajas_depositos	3.58699587482646e-05	0.000434967833992232	8.51522806619171e-05
Master_mconsumosdolares_lag1	3.5310343164146e-05	3.92689465383104e-05	8.51522806619171e-05
vm_status02_avg6	3.41379730188328e-05	0.000275646154216271	0.000170304561323834
Visa_Fvencimiento_delta1	3.32166410032698e-05	1.11271617630049e-05	8.51522806619171e-05
ctarjeta_visa_descuentos_lag1	3.25634143297049e-05	2.10078014122253e-05	2.83840935539724e-05
Visa_Finiciomora_avg6	3.16387799203812e-05	9.94789261337234e-05	5.67681871079447e-05
minversion1_pesos	3.07721733173969e-05	0.000405562296559884	5.67681871079447e-05
vmr_Master_mlimitecompra_delta1	3.0580152104821e-05	0.000398285084305976	0.000141920467769862
mcheques_emitidos_avg6	2.97774807793035e-05	0.000359418363261833	5.67681871079447e-05
mtarjeta_visa_descuentos_tend6	2.88871354589203e-05	0.000357286621988195	8.51522806619171e-05
Master_mpagosdolares_delta1	2.8034651706865e-05	5.85353861725751e-06	2.83840935539724e-05
vm_mpagosdolares_delta1	2.74378115435895e-05	0.000800940803600112	0.000113536374215889
cprestamos_personales_delta1	2.71283862343704e-05	8.55415704563163e-05	5.67681871079447e-05
mv_status07_lag1	2.64962902984357e-05	0.000106250529633919	8.51522806619171e-05
vmr_msaldodolares_delta1	2.60014007540289e-05	0.000525394801916525	0.000141920467769862
catm_trx_other_delta1	2.52887222207044e-05	4.67351563135742e-05	0.000113536374215889
vm_status02_lag1	2.31186698511978e-05	6.28860983450929e-06	2.83840935539724e-05
mcaja_ahorro_adicional_delta1	2.23445037270213e-05	0.000983076799557951	0.000113536374215889
mcheques_emitidos	2.2190321070288e-05	0.000217740759781548	2.83840935539724e-05
vmr_mconsumosdolares_delta1	2.21097023667073e-05	3.95860962251437e-05	5.67681871079447e-05
vmr_mpagosdolares_lag1	2.19474885924613e-05	0.000101804511019009	8.51522806619171e-05
cpagodeservicios_avg6	2.17133077244432e-05	0.000444795166648249	5.67681871079447e-05
cliente_edad_delta1	2.14600484586028e-05	0.000105857457865858	5.67681871079447e-05
minversion1_pesos_lag1	2.11773129956553e-05	2.6903339478673e-05	2.83840935539724e-05
Visa_delinquency_lag1	2.01177993714989e-05	0.000166777658916166	2.83840935539724e-05
ctarjeta_master_descuentos_avg6	1.9903673363745e-05	5.78283954445409e-05	2.83840935539724e-05
vm_msaldodolares_delta1	1.9830407117208e-05	0.000453518129172357	8.51522806619171e-05
Master_msaldodolares_avg6	1.95309896898007e-05	2.58937373346791e-05	5.67681871079447e-05
ctarjeta_master_debitos_automaticos	1.90996389317621e-05	7.91625002697051e-05	5.67681871079447e-05
mcheques_depositados_lag1	1.88975958838667e-05	0.000605324599815666	8.51522806619171e-05
mforex_buy_avg6	1.87633988577362e-05	0.0010359411831809	0.000113536374215889
ccajeros_propios_descuentos_lag1	1.66044371562747e-05	4.64330833520913e-05	2.83840935539724e-05
cseguro_auto	1.64459283132065e-05	0.000180767244677822	2.83840935539724e-05
catm_trx_other_lag1	1.51544564173794e-05	0.00021882628400677	5.67681871079447e-05
Master_Finiciomora_avg6	1.51089155059479e-05	0.000456254016368961	5.67681871079447e-05
ccajas_extracciones_delta1	1.49762577431708e-05	9.16180292269676e-06	2.83840935539724e-05
ctarjeta_master_debitos_automaticos_lag1	1.48413876826735e-05	4.50293325310821e-05	5.67681871079447e-05
mtarjeta_master_descuentos	1.42078550359861e-05	0.000258382226781213	2.83840935539724e-05
minversion2_delta1	1.39876703839239e-05	0.000171256523254161	2.83840935539724e-05
cforex_sell_lag1	1.39557385363474e-05	0.00025537388161935	2.83840935539724e-05
mtarjeta_visa_descuentos_delta1	1.32899174521125e-05	0.000106572525411044	5.67681871079447e-05
cprestamos_prendarios_tend6	1.27345768949439e-05	0.000710466990136337	8.51522806619171e-05
ccajas_transacciones_delta1	1.26373601416444e-05	5.52012760522496e-05	2.83840935539724e-05
active_quarter_delta1	1.20016685975265e-05	0.000111798226108356	2.83840935539724e-05
mtarjeta_master_descuentos_tend6	1.19472544650838e-05	8.04725600117516e-05	2.83840935539724e-05
ctarjeta_master_descuentos_lag1	1.1858630581274e-05	3.41611673714164e-05	2.83840935539724e-05
tcallcenter_delta1	1.15400154636113e-05	7.08659936912207e-06	2.83840935539724e-05
catm_trx_other	1.15397830255893e-05	2.90027734837035e-05	8.51522806619171e-05
Master_Finiciomora_lag1	1.10184616989074e-05	9.50135231576479e-05	2.83840935539724e-05
cmobile_app_trx_delta1	1.09347483531752e-05	3.08884410614458e-05	2.83840935539724e-05
Visa_mpagosdolares_delta1	1.07137985313988e-05	1.07308592680825e-05	5.67681871079447e-05
Master_mpagosdolares	1.04679331276744e-05	1.77033062881237e-05	8.51522806619171e-05
mcajeros_propios_descuentos_avg6	1.01114112421528e-05	7.46583285713003e-05	2.83840935539724e-05
vmr_msaldodolares	9.91894229407233e-06	0.000260728272936617	5.67681871079447e-05
ccajas_otras	9.49204264090356e-06	0.000143432426620166	2.83840935539724e-05
vm_status04_avg6	8.9816322224609e-06	1.85680641778593e-05	5.67681871079447e-05
tcuentas_tend6	8.96040308717934e-06	0.000122667468176976	2.83840935539724e-05
ccuenta_debitos_automaticos_delta1	8.61841847697858e-06	5.68047934841503e-05	5.67681871079447e-05
mtarjeta_master_descuentos_delta1	8.50674855381462e-06	9.18172573833824e-06	2.83840935539724e-05
Visa_status_delta1	8.48961374625548e-06	0.000182698680886092	5.67681871079447e-05
Master_mconsumosdolares	7.83132185405817e-06	8.68882451027849e-05	2.83840935539724e-05
ccajas_depositos_delta1	7.82884942064053e-06	0.000241764444718312	2.83840935539724e-05
ccaja_seguridad_tend6	7.57432151648682e-06	0.000261775566893987	2.83840935539724e-05
mpagodeservicios_avg6	7.40277918840152e-06	0.000254204358495747	2.83840935539724e-05
Visa_madelantopesos_avg6	7.31627300751286e-06	9.72044944237339e-05	2.83840935539724e-05
cseguro_vivienda_tend6	7.03481457435282e-06	0.000150395181459624	2.83840935539724e-05
mcajeros_propios_descuentos_delta1	6.86273055515817e-06	9.46285282067383e-05	5.67681871079447e-05
cinversion2_lag1	5.74479707356147e-06	0.000219761579432966	2.83840935539724e-05
Master_status_tend6	5.63990517289542e-06	0.000164963605783837	2.83840935539724e-05
ccajas_consultas_lag1	5.56325592264217e-06	0.000247346602279264	2.83840935539724e-05
cplazo_fijo_lag1	4.9229242747715e-06	2.1170414664218e-05	2.83840935539724e-05
ccaja_ahorro_delta1	4.62723657153354e-06	0.000261775566893987	2.83840935539724e-05
cforex_buy_avg6	4.49354436885695e-06	0.000257889002480468	2.83840935539724e-05
ctarjeta_master_delta1	4.22326070919838e-06	0.000222780155229889	2.83840935539724e-05
tcallcenter_lag1	4.22198371823378e-06	4.99631909019708e-05	5.67681871079447e-05
tcuentas	3.67395061814942e-06	0.000234689691347679	2.83840935539724e-05
Master_mconsumosdolares_delta1	2.86420426231126e-06	4.44978779624837e-06	2.83840935539724e-05
Visa_cadelantosefectivo_avg6	2.6321548287173e-06	0.000107724817991389	2.83840935539724e-05
Visa_madelantopesos	2.23832769145823e-06	8.02458706770202e-05	2.83840935539724e-05
mcheques_depositados_tend6	2.06234417569963e-06	7.26267398303461e-05	2.83840935539724e-05
Master_mpagosdolares_lag1	2.03831442672124e-06	7.431210234272e-06	5.67681871079447e-05
vmr_msaldodolares2_delta1	1.82175488551523e-06	0.000103847945758452	5.67681871079447e-05
mforex_sell_lag1	2.00910461123832e-07	6.05492059157949e-05	2.83840935539724e-05
mcajeros_propios_descuentos_lag1	1.47764084936096e-07	5.27200778231701e-05	2.83840935539724e-05
ctarjeta_master	3.78359022176826e-08	6.03661313936841e-06	2.83840935539724e-05
vm_status03_avg6	1.03368478603954e-08	6.94444738724773e-06	2.83840935539724e-05
vm_status06_avg6	1.0205268595085e-09	5.16027847838169e-05	5.67681871079447e-05
vm_status03_tend6	7.0253508420901e-10	6.71129659879474e-06	2.83840935539724e-05
vm_status01_delta1	5.56730427847378e-10	2.26818563805865e-05	2.83840935539724e-05
Visa_delinquency_delta1	5.08319420322563e-10	1.21502252689187e-05	2.83840935539724e-05
vm_status06_lag1	1.02088092953216e-10	1.22379933486366e-05	2.83840935539724e-05
Visa_madelantopesos_delta1	4.1520860738084e-11	8.40688974622771e-06	2.83840935539724e-05
Master_madelantopesos_lag1	1.18226516674176e-14	5.70384827270801e-06	2.83840935539724e-05
