Feature	Gain	Cover	Frequency
ctrx_quarter_normalizado	0.0867186038393261	0.00584955303957114	0.00607407995553615
ctrx_quarter	0.0684305261147977	0.00598461817910069	0.00899973974530329
mcuentas_saldo	0.0194746431844357	0.00765985919387702	0.0084185777742489
mpayroll_sobre_edad	0.0183070831536303	0.00690747246019404	0.00334250841416668
ctrx_quarter_normalizado_lag1	0.0166099355093308	0.00240058311558886	0.00328847248137414
mprestamos_personales	0.015370239042147	0.00770882354399372	0.00234449781871275
mcaja_ahorro	0.0140648509401132	0.00365792884198948	0.0088574818814209
mpasivos_margen	0.0132221580017659	0.00511852000405178	0.00987865073378591
cpayroll_trx	0.0130982638051948	0.00386749772624493	0.00265989122235897
ctrx_quarter_lag1	0.0106472711271365	0.00315439800458727	0.00463275415635573
mcomisiones_mantenimiento_tend6	0.0098783629885687	0.00529958411245288	0.00627919594532005
mtarjeta_visa_consumo	0.00924422546069631	0.00282478510926228	0.00457210157873146
ccomisiones_mantenimiento_tend6	0.00766481805332496	0.00544595451683015	0.00306791765364952
mcomisiones_avg6	0.0071961270653984	0.0031974276057146	0.00471987331330696
mprestamos_personales_lag1	0.00692695681151251	0.00359699890332068	0.00117114613521775
mcomisiones_otras_avg6	0.00650279213148419	0.00385582905214285	0.00486433672546658
mpayroll	0.00645892072944593	0.00271039730251976	0.00291794037079678
mcuenta_corriente	0.00606873547697484	0.00212970729742145	0.00344947750561312
mcuenta_corriente_avg6	0.00595836244814264	0.00547072837605176	0.0058810944812771
numero_de_cliente	0.00573797609594241	0.0051898560447322	0.00777014658073851
mrentabilidad_annual_avg6	0.00538676479773327	0.00493494357205076	0.00617884349870534
mcuentas_saldo_tend6	0.00509751045326402	0.00223851544061892	0.00438132165274966
cliente_edad_avg6	0.00468976664554992	0.00560649635131167	0.00709635158203978
mcaja_ahorro_lag1	0.00468875092385846	0.00219111427651383	0.0054135182465009
mrentabilidad_annual_tend6	0.00468593086709343	0.00410541049125265	0.00611819092108107
mrentabilidad_annual_lag1	0.00458742319497041	0.00271498553969446	0.0046647346063758
chomebanking_transacciones_avg6	0.0045544645895139	0.00308172479644598	0.00545432088962995
mactivos_margen_avg6	0.00432970507525784	0.00823267139845187	0.00486433672546658
mpasivos_margen_avg6	0.00429560995121953	0.00427956216974278	0.00640932329367758
cliente_edad	0.00420367070352658	0.005123967443396	0.00643358432472728
mcuentas_saldo_lag1	0.00413649228343425	0.00289604783025198	0.00467245402534616
vm_status01	0.00410183843272949	0.000931599288676433	0.000402512560597439
cliente_edad_lag1	0.00407865786689638	0.0057560111785799	0.00657143109205518
ctransferencias_recibidas_avg6	0.00403767148859615	0.00421269285774569	0.0054851985655114
mrentabilidad_annual_delta1	0.00394256326730296	0.00437863279465906	0.00551276791897698
mcaja_ahorro_avg6	0.00392316059217164	0.00485068499169176	0.00664752250762017
Master_Fvencimiento_avg6	0.00388807504791818	0.00299700671625927	0.00449049629247335
azar	0.00385086254372593	0.00329236062730998	0.00613583530729904
mcuenta_corriente_tend6	0.00384718108914133	0.00434825468316619	0.0047937591805947
mactivos_margen	0.00378421448619054	0.00270192092118936	0.0037825152954773
mrentabilidad_annual	0.00372593819864842	0.00425647947909862	0.00418502785607474
mactivos_margen_tend6	0.0036402676661396	0.00325605507009402	0.00470553724950486
cliente_antiguedad	0.00363065826088411	0.00369323965606787	0.00494704478586332
mcuentas_saldo_avg6	0.00356130125066468	0.00330446663630499	0.00513782471184512
cpayroll_trx_avg6	0.00352984363785415	0.00358304092632212	0.00232464788421754
vm_msaldopesos	0.00349805292452341	0.00234089766625077	0.00285067114834077
Visa_fechaalta	0.00347298472781469	0.00226232935086676	0.00392918425591418
ccomisiones_otras_avg6	0.00343924614750007	0.00491836678408937	0.0077414744531343
cdescubierto_preacordado	0.00342116125869345	0.00115127879563314	0.000470884557192072
ctrx_quarter_tend6	0.00339524497958481	0.00256045030686137	0.00482353408233753
mcomisiones_mantenimiento	0.00333310093570709	0.00456060936485712	0.00261026638612093
Master_Fvencimiento	0.00325746130312757	0.0026956725463459	0.00424457765956039
vm_Fvencimiento_avg6	0.00324335325613961	0.00361920226794807	0.0039016149024486
mrentabilidad_tend6	0.00322453394225126	0.00260452140478725	0.00440889100621524
chomebanking_transacciones_tend6	0.00321618447147407	0.00241690058975936	0.00455886828906798
Master_fechaalta_avg6	0.00320585334883085	0.00213016497940559	0.00378472084375455
ctrx_quarter_normalizado_tend6	0.00318864110219995	0.00222895613479174	0.00462724028566261
mcuentas_saldo_delta1	0.00315720986683582	0.00344577648309887	0.00366672401092188
Visa_Fvencimiento_avg6	0.00310571621719494	0.00246819225802759	0.0039876312852612
mrentabilidad	0.00306298897280748	0.00251947990790476	0.00346822466596971
mcuenta_corriente_lag1	0.00304158793222751	0.00258313817463858	0.00336787221935501
Master_Fvencimiento_lag1	0.00302996019486512	0.00259809341424212	0.00413981411639119
mtransferencias_recibidas_avg6	0.00301149560579253	0.00291854437796628	0.0050176223307352
ctrx_quarter_delta1	0.00300796542349736	0.00209729026706509	0.00384757896965607
mactivos_margen_lag1	0.00300374136792436	0.00228566172392008	0.00350792453496015
mrentabilidad_avg6	0.00299724459780225	0.00315919172186955	0.00351784950220775
chomebanking_transacciones	0.00295165190776678	0.00347999716509017	0.00391925928866657
cproductos_tend6	0.00293755879993304	0.00295355579001923	0.00163761959585533
ccomisiones_otras_tend6	0.00290869238940296	0.0028416299494205	0.00429420249579843
ctarjeta_visa_transacciones	0.00289561976852849	0.0031660520402648	0.0033436111883053
Visa_mpagospesos_tend6	0.00285216495099079	0.00295820449441169	0.00381670129377462
mactivos_margen_delta1	0.00284964483930893	0.00265056668083188	0.00351123285737602
Visa_Fvencimiento	0.00284473711431944	0.00225504292355993	0.00387955941967614
mcomisiones_mantenimiento_avg6	0.0028268386539293	0.00355380655735571	0.00361268807812934
cdescubierto_preacordado_avg6	0.00281500948082796	0.00115695416704764	0.000672692224560103
mpasivos_margen_tend6	0.00273372959168637	0.00281241028266263	0.00377369310236832
Master_fechaalta	0.00273263883541013	0.00195496006786368	0.00393359535246867
mpasivos_margen_lag1	0.00271338929529398	0.00242154492494884	0.00573993939153334
mcaja_ahorro_tend6	0.00269742757347622	0.00209808389929806	0.00381890684205187
cliente_antiguedad_lag1	0.00268381811994964	0.002628467252208	0.00371745162129854
Master_fechaalta_lag1	0.00265703317038491	0.00271477884769117	0.00389610103175548
Visa_fechaalta_avg6	0.00261286199202569	0.00199117179883775	0.0029907234639459
vm_Fvencimiento	0.00260826121529514	0.00240959068994607	0.00356416601602993
Visa_Fvencimiento_lag1	0.00258684818559829	0.0019842928236269	0.00355865214533681
vm_Fvencimiento_lag1	0.00258003467584199	0.00369405516620768	0.00347373853666283
thomebanking_avg6	0.00256268111586624	0.00137898612304595	0.00283854063281591
ccomisiones_mantenimiento_avg6	0.00254638285815908	0.00611039263905575	0.00300285397947076
cliente_antiguedad_avg6	0.00250997840505955	0.00241584834535934	0.00331163073828523
cmobile_app_trx_avg6	0.00250579583416038	0.0028969719326262	0.00347594408494008
mcomisiones_tend6	0.00250526420552066	0.00163634726291032	0.00338331105729573
Master_mfinanciacion_limite_tend6	0.00247261362868624	0.00361632449400627	0.00309989810366959
mcuenta_corriente_delta1	0.00246629172798634	0.00392422104732109	0.0033722833159095
ccajas_consultas_tend6	0.0024512975820495	0.00431144880437214	0.00120533213351507
mtransferencias_recibidas_tend6	0.00243089477796777	0.00277775325443016	0.00361930472296108
ctransferencias_recibidas_tend6	0.00241419664689491	0.00200821959963614	0.00353108279187123
Visa_cconsumos_avg6	0.00238066575569779	0.00159223559837	0.00301057339844112
cprestamos_personales	0.00237778364974256	0.0014176569498845	0.000592189712440616
mcomisiones_otras_tend6	0.00235135274530608	0.00163193178465891	0.0034053665400682
mrentabilidad_delta1	0.00234435553512196	0.00260167995582489	0.00375053484545723
chomebanking_transacciones_lag1	0.00231853836534364	0.00163985978317853	0.00349469124529667
Visa_fechaalta_lag1	0.00231475289443784	0.00175712325899136	0.00303924552604532
ccallcenter_transacciones_avg6	0.0022765215355925	0.00522584316040321	0.00449049629247335
cproductos_avg6	0.0022712020526146	0.0035452644466288	0.00414422521294569
mrentabilidad_lag1	0.00226833479609414	0.00193816769003309	0.00309328145883785
mcaja_ahorro_dolares_avg6	0.00221143655701728	0.00405315118804046	0.00320245609856154
mttarjeta_visa_debitos_automaticos_avg6	0.00218725928933578	0.00173631574309101	0.00228715356350435
ctarjeta_debito_avg6	0.0021664623345667	0.00245877276669545	0.00298741514153003
mautoservicio_avg6	0.00208119868114994	0.00402568586789714	0.00399645347837019
mpasivos_margen_delta1	0.00207719193641634	0.00210471134236418	0.00325097816066096
vm_fechaalta	0.00206021152170848	0.00206268442548056	0.003005059527748
ctrx_quarter_avg6	0.00205787578278077	0.00245258119149061	0.00454122390285001
Visa_mfinanciacion_limite_tend6	0.00203024250690969	0.00191632885087979	0.00257166929126912
vmr_mpagominimo_avg6	0.00202208855096223	0.00182663466310579	0.00224965924279117
Visa_mlimitecompra_tend6	0.00201414649409152	0.00154099734918919	0.00267753560857694
vm_msaldototal	0.00200195507914972	0.00139145649805509	0.00256064154988289
vm_mpagominimo	0.0019612179445485	0.00202595929721147	0.00230700349799957
Visa_mpagado_avg6	0.00194398297365027	0.00269865706278655	0.00279663521554823
Visa_cconsumos_tend6	0.00194391050463698	0.0021504944343386	0.00295102359495547
ctrx_quarter_normalizado_delta1	0.00193083250344486	0.00137595568213612	0.00255512767918977
mtransferencias_recibidas	0.00191347711515905	0.00333726461651158	0.00312636468299655
Visa_mconsumospesos_tend6	0.00190934327828356	0.00182872923349617	0.00276906586208266
mcomisiones_lag1	0.00189404680731481	0.00140343583205595	0.0030238066881046
mtransferencias_emitidas_avg6	0.00189124668709213	0.00220318593783293	0.00463937080118747
mcuenta_debitos_automaticos	0.00188227198602339	0.00207488853424445	0.00123620980939652
ccallcenter_transacciones_tend6	0.00188135381658709	0.00393368617609447	0.00259593032231883
vm_fechaalta_avg6	0.00187703035385255	0.00140848966042893	0.00245587800671369
ctarjeta_debito_transacciones_avg6	0.00186984538998425	0.00275549997883453	0.00373509600751651
Visa_mconsumospesos_avg6	0.0018643008143389	0.00157393297523533	0.00262460244992303
mcomisiones_otras	0.00184766653260566	0.00174870453838338	0.00257277206540774
mautoservicio	0.00183738918206593	0.00356516131857576	0.00411445031120286
mprestamos_personales_tend6	0.00183491407962345	0.00420484337731156	0.0013784676732789
ctrx_quarter_normalizado_avg6	0.00183313380264877	0.00424917002577322	0.00415525295433192
Visa_mpagominimo_avg6	0.00182238417536062	0.00150573214066005	0.00239191710667355
vmr_msaldopesos2	0.00181520023108725	0.00177857202718458	0.00254079161538767
Visa_msaldopesos	0.00180555296051614	0.00187108323465471	0.00239412265495079
Master_mlimitecompra_tend6	0.00180451773356908	0.00185716993833762	0.00249226955328825
vmr_msaldopesos2_tend6	0.00180134177167724	0.00230630764309451	0.00252535277744695
mcomisiones_otras_lag1	0.00180117127206764	0.00144000781497713	0.00299403178636177
cproductos	0.00179525814612666	0.00282222941255258	0.0030524788157088
ctarjeta_visa_transacciones_tend6	0.00177946153233009	0.00252474948560689	0.00264555515855687
mcaja_ahorro_delta1	0.00175984875029003	0.00252369207470409	0.0029907234639459
Master_mfinanciacion_limite_avg6	0.00173679325648601	0.00113632518252122	0.00231913401352442
mttarjeta_visa_debitos_automaticos_tend6	0.00172205877268353	0.00262382798784532	0.00216915673067168
Visa_mpagominimo_tend6	0.00170568051021447	0.0017708152567726	0.00244264471705021
mcaja_ahorro_dolares	0.00169293773072289	0.00415925170107603	0.00268856334996317
vm_status01_tend6	0.00169176144843888	0.00145666363129589	0.00043118468820164
vmr_mpagado_avg6	0.00167367556729751	0.00433174295486947	0.0024371308463571
vm_mpagospesos_tend6	0.00166776035149639	0.00133800807001114	0.00205667376853212
mcomisiones	0.00165953376823519	0.00141347533561397	0.00245918632912956
vm_cconsumos_avg6	0.0016542796914649	0.00294000721052819	0.00201035725470995
ctransferencias_emitidas_avg6	0.0016539434656612	0.00139822665778758	0.00260695806370506
Visa_mfinanciacion_limite	0.00163745408373646	0.00105872389613331	0.0022893591117816
ccomisiones_otras	0.00162876207729622	0.00257544671902721	0.00328516415895828
vm_fechaalta_lag1	0.00159994691225271	0.00121099623263969	0.00238309491356456
vmr_msaldopesos2_avg6	0.00159559483998739	0.0018755599136397	0.00386742890415128
cproductos_delta1	0.00157393409242672	0.00127103730958596	0.000445520752003741
vm_mfinanciacion_limite_tend6	0.0015699119024353	0.00109943823428227	0.00215151234445371
chomebanking_transacciones_delta1	0.00156561978386774	0.0023667738403006	0.00269297444651766
vm_mlimitecompra_tend6	0.00156264948830048	0.00108647605285703	0.00206439318750248
Master_mfinanciacion_limite_delta1	0.00156217687912935	0.00108985612568046	0.00219672608413726
mcaja_ahorro_dolares_tend6	0.00155396587859446	0.00221346616215022	0.00221878156690972
ctarjeta_visa_debitos_automaticos_avg6	0.00154722223296492	0.000888680161411071	0.00185376332702547
Visa_mpagospesos_avg6	0.0015455883721794	0.00134840690064847	0.00224304259795943
mprestamos_personales_avg6	0.00154371502346089	0.00181497998958841	0.000786277960838285
mv_status07_avg6	0.0015395342243223	0.000789356250290477	0.000454342945112726
Visa_mpagominimo	0.00152701624302302	0.00102169895124288	0.00251211948778347
cliente_edad_tend6	0.00152110445321353	0.000966340447985075	0.00211181247546328
Visa_mpagospesos_delta1	0.00151408886061287	0.00292904408297584	0.00253307219641731
ccomisiones_mantenimiento_delta1	0.00151122004826825	0.00181380505669331	0.000597703583133731
Visa_mfinanciacion_limite_avg6	0.0015077011474502	0.00129289094662377	0.00198278790124437
mcomisiones_delta1	0.00147756892629155	0.00164004338537927	0.00247683071534753
ccomisiones_otras_lag1	0.00145960139370091	0.00200544222168668	0.00262239690164578
mcomisiones_mantenimiento_delta1	0.00145629705222923	0.00229135192511109	0.00207431815475009
Master_mfinanciacion_limite	0.00145435099949699	0.00129827103007986	0.00236765607562384
tcallcenter_tend6	0.0014525166938354	0.00220711933672596	0.00131671232151601
Master_fultimo_cierre_avg6	0.00143103361195851	0.00176043163861568	0.00187030493910481
mtransferencias_emitidas_tend6	0.00143042985856501	0.00194238336495159	0.00218239002033516
cmobile_app_trx_tend6	0.00142487912820853	0.00326374068947077	0.00208865421855219
vmr_Visa_mlimitecompra_avg6	0.00139511299327704	0.00142052263676115	0.00166629172345953
Visa_msaldopesos_tend6	0.00137797174835699	0.00114439864041857	0.00171150546314308
Visa_mpagominimo_lag1	0.00136338155787137	0.00128650760486812	0.00219782885827588
thomebanking_tend6	0.00135869793729694	0.00219385654137957	0.00190007984084764
mcaja_ahorro_dolares_lag1	0.00135030570665865	0.00119925261235527	0.00203241273748241
ccaja_seguridad	0.00133590653939714	0.00253100465344475	0.000347373853666283
Visa_mlimitecompra_delta1	0.00133568050955965	0.00130174052805022	0.00191331313051111
mcaja_ahorro_dolares_delta1	0.00133061378953996	0.00209637091659775	0.00166629172345953
vmr_mpagominimo	0.0013215362612133	0.00104004000422849	0.00180854958734192
vmr_msaldototal_lag1	0.0013159412305258	0.000848241529537138	0.00107410201101892
Visa_mconsumospesos	0.00131383878456713	0.000865997683380592	0.00220223995483037
vmr_mpagospesos_tend6	0.00130886227005887	0.00128373701991306	0.00208203757372045
mtransferencias_recibidas_lag1	0.00130070839243176	0.000918527271229081	0.00244264471705021
Visa_mfinanciacion_limite_delta1	0.00129431075387808	0.00135558196111755	0.00196955461158089
vm_mpagominimo_avg6	0.00129339032001908	0.00147502334109711	0.00210078473407704
vmr_Master_mlimitecompra_avg6	0.00129287363848457	0.0017210429868103	0.00172914984936105
mcomisiones_otras_delta1	0.00129225418810743	0.00140831820907733	0.00205446822025487
cprestamos_personales_tend6	0.00129172047719748	0.00237817538707363	0.000610936872797209
ccaja_ahorro	0.00128462570672399	0.00284523642349858	0.000906480341948205
vm_status01_avg6	0.00127845685932855	0.00114517010771676	0.000307673984675851
Visa_cconsumos_lag1	0.00126743506742711	0.00079515220532856	0.00170158049589547
Visa_msaldototal_tend6	0.00126351561221951	0.00103163203122198	0.00172584152694518
Visa_mpagospesos_lag1	0.00124918667415727	0.00147352090933118	0.00222429543760283
Visa_mfinanciacion_limite_lag1	0.00124507700262764	0.000796055163311762	0.00174238313902453
Visa_cconsumos	0.00123075842523036	0.000637774758125291	0.00175120533213352
mtarjeta_visa_consumo_tend6	0.00122143447691976	0.00191219615892573	0.00183942726322336
Visa_mconsumospesos_delta1	0.00121640016606663	0.000891992814562387	0.00213827905479023
cextraccion_autoservicio_avg6	0.00120230658501183	0.000833020980448125	0.00179531629767844
Visa_mpagospesos	0.00120185459355007	0.00101405153847313	0.00232133956180167
vm_mpagado_avg6	0.00120004380620835	0.00110382571136428	0.00190007984084764
ctransferencias_emitidas_tend6	0.00119493594871219	0.00130642354822658	0.00183281061839163
vm_mconsumospesos_avg6	0.00119337249609544	0.00117168957514698	0.00167511391656852
vm_mpagominimo_tend6	0.00118188707199801	0.00121779375570173	0.00167180559415265
Visa_fultimo_cierre_avg6	0.00117203602280068	0.00123496915636205	0.00153947269751788
Master_mlimitecompra_delta1	0.00116977284524009	0.00083718763737418	0.00178539133043083
vmr_Visa_mlimitecompra	0.001169763368417	0.00119543702248248	0.00149425895783433
vm_status06	0.00116376507495662	0.000363648731327855	0.000207321538061147
vmr_msaldopesos2_lag1	0.00116211294803277	0.00122948861312964	0.00190338816326351
Visa_mpagado_tend6	0.0011607907393313	0.00113858964155556	0.00187802435807517
vmr_mpagominimo_tend6	0.00114583450576531	0.00207674965524984	0.00177767191146047
vm_fultimo_cierre_avg6	0.00112999398833303	0.000975765297171945	0.00157806979236969
vmr_Master_mlimitecompra	0.00111774429362911	0.00208085779036969	0.00153726714924063
mextraccion_autoservicio_avg6	0.00111149254146607	0.000758095974393505	0.00179972739423293
mcuenta_debitos_automaticos_avg6	0.00111005997453177	0.00241369129855569	0.00151851998888404
ctarjeta_visa_transacciones_avg6	0.00110769609955896	0.00112536457443627	0.00178318578215359
mpagomiscuentas_avg6	0.00110326422694842	0.00156347839739514	0.00179752184595569
cpagomiscuentas_tend6	0.00109552478169902	0.00144093316113905	0.00160233082341939
mtarjeta_master_consumo	0.00109490943646679	0.000981337402314782	0.000530434360677721
mautoservicio_tend6	0.0010924502761872	0.00102370734946957	0.00185266055288684
Visa_mpagominimo_delta1	0.00108876946675181	0.00127222927280506	0.00183281061839163
cdescubierto_preacordado_tend6	0.00108454603242535	0.00148123067094624	0.000260254696715056
Master_mfinanciacion_limite_lag1	0.0010790517186138	0.000881221325992875	0.00172363597866794
Visa_mconsumospesos_lag1	0.00107826951156246	0.000730287018031169	0.00169055275450924
vm_cconsumos_tend6	0.00107801731301278	0.00110271070352305	0.0016265918544691
vmr_msaldopesos2_delta1	0.00107670553631324	0.00129227010520608	0.00179421352353982
vmr_msaldototal	0.0010680347113174	0.00104270633426013	0.00153506160096338
vmr_mconsumospesos_avg6	0.00106101070232513	0.00089901626049919	0.00169496385106374
Visa_msaldopesos_delta1	0.00105253171918314	0.000997896936708239	0.00143250360607143
ccajas_transacciones_tend6	0.00104514498536785	0.000929648040900278	0.000787380734976908
vmr_Visa_mlimitecompra_lag1	0.00103753206583031	0.000769521950432775	0.00126047084044623
mttarjeta_visa_debitos_automaticos	0.00103710930459356	0.00100189051579108	0.00157586424409244
Visa_mconsumosdolares_avg6	0.00102818369802126	0.00132631225582346	0.0020654959616411
Visa_msaldototal	0.0010280860509168	0.000936219513519596	0.00201476835126444
mtarjeta_visa_consumo_avg6	0.00102503808411045	0.0009840220383501	0.00131450677323876
mttarjeta_visa_debitos_automaticos_lag1	0.00102257696839492	0.00147571731085356	0.00157035037339932
tcallcenter_avg6	0.00101798194946382	0.00131683848432012	0.00210078473407704
vmr_mpagospesos_avg6	0.0010176009877433	0.000767014697659653	0.00152954773027027
mtransferencias_recibidas_delta1	0.00101528103257893	0.00112582353210011	0.0018934631960159
mcuenta_debitos_automaticos_tend6	0.00101352155963494	0.00166201715955276	0.00122738761628753
Master_mlimitecompra_avg6	0.00101112516050659	0.000891683526019276	0.00140052315605136
cpagomiscuentas_avg6	0.00101014690438093	0.00109684327852981	0.0016839361096775
ctarjeta_debito_transacciones_tend6	0.00101005668618027	0.000877267548116652	0.00179972739423293
thomebanking	0.00100052407711268	0.000832254137488845	0.000647328419371772
vmr_msaldopesos_tend6	0.000993824185744133	0.00104517620961806	0.00135530941636781
cproductos_lag1	0.000983885167640843	0.00301502030226605	0.00208203757372045
mcomisiones_mantenimiento_lag1	0.000979307181210807	0.00279794927326661	0.00140272870432861
Visa_msaldototal_avg6	0.000976730750880277	0.000738699647268587	0.00137405657672441
vmr_msaldototal_tend6	0.000975041111680898	0.00101866133463475	0.00140052315605136
Visa_msaldopesos_avg6	0.000969736634672192	0.00214065948602038	0.00148653953886397
Visa_mconsumosdolares_tend6	0.000966993203515199	0.00191654998995568	0.00137957044741752
Master_status_avg6	0.000966279694375742	0.000663856189038749	0.000166518894932091
Visa_mlimitecompra_avg6	0.000960634024815684	0.000821221007012994	0.00123731258353514
cpayroll_trx_lag1	0.000954310553846147	0.000520622075094358	0.000679308869391842
active_quarter_avg6	0.000953109249058057	0.0020435258850516	0.00122077097145579
mextraccion_autoservicio_tend6	0.000943318239851524	0.00130679285749955	0.00129465683874354
mtransferencias_emitidas	0.000942873111307612	0.00282714903942118	0.0026378357395865
mprestamos_personales_delta1	0.000934038406742322	0.00219279667479334	0.000788483509115531
vmr_mpagospesos_lag1	0.00093288370261796	0.000861228491040535	0.00144132579918042
matm_avg6	0.000929924903446672	0.000616703910043003	0.00149095063541846
catm_trx_avg6	0.000929924109450793	0.00072793348466182	0.0014214758646852
vmr_Master_mlimitecompra_tend6	0.000916079467555441	0.00219230005268638	0.00122959316456478
vmr_msaldopesos_lag1	0.000911069186417777	0.000914839950950062	0.00104984097996921
mpayroll_avg6	0.000902132951204569	0.0017143169974874	0.00259813587059607
cextraccion_autoservicio_tend6	0.000899391958681549	0.00151109009107335	0.00135200109395195
ccuenta_debitos_automaticos_tend6	0.000898784227555952	0.00373716146757693	0.00102447717478088
vm_status04	0.000896435141114978	0.00104101758947411	0.000434493010617509
mttarjeta_visa_debitos_automaticos_delta1	0.00088983625975234	0.00142554466881762	0.00136302883533818
vmr_msaldopesos_avg6	0.00088745457933286	0.000947671800452666	0.00129134851632767
vmr_Master_mlimitecompra_lag1	0.000883358301663377	0.00118089133984643	0.00121856542317855
ctransferencias_recibidas	0.000879965400415181	0.00125880038396181	0.00128362909735731
matm_other_avg6	0.000874211408419827	0.00220524820163493	0.00117666000591087
ctarjeta_visa_debitos_automaticos_tend6	0.000873917568820693	0.0014190555094309	0.0012163598749013
Master_mlimitecompra	0.000856884014339245	0.000795665219919659	0.00127480690424833
Visa_mconsumototal_tend6	0.000853699787283257	0.000953293784671748	0.0012450320025055
Visa_msaldopesos_lag1	0.00085238777536357	0.000771054328779643	0.00131560954737738
Visa_cconsumos_delta1	0.000837670303450609	0.00164481764854613	0.00177105526662873
vmr_mconsumospesos_tend6	0.000833712504686064	0.000763626747514082	0.00135089831981332
vmr_msaldototal_avg6	0.000830546032518197	0.00095108816636354	0.00122518206801029
Visa_mconsumototal_avg6	0.000828501926203629	0.000658132756391575	0.00120533213351507
cmobile_app_trx	0.000818221368731491	0.000620413586608753	0.000856855505710164
ctarjeta_debito_transacciones	0.000815061233951835	0.00107773742367244	0.00263232186889339
vmr_mpagado_tend6	0.000809614675754857	0.000936350430148744	0.00130237625771391
vm_mfinanciacion_limite_avg6	0.000805698831850873	0.00119636909785482	0.00116342671624739
vm_status04_tend6	0.000801551653840131	0.000887118251079163	0.000249226955328825
vmr_mconsumospesos	0.000798753952700389	0.00128452669753895	0.00152844495613164
Visa_mlimitecompra	0.000798078942558527	0.000571586403951728	0.00108182142998928
cprestamos_personales_avg6	0.000794998062070408	0.00291763146968142	0.00103109381961262
vm_mpagospesos_avg6	0.000793604131400246	0.00121002945877952	0.00151080056991367
ctarjeta_visa_transacciones_lag1	0.00079051339152962	0.000747892099506225	0.0014832312164481
vm_Fvencimiento_tend6	0.000789185796107943	0.00209944150952611	0.000946180210938637
Visa_msaldototal_delta1	0.000786717274058981	0.000522425886189258	0.0012306959387034
mcuenta_debitos_automaticos_lag1	0.000785755671520668	0.00106127362904042	0.000931844147136537
ccuenta_debitos_automaticos_avg6	0.000785640545745009	0.000697308592931108	0.00123400426111927
vm_mfinanciacion_limite	0.00078546398423473	0.00047595415042113	0.00117666000591087
vmr_mpagominimo_lag1	0.000781441440129296	0.000604884578168434	0.00123510703525789
mpagomiscuentas_tend6	0.000775203640099118	0.00140837389249621	0.00123951813181239
mtransferencias_emitidas_lag1	0.000774992368012571	0.00225823693849921	0.00167842223898439
foto_mes	0.000764496331308359	0.00186058496478481	0.00067489777283735
Master_fultimo_cierre	0.000761408912717704	0.00111903710745145	0.00100793556270153
vmr_mpagospesos_delta1	0.000758197291184655	0.00066426434275856	0.00126929303355521
vm_msaldopesos_tend6	0.000755964424972664	0.00104544196559143	0.00118107110246536
vm_mpagominimo_lag1	0.000752418504526886	0.00067878913613954	0.00130237625771391
vm_mfinanciacion_limite_delta1	0.000752052728110122	0.000516174162686585	0.00116122116797015
vm_msaldopesos_avg6	0.000743755862132663	0.00120036752452053	0.00130458180599115
mtarjeta_visa_consumo_lag1	0.000743683432428473	0.000519831663952632	0.00126708748527797
vm_mconsumospesos_tend6	0.000743159335002827	0.000569920238696388	0.00119871548868333
ctransferencias_recibidas_lag1	0.000742940071802557	0.00129461633530916	0.00117114613521775
vm_mpagospesos_lag1	0.000734357868546085	0.000942426779584746	0.00137515935086303
Master_mlimitecompra_lag1	0.000728389407587525	0.00061630921474402	0.0009682356937111
mpagomiscuentas	0.000726415639221013	0.00116257350423134	0.00103329936788986
ccajas_transacciones_avg6	0.000724860607212521	0.00157055133970427	0.00184714668219373
ccallcenter_transacciones	0.000724049256166008	0.00183229702258735	0.000693644933193943
vm_fultimo_cierre_lag1	0.000716526028946183	0.000434222808523847	0.00100903833684016
vmr_msaldopesos_delta1	0.000709199297154282	0.00143662818864159	0.00131781509565463
vm_cconsumos_lag1	0.000708435773311514	0.000788339118974182	0.0010586631730782
vmr_mpagospesos	0.000703978461724811	0.000783914679072878	0.00128693741977318
vmr_mconsumospesos_lag1	0.000703684495671628	0.000720374508387224	0.00121856542317855
ccomisiones_mantenimiento	0.000703619131822663	0.00132864327344612	0.000588881390024746
mautoservicio_lag1	0.000702832355043145	0.000708130056252842	0.00191882700120423
vmr_msaldopesos	0.000695917457227533	0.000727472645370425	0.00144242857331904
vm_mpagospesos_delta1	0.000690185330609864	0.000614079709333441	0.00117114613521775
ctarjeta_visa_transacciones_delta1	0.000686736129129151	0.00259887760644531	0.00138177599569477
Visa_msaldototal_lag1	0.000681882899194584	0.00055372223192973	0.00118989329557435
vmr_mpagominimo_delta1	0.000673010082876548	0.000755693104111783	0.00117555723177225
ccajas_consultas_avg6	0.000672392377401937	0.00169437458377517	0.000800614024640385
Master_msaldopesos_tend6	0.000670129848771201	0.00140680566754979	0.00080943621774937
vm_fultimo_cierre_tend6	0.00066914370884191	0.00196605959746788	0.000876705440205381
ccajas_otras_avg6	0.000668892979926633	0.00192257304787224	0.000589984164163369
vm_mfinanciacion_limite_lag1	0.000667559398488083	0.000475474175934245	0.000951694081631753
ccaja_seguridad_avg6	0.000665332804963768	0.000669159954956824	0.000143360638021006
vm_msaldototal_tend6	0.00066416343324019	0.00102943441780388	0.00111269910587073
Master_mconsumospesos_tend6	0.000662209109781909	0.00166443859097411	0.000937358017829652
catm_trx_tend6	0.000661519275124724	0.00110067302844727	0.00105756039893957
Master_msaldototal_tend6	0.000652897100050737	0.00164558149365811	0.000767530800481692
tcallcenter	0.000652874774276432	0.000173791745462954	0.000217246505308755
ccaja_ahorro_avg6	0.000651591065747228	0.00140038775487428	0.000872294343650888
Visa_status_avg6	0.000649243868537001	0.00227625747696036	0.000326421145032444
cmobile_app_trx_lag1	0.000640864841214273	0.000438736928708016	0.000728933705629883
matm_tend6	0.00063884078816043	0.00080760076621484	0.000962721823017984
vm_mlimitecompra_delta1	0.000634496576170874	0.000477861068327732	0.000994702273038054
vm_mpagado_tend6	0.000633544573709562	0.000925643299620065	0.00124392922836688
Visa_mlimitecompra_lag1	0.000633438334493948	0.000527010742812757	0.00086236937640328
ctarjeta_debito_transacciones_delta1	0.000633044317222723	0.00168530121623747	0.000953899629908999
Visa_status	0.000632969616402255	0.000293482265687802	9.37358017829652e-05
mpagomiscuentas_delta1	0.000619215367996933	0.00283713062712085	0.000935152469552406
catm_trx_other_tend6	0.000617418587646995	0.00192674802860833	0.000876705440205381
ctarjeta_debito	0.000597259534472497	0.00047805143163087	0.00079510015394727
cprestamos_personales_lag1	0.000594590742746644	0.00214446337153193	0.000524920489984605
vm_cconsumos	0.000592320440497434	0.000460874946642807	0.000988085628206316
vm_msaldototal_avg6	0.000591476961394951	0.000584123114305234	0.00131891786979325
Master_status	0.000591060223582968	0.000345136482126588	0.000113585736278181
Master_mpagado_avg6	0.00059036587125137	0.00195440517908644	0.000833697248799079
mtarjeta_visa_consumo_delta1	0.000587512496311859	0.000720675058524394	0.00102337440064226
ccajas_consultas	0.000582117841956283	0.00162552924392378	0.000283412953626142
mautoservicio_delta1	0.000580856253389397	0.00183427952451614	0.00112813794381145
matm_other_tend6	0.000580790555642617	0.000818727595364609	0.000754297510818214
vmr_msaldototal_delta1	0.000579898819420782	0.00213944197731531	0.00157806979236969
Master_cconsumos_avg6	0.000579302559094824	0.00104844529830764	0.000898760922977843
Master_mpagospesos_tend6	0.000579138659980758	0.00101767258719176	0.000911994212641321
Master_fultimo_cierre_lag1	0.000578395283114804	0.000579980472049519	0.000973749564404215
catm_trx_other_avg6	0.000577190246481619	0.00161942368142266	0.000800614024640385
mplazo_fijo_dolares	0.000576907897520683	0.00269412065009963	0.000380457077824977
mtransferencias_emitidas_delta1	0.000576849723519968	0.000984546278922554	0.00101234665925602
mpayroll_tend6	0.000572683383266718	0.000934896633671356	0.00096492737129523
Master_fultimo_cierre_tend6	0.000570918505403282	0.00242534026340641	0.000941769114384145
mv_status07	0.000562704368069353	0.00058861793983395	0.000326421145032444
vm_mconsumospesos	0.000556477570686488	0.000585375959337979	0.00137074825430854
vm_mpagospesos	0.0005425338971848	0.00058510931038882	0.00150308115094331
vmr_mconsumosdolares_avg6	0.000537556409514498	0.000831054360731593	0.00119650994040609
vm_mconsumospesos_lag1	0.000536327218736216	0.000434206352255725	0.000980366209235954
vm_msaldopesos_lag1	0.000533343868365181	0.000659291711398447	0.00102668272305813
Visa_mconsumototal_delta1	0.000528512194655922	0.000370214399604541	0.000902069245393712
vm_mpagominimo_delta1	0.000525941071375747	0.000770962830653207	0.00104763543169196
vmr_Visa_mlimitecompra_tend6	0.000525086664829579	0.00109345261756488	0.000726728157352636
mv_status07_tend6	0.000521951830008997	0.000469758588717222	0.00029333792087375
vm_fultimo_cierre	0.000518770320034704	0.000419445685698333	0.000801716798779009
ctarjeta_debito_transacciones_lag1	0.000518392499365439	0.000570542228225806	0.00152293108543853
mpayroll_sobre_edad_avg6	0.000517450608893755	0.00162663490741121	0.00334250841416668
vm_msaldototal_lag1	0.000515490245985124	0.000583382486563776	0.00101234665925602
Visa_fultimo_cierre_lag1	0.000514169040144456	0.000334757998580458	0.000808333443610747
vmr_mconsumototal_avg6	0.000512266662507564	0.000434315454762013	0.000798408476363139
Visa_mconsumototal	0.000507918151340191	0.00033673026317966	0.000899863697116466
ccaja_seguridad_lag1	0.000505789522406193	0.000412118691777066	8.82219310898496e-05
Master_mpagospesos_avg6	0.000505495251734317	0.000862498238829296	0.000771941897036184
ctarjeta_visa_debitos_automaticos_lag1	0.000500331779204413	0.000889887369002572	0.000681514417669088
vm_msaldopesos_delta1	0.0004988938384771	0.00117404671231148	0.00086567769881915
ccallcenter_transacciones_delta1	0.000496354901173298	0.00161450019562296	0.000517201071014243
Visa_Fvencimiento_tend6	0.000496083826752221	0.00102342398911635	0.000613142421074455
Master_msaldototal	0.000495757939935297	0.00106548933585092	0.000588881390024746
ctarjeta_debito_lag1	0.000491427587714183	0.000455896925535964	0.000685925514223581
Visa_fultimo_cierre_tend6	0.000490602417502291	0.00265829589656236	0.000754297510818214
vm_msaldototal_delta1	0.000481424833851664	0.000780154453699041	0.00091530253505719
mpayroll_delta1	0.000478453305450342	0.00163607924260549	0.000722317060798144
Master_mpagominimo_tend6	0.000478427348243798	0.00235250169528408	0.000746578091847853
mtarjeta_master_consumo_avg6	0.000477094226482007	0.000523089845580785	0.000400307012320193
mv_status07_delta1	0.000475434039789758	0.000794549127750686	0.000237096439803971
mpagomiscuentas_lag1	0.00047486766946632	0.000644769883972768	0.000892144278146104
vm_mconsumototal_avg6	0.000472705913664168	0.000475451118023679	0.000678206095253219
vm_mlimitecompra_avg6	0.000470163629329602	0.000539738900797145	0.000705775448718797
Master_mpagominimo_avg6	0.000460682864172418	0.000492592840739934	0.000849136086739803
cseguro_accidentes_personales_avg6	0.000460575202365976	0.00062820649064822	0.000545873198618445
Master_mconsumospesos_avg6	0.000460515025561446	0.000905054817924099	0.000728933705629883
vm_mlimitecompra	0.000459744186075956	0.000307378021409026	0.000661664483173872
Visa_mconsumototal_lag1	0.000459161299831354	0.000288539070636752	0.000711289319411913
ctransferencias_recibidas_delta1	0.000450184667814045	0.00185807181199308	0.000802819572917632
mpayroll_sobre_edad_tend6	0.000448327669684335	0.000966806932159139	0.000811641766026617
ccheques_depositados_avg6	0.000448303817960679	0.00125598572427313	0.000287824050180634
Master_cconsumos_tend6	0.000442996068126045	0.000980730561481794	0.000717905964243651
Visa_mpagado	0.000440040545236314	0.000930191831264125	0.000473090105469319
vm_mconsumosdolares_avg6	0.000439747877636194	0.00135148584927887	0.00137074825430854
vmr_mconsumospesos_delta1	0.000434478120665348	0.000615003110083826	0.000864574924680527
vm_mconsumospesos_delta1	0.000431637867191776	0.000329589550386493	0.000790689057392777
cplazo_fijo_tend6	0.000425679745842526	0.00158605260211113	0.000312085081230343
mcuenta_debitos_automaticos_delta1	0.000423752825363793	0.000695568087441288	0.000734447576322998
Visa_fultimo_cierre	0.000423603176588522	0.000425337316713867	0.000680411643530465
vmr_mconsumosdolares_tend6	0.000419210237815783	0.00126214215450226	0.000728933705629883
Visa_mpagado_lag1	0.000418118770573823	0.000467055391542278	0.000644020096955902
Master_mpagospesos_delta1	0.000415580438368497	0.00196184669715272	0.000695850481471189
cdescubierto_preacordado_delta1	0.000412186355904626	0.00211127525658128	0.000221657601863247
mcheques_depositados_avg6	0.000407931059349468	0.00187671134213635	0.000426773591647148
ctarjeta_visa_debitos_automaticos	0.000407472194734334	0.000307123140605093	0.000565723133113661
Master_mpagospesos	0.000400298637410494	0.00101102680622996	0.000609834098658586
Visa_mconsumosdolares_delta1	0.000399813972001532	0.000533141372419968	0.000596600808995108
mplazo_fijo_dolares_delta1	0.000397841500212495	0.00263573613891896	0.0003815598519636
mextraccion_autoservicio_delta1	0.000392388092093608	0.000446707152225694	0.000631889581431048
vmr_mconsumototal	0.000390655074853465	0.000661894799608984	0.000737755898738868
ccomisiones_otras_delta1	0.000384404531218559	0.000836727180786694	0.000678206095253219
Master_mpagominimo	0.000383516455528858	0.000563869817450275	0.000570134229668153
mtarjeta_visa_descuentos_avg6	0.00038219157853804	0.00172607825404365	0.00037825152954773
Master_Fvencimiento_tend6	0.000381415340389696	0.000446788859510438	0.000574545326222646
Master_mconsumospesos	0.000377349205658349	0.000693581088741559	0.000530434360677721
Master_msaldopesos_avg6	0.000377303702500791	0.000325928604785258	0.000634095129708294
Visa_mconsumosdolares_lag1	0.000368576524065405	0.000505930199564753	0.00053374268309359
ccajas_extracciones_avg6	0.000367998064754918	0.00159359808807291	0.000614245195213078
vmr_mconsumototal_tend6	0.000367137453675059	0.000329359641012675	0.000570134229668153
ctarjeta_visa_descuentos_avg6	0.0003639265705631	0.000527718426125979	0.000272385212239911
active_quarter_tend6	0.000363401849382777	0.00504899644908822	0.000801716798779009
Master_msaldototal_avg6	0.0003628647768171	0.000546308523680899	0.000660561709035249
mextraccion_autoservicio	0.000362425338530102	0.000461073346728051	0.000714597641827782
ctarjeta_master_transacciones_avg6	0.000357823805690641	0.000796755447682728	0.00041684862439954
Visa_mconsumosdolares	0.000357289863567592	0.000668939421828796	0.000588881390024746
vm_mconsumosdolares_tend6	0.000353198725667426	0.000778982486759235	0.000531537134816344
Master_mpagominimo_delta1	0.00034946437260174	0.000321484359956622	0.000434493010617509
ctransferencias_emitidas	0.000346254470120019	0.00104779518004085	0.000680411643530465
vm_mlimitecompra_lag1	0.00034164646114387	0.000308087235537887	0.000520509393430113
ctarjeta_master_transacciones_tend6	0.000339957876325895	0.00228182534046819	0.000526023264123228
ccaja_ahorro_lag1	0.000334941428853925	0.000945890090508557	0.00055469539172743
cpayroll_trx_tend6	0.000334902867719683	0.00185115003772831	0.000839211119492195
ccajas_extracciones_tend6	0.000331766227185469	0.000913724305268983	0.00051940661929149
cpagomiscuentas_lag1	0.000330159361096631	0.000892599400259434	0.000511687200321128
mpayroll_lag1	0.000323064098232659	0.000572608159606933	0.00106969091446443
ccajas_otras_tend6	0.000319135299040202	0.00312115203756226	0.000470884557192072
cpagomiscuentas_delta1	0.000317700688782959	0.00117569032992814	0.000425670817508524
cpagomiscuentas	0.000316110552333256	0.000514722343512732	0.000495145588241781
Visa_Finiciomora_lag1	0.000316011125951683	0.00241393562311011	0.000270179663962665
cplazo_fijo_avg6	0.000315947923729344	0.00117644859394144	0.000316496177784836
Visa_fechaalta_tend6	0.000312306814223434	0.00188690128022291	0.000474192879607942
Master_mpagospesos_lag1	0.000311662971747996	0.000509244287855731	0.000559106488281922
vm_status06_tend6	0.000308516211102342	0.000570857640031473	0.000135641219050644
vm_status06_delta1	0.000306754116267963	0.000602029192405355	0.000113585736278181
vmr_mconsumototal_lag1	0.00030230535708815	0.000305026688587158	0.000485220620994173
Visa_mpagado_delta1	0.000302066360355887	0.000497364648223374	0.000546975972757068
mforex_sell_tend6	0.000301296575853693	0.000596171175549899	0.00051940661929149
vm_mconsumototal_tend6	0.000300863570481489	0.000211719361308652	0.000486323395132796
mforex_sell_avg6	0.000298185157511784	0.000531883998724289	0.000464267912360334
vmr_msaldodolares2_avg6	0.00029671187859746	0.00193206270158784	0.000745475317709229
mttarjeta_master_debitos_automaticos_tend6	0.000295560677023112	0.0014360094839874	0.000349579401943529
Visa_mpagosdolares_avg6	0.000294876766407854	0.000464635841748487	0.000495145588241781
ccuenta_debitos_automaticos	0.000290539900630603	0.000517320775492366	0.000299954565705489
mextraccion_autoservicio_lag1	0.00028765681120409	0.000345019279054209	0.000587778615886123
Visa_status_tend6	0.000282814583563867	0.000358302421491806	0.000154388379407237
Visa_msaldodolares_avg6	0.000280236715482266	0.00129680830384458	0.000462062364083087
vm_cconsumos_delta1	0.000279338138011529	0.000643887113620808	0.000645122871094525
vm_mconsumototal	0.000276929752298357	0.000271342110989515	0.00055138706931156
Master_mpagado_tend6	0.000276123242587387	0.000552414086182017	0.000485220620994173
vm_fechaalta_tend6	0.000273690800697753	0.000556886810559942	0.000380457077824977
vm_msaldodolares_avg6	0.000273459128024008	0.00241807934969357	0.00075981138151133
Master_mconsumospesos_lag1	0.000272707046424375	0.000735568300094543	0.00089765814883922
Master_fechaalta_tend6	0.000269195742161403	0.000344234640363123	0.000424568043369901
Master_mconsumototal_tend6	0.000267032803871674	0.000643096957615022	0.000359504369191137
ctransferencias_emitidas_lag1	0.000262640332143881	0.00040168800103924	0.000510584426182505
vmr_mpagado_lag1	0.00025924272723347	0.000302743445169244	0.000435595784756133
thomebanking_delta1	0.000257500216749435	0.00100167160915467	0.000323112822616574
Master_msaldopesos	0.000255593746210354	0.000470646844491889	0.000483015072716927
ctarjeta_master_transacciones	0.000245134442273899	0.000405974029693162	0.000210629860477016
vm_mpagado	0.000244030912987312	0.000464491147778586	0.000298851791566866
Master_mconsumospesos_delta1	0.00024104933505602	0.000585873570096708	0.000444417977865118
Visa_delinquency_avg6	0.000240251973238308	0.00116615513444727	0.000314290629507589
mtarjeta_master_consumo_tend6	0.000239927991449964	0.00073147767367857	0.000349579401943529
mttarjeta_master_debitos_automaticos_delta1	0.000239925104698465	0.0020915372067569	0.000351784950220775
Master_msaldototal_lag1	0.000238821965772682	0.000907181280306961	0.000410231979567801
mpayroll_sobre_edad_delta1	0.000235732968235068	0.000871125628744102	0.000518303845152867
Master_fultimo_cierre_delta1	0.000234641317186864	0.000100366269002944	0.000304365662259981
vm_status04_delta1	0.0002345944663401	0.000404378377633206	7.82969638422415e-05
matm	0.000233677335835123	0.000399864927180879	0.000481912298578304
Master_msaldopesos_delta1	0.000232465071994282	0.000475798230469876	0.000434493010617509
cforex_tend6	0.000232260967636374	0.00111969274303294	0.000333037789864182
matm_other	0.000229674186977918	0.000802370766475381	0.000338551660557298
Visa_msaldodolares	0.000228335868306535	0.00176916226291016	0.000286721276042011
vm_status01_lag1	0.000224492311230999	0.00128210928450866	0.000136743993189267
tcuentas_avg6	0.000223298733322774	0.00216677695488534	0.000367223788161499
thomebanking_lag1	0.000223250852218909	0.000140446753801281	0.000367223788161499
matm_delta1	0.000222406095009206	0.000347600744493842	0.000423465269231278
Visa_mpagosdolares_lag1	0.000221991959426549	0.0015253952124101	0.000287824050180634
vm_status05_tend6	0.000221966860875887	0.000444741935756831	0.000154388379407237
vm_mconsumototal_lag1	0.000219218952018082	0.000163258458185306	0.000392587593349831
Master_msaldototal_delta1	0.00021591793464898	0.000447771132878948	0.000385970948518092
vm_status05_delta1	0.000215319683346367	0.000860190885065064	0.000158799475961729
Visa_delinquency_tend6	0.000215266708774869	0.00123671425429879	0.000327523919171067
ccomisiones_mantenimiento_lag1	0.000215222021127451	0.000267052956920328	0.000302160113982735
ctarjeta_debito_tend6	0.00021520988956458	0.00129763529510168	0.000373840432993238
vm_status05	0.000215135379144056	0.00026888014484572	0.000138949541466513
catm_trx_delta1	0.000212922900579907	0.00075499773110766	0.000365018239884253
ccajas_depositos_avg6	0.000212656219108243	0.000795847833468623	0.000309879532953097
vmr_Visa_mlimitecompra_delta1	0.000212210134271056	0.00258318323802396	0.000314290629507589
matm_lag1	0.000206279577579077	0.000213195035692884	0.000367223788161499
cextraccion_autoservicio_delta1	0.000205508865562197	0.000873097510639394	0.000379354303686353
vmr_msaldodolares_tend6	0.000203878418345329	0.00145788710380356	0.00055138706931156
Master_mconsumototal_avg6	0.000202973007366448	0.00047402053891682	0.000324215596755197
cseguro_vivienda_avg6	0.000202507817820183	0.000526453015648195	0.000347373853666283
Master_msaldopesos_lag1	0.000201961421710634	0.000582439057642111	0.000384868174379469
ctarjeta_master	0.000201409216513	1.52851303737933e-05	3.6391546574563e-05
minversion2	0.000201358169354168	0.00194432523648196	0.000177546636318322
vmr_mpagado	0.000200770968719912	0.000458006198134877	0.000306571210537227
mplazo_fijo_dolares_tend6	0.000195321691876508	0.00038250528647998	0.000272385212239911
matm_other_delta1	0.000195175550066564	0.000427815515881837	0.000298851791566866
ccallcenter_transacciones_lag1	0.000194424714692661	0.000801509395650377	0.0003815598519636
Master_mpagominimo_lag1	0.000194173111646281	0.000179693837052024	0.00034296275711179
Master_mconsumototal	0.000194099573909772	0.000209864841945702	0.000219452053586001
Master_cconsumos_lag1	0.000193609246717469	0.000422675387777197	0.00046647346063758
cseguro_vida_avg6	0.000191335288313656	0.000570940878131857	0.000303262888121358
mplazo_fijo_dolares_avg6	0.00019126880498326	0.000606407069997632	0.000334140564002805
vm_mpagado_lag1	0.000189658972704797	0.000195620187826702	0.000410231979567801
cextraccion_autoservicio	0.000188529310303003	0.000185747734525317	0.000317598951923459
vm_status06_avg6	0.000187173761040848	6.62928642329341e-05	0.000114688510416805
vm_mconsumototal_delta1	0.000186536034543652	0.000190801945602205	0.000353990498498022
Visa_fultimo_cierre_delta1	0.00018629891441668	6.71182927824075e-05	0.000224965924279117
mpayroll_sobre_edad_lag1	0.000185265397432637	0.000646957291953267	0.00147330624920049
Master_status_tend6	0.000185228486763374	0.000209738135059562	7.93997379808647e-05
mprestamos_prendarios	0.000184844433786308	0.00375333220669002	0.000301057339844112
mtarjeta_master_descuentos_avg6	0.000182970417372891	0.00183575816485568	0.000195191022536292
vmr_mpagado_delta1	0.000182562052668318	0.000356318356855385	0.000368326562300122
cforex_avg6	0.000178847298461559	0.000442154761650544	0.000272385212239911
Visa_mpagosdolares_tend6	0.000177307224974026	0.000819969788471865	0.000324215596755197
ccajas_extracciones	0.000177273434008501	0.00283038888315366	0.000253638051883318
vmr_mconsumototal_delta1	0.000175679446463445	0.000270299753107164	0.000356196046775268
mprestamos_prendarios_lag1	0.000175403774713046	0.00122333301209231	0.000125716251803036
mcheques_emitidos_avg6	0.000174766944044092	0.000811351615342887	0.000133435670773398
mtarjeta_master_consumo_lag1	0.000174436024766592	0.000176168783230764	0.00024371308463571
vmr_msaldodolares_avg6	0.000173532799725536	0.000663343078771672	0.000505070555489389
ctransferencias_emitidas_delta1	0.000173530022975992	0.000586423164803187	0.000370532110577368
cinversion1	0.000171886646947939	0.00247686072482871	0.000219452053586001
active_quarter_lag1	0.000170353369048046	0.000351285768549402	0.000229377020833609
vm_Finiciomora_avg6	0.000169453122759493	0.0024418775690811	0.000339654434695921
ctarjeta_master_debitos_automaticos_tend6	0.000169012384979916	0.000796120446220377	0.000213938182892885
matm_other_lag1	0.000168402695447269	0.000556794770269633	0.000265768567408172
vm_mconsumosdolares	0.000164029169192639	0.00028262269143505	0.00022606869841774
ccheques_emitidos_avg6	0.000162604551966558	0.00140048843789455	0.000170929991486584
Visa_msaldodolares_tend6	0.000160636682207423	0.000285506046475537	0.000239301988081217
ctarjeta_master_avg6	0.000160397232947747	1.10177585354737e-05	2.97749017428243e-05
cdescubierto_preacordado_lag1	0.00016001305368863	0.000137722571695282	0.000144463412159629
vm_mpagado_delta1	0.000156336639128525	0.000313001632119724	0.000309879532953097
cplazo_fijo	0.000156174083606737	0.00111515680872591	0.000124613477664413
cextraccion_autoservicio_lag1	0.000155481892498208	0.000148040524239677	0.000295543469150996
ccuenta_debitos_automaticos_lag1	0.00015447283088238	0.000131684141838343	0.000230479794972232
vmr_mconsumosdolares_lag1	0.000152890773098598	0.000275330810597508	0.000255843600160564
ccajas_consultas_delta1	0.000151004615607091	0.000463085316857895	0.000100352446614704
active_quarter	0.000150506776584622	0.00017597487991646	0.000206218763922524
ccajeros_propios_descuentos_avg6	0.000150457798923999	0.000519485348806247	0.000183060507011438
ccajas_depositos_tend6	0.000150421687877597	0.000691989327504686	0.000244815858774333
mttarjeta_master_debitos_automaticos_avg6	0.000147034001324549	0.000395863853479801	0.000219452053586001
vmr_msaldodolares2_tend6	0.000145134476276934	0.000752674271887223	0.000333037789864182
vmr_mconsumosdolares	0.000144616796227769	0.000305231211934959	0.00025804914843781
cforex_sell_tend6	0.000142999328857999	0.00044739292574008	0.000233788117388102
mplazo_fijo_dolares_lag1	0.000142545322495563	0.000715380987772034	0.000164313346654845
Visa_Finiciomora	0.000141661659234366	0.00156344803621829	0.000194088248397669
vm_Finiciomora_lag1	0.000140294827239155	0.000866603790697752	0.000134538444912021
vm_mconsumosdolares_lag1	0.00014003296502551	0.000334317952868163	0.000234890891526725
ctarjeta_visa_debitos_automaticos_delta1	0.000137470143258368	0.000504508103727895	0.000263563019130926
vmr_mpagosdolares_tend6	0.00013695612680823	0.00103593713128741	0.000218349279447378
tcallcenter_delta1	0.000136821084939297	9.36783906110587e-05	8.38108345353571e-05
ctarjeta_master_debitos_automaticos_avg6	0.000136002940400282	0.000552478508006835	0.000220554827724624
vm_mconsumosdolares_delta1	0.000135923235342576	0.000228287474648088	0.000197396570813539
vmr_Master_mlimitecompra_delta1	0.000134392802152508	0.00028570007735781	0.000151080056991367
Master_mconsumototal_lag1	0.000134059619372368	0.000352050474745186	0.000408026431290554
catm_trx	0.000132353347339648	0.000668406761770327	0.000235993665665348
ccajas_extracciones_lag1	0.0001252125776889	0.00187965570655846	0.000250329729467448
vmr_msaldodolares2	0.000125107207881007	0.00060034586925806	0.000168724443209337
mtarjeta_master_consumo_delta1	0.000124948046709928	0.000536863231726847	0.000197396570813539
Master_status_delta1	0.000124588515490318	1.31315916893121e-05	1.8747160356593e-05
ccajas_otras_delta1	0.000124146184537965	0.000762129418466954	9.37358017829652e-05
mtarjeta_visa_descuentos	0.000122807059472408	0.00227888706741665	0.000202910441506654
mcaja_ahorro_adicional_avg6	0.000120822195497943	0.00060073102885129	0.00015549115354586
mcaja_ahorro_adicional_tend6	0.000120222935916389	0.00145021835529083	0.000248124181190202
vm_Finiciomora	0.000116618979626573	0.00111725967103434	0.000154388379407237
Master_cconsumos	0.000116256409519696	0.000148123443420136	0.000232685343249478
vm_Finiciomora_tend6	0.000115623442898426	0.00110479647172351	0.000198499344952162
ccheques_depositados_tend6	0.000113899524559081	0.00209992378023646	0.000291132372596504
vm_status02_avg6	0.000113711555281897	0.00032019933590346	0.000183060507011438
mprestamos_prendarios_tend6	0.000113299083955398	0.00232186806514743	0.000183060507011438
Visa_msaldodolares_delta1	0.000109416695428052	0.000136251585433945	0.000146668960436875
vmr_mpagosdolares_avg6	0.000108670784809182	0.000360777048756617	0.000211732634615639
vm_msaldodolares_tend6	0.000108077604282456	0.000601517294033993	0.000301057339844112
cpayroll_trx_delta1	0.00010750022036497	0.000239302075876306	0.000185266055288684
minversion2_avg6	0.000106539421975163	0.00176989581062928	0.000161005024238976
vm_fultimo_cierre_delta1	0.000105989857834155	5.90537646429538e-05	0.000189677151843177
Master_cconsumos_delta1	0.000104784040915386	0.000106962776836362	0.00018747160356593
mcaja_ahorro_adicional_delta1	0.000104005342879409	0.00188417563108526	0.000199602119090785
catm_trx_lag1	0.000101911208753478	0.0001209361257753	0.000178649410456946
cseguro_vida	9.95372176492446e-05	0.000437307593388863	0.000130127348357528
ccaja_ahorro_tend6	9.82411744204381e-05	0.00165458004258145	0.000191882700120423
vm_mpagosdolares_avg6	9.62979755322888e-05	0.0002317384752628	0.000228274246694986
Visa_mpagosdolares	9.55552380922782e-05	0.000111586701150654	0.000166518894932091
Visa_Finiciomora_avg6	9.51914153526481e-05	0.000801538991419403	0.000168724443209337
cforex_sell_avg6	9.47007847505021e-05	0.000261215861211941	0.000178649410456946
vm_mpagosdolares_delta1	9.4009078638094e-05	0.000802324937682181	0.000132332896634774
Visa_msaldodolares_lag1	9.20904402643674e-05	0.000281927031402994	0.000123510703525789
Master_mpagado_lag1	8.80037642338241e-05	0.000191564132330582	0.000142257863882383
mcaja_ahorro_adicional	8.66198986992238e-05	0.000583260116988614	0.00010255799489195
vm_status01_delta1	8.6227564644581e-05	0.000120026725609616	6.61664483173872e-05
ctarjeta_master_transacciones_lag1	8.59938690964264e-05	0.000405168629314969	0.000135641219050644
mv_status07_lag1	8.57053560504466e-05	0.000169759991665107	0.000121305155248543
Master_fechaalta_delta1	8.36390460858555e-05	2.46932362646096e-05	9.70441241988346e-05
vmr_mconsumosdolares_delta1	8.2373243014883e-05	0.000130086289230905	0.000135641219050644
cseguro_accidentes_personales_tend6	8.16475560568268e-05	0.000348101225531895	9.1530253505719e-05
Master_mconsumosdolares_avg6	8.1122455460894e-05	0.00022093748660024	0.000124613477664413
ccajeros_propios_descuentos_tend6	8.09034666521366e-05	0.000395423138035663	0.000144463412159629
Visa_Finiciomora_tend6	7.92104958636115e-05	0.000857630851044381	0.000158799475961729
vm_status02_tend6	7.90287253946166e-05	0.000323863279351988	0.000172032765625207
Master_mconsumototal_delta1	7.80771766098099e-05	0.000234857161315827	0.000143360638021006
cplazo_fijo_delta1	7.65488802447898e-05	0.000215122874746555	7.71941897036184e-05
vm_status05_avg6	7.63036685100042e-05	0.000101618858899749	0.000216143731170132
cseguro_accidentes_personales_lag1	7.47006926795318e-05	8.62454195987676e-05	9.81468983374577e-05
Visa_mpagosdolares_delta1	7.382358259135e-05	0.000287012432848531	0.000164313346654845
cseguro_accidentes_personales	7.35799910604444e-05	0.000150542801861972	9.59413500602115e-05
vmr_msaldodolares2_lag1	7.18041423445735e-05	0.000575227193813712	0.000134538444912021
mttarjeta_master_debitos_automaticos_lag1	7.04985454488386e-05	0.000241120334043802	0.000119099606971297
mtarjeta_visa_descuentos_tend6	6.77795542058498e-05	0.000453848247722771	9.70441241988346e-05
vm_status04_avg6	6.54346096117736e-05	0.000105406033007236	0.000185266055288684
vm_msaldodolares_lag1	6.34104925587583e-05	0.00036497103712023	9.92496724760808e-05
Master_Finiciomora_avg6	6.33525357392929e-05	0.00102616615830611	0.000104763543169196
cseguro_auto_avg6	6.31219692303863e-05	0.000758269243588671	0.000103660769030573
vm_mpagosdolares_tend6	6.2635557225475e-05	0.0002370315254714	0.000110277413862312
vm_Fvencimiento_delta1	6.23541575521098e-05	0.000108554697533198	9.1530253505719e-05
ctarjeta_visa	6.20864727155182e-05	5.97155872709838e-05	4.30081914063017e-05
Visa_Fvencimiento_delta1	6.09511134520767e-05	2.5989964679013e-05	8.38108345353571e-05
Master_delinquency_avg6	6.07509733979438e-05	0.00128838412970588	0.00013784676732789
vm_status02	6.02918168218793e-05	2.95185585114385e-05	6.94747707332566e-05
catm_trx_other_lag1	5.98176213771802e-05	5.50044064652554e-05	9.48385759215883e-05
tcuentas_tend6	5.86538551908572e-05	0.00274839284830945	0.000256946374299187
Master_mpagado	5.85561461981326e-05	0.000143527679735207	8.71191569512265e-05
cinversion2	5.84586401838454e-05	0.000640365248998797	5.84470293470254e-05
Master_mconsumosdolares_tend6	5.82639161210174e-05	9.23689053996617e-05	0.000109174639723689
Master_mpagosdolares_avg6	5.74629323412078e-05	7.78142611137167e-05	9.92496724760808e-05
mtarjeta_master_descuentos_tend6	5.58281515500251e-05	0.000381250687387648	6.06525776242716e-05
Master_mpagado_delta1	5.44221979194622e-05	0.000267354623277235	0.000123510703525789
vm_status03_avg6	5.41243067566279e-05	3.33585457584788e-05	8.82219310898496e-05
cseguro_vida_tend6	5.35767008974335e-05	0.00211539732850185	0.000207321538061147
ctarjeta_master_descuentos_avg6	5.27843567598428e-05	0.00019940969004964	7.38858672877491e-05
ccajas_transacciones	5.20394098190966e-05	3.2689228512215e-05	4.19054172676786e-05
vm_msaldodolares	5.18314642975294e-05	0.000392909793891977	9.1530253505719e-05
mttarjeta_master_debitos_automaticos	5.17620996331436e-05	6.13087836475193e-05	8.49136086739803e-05
mforex_sell_delta1	5.08708387662649e-05	0.000350192000775167	7.82969638422415e-05
mcheques_depositados_tend6	5.01811130078625e-05	0.00043219103346667	0.000110277413862312
Master_msaldodolares_tend6	4.99864103438049e-05	0.000124554846378485	6.50636741787641e-05
mforex_buy_avg6	4.97068357530304e-05	0.000961181663064832	8.2708060396734e-05
ccaja_seguridad_tend6	4.94943518443286e-05	0.000921309496761401	7.05775448718797e-05
ctarjeta_visa_descuentos_tend6	4.89630780747234e-05	0.000144677130928319	9.48385759215883e-05
mprestamos_prendarios_delta1	4.89502751868096e-05	0.0012289091356262	0.000116894058694051
catm_trx_other	4.88626823468123e-05	6.8140112221598e-05	9.37358017829652e-05
cseguro_vida_lag1	4.84786270624088e-05	0.000139222962373689	6.83719965946335e-05
cprestamos_prendarios_tend6	4.84710109296963e-05	0.00304948183258459	0.000217246505308755
minversion1_pesos_avg6	4.6323658840869e-05	0.000706976331532737	6.50636741787641e-05
cliente_edad_delta1	4.62199782564864e-05	0.000178767310886375	9.26330276443421e-05
tcallcenter_lag1	4.57392214103851e-05	7.54488958151561e-05	0.000121305155248543
Master_delinquency_tend6	4.50056294497376e-05	0.000437650400416075	9.1530253505719e-05
ctarjeta_master_transacciones_delta1	4.47104382306573e-05	0.000271177835336229	9.1530253505719e-05
vmr_msaldodolares	4.39805458271376e-05	0.00030590601460393	7.82969638422415e-05
Visa_fechaalta_delta1	4.3543388099028e-05	1.15671299980047e-05	5.62414810697791e-05
Master_msaldodolares_avg6	4.29206430808765e-05	0.000380148181207473	7.82969638422415e-05
mcaja_ahorro_adicional_lag1	4.2846202339675e-05	0.000298488511207993	6.83719965946335e-05
Master_Fvencimiento_delta1	4.18158089144562e-05	0.000463635166700313	0.000100352446614704
vmr_msaldodolares_lag1	4.1740397431898e-05	0.000206334398377712	6.28581259015179e-05
vm_mpagosdolares_lag1	4.13541049832141e-05	0.000243635719275007	8.05025121194878e-05
vmr_msaldodolares2_delta1	4.03224610912933e-05	0.000172115055850095	0.000106969091446443
mcajeros_propios_descuentos_avg6	4.02546830721847e-05	0.000149472889298115	9.37358017829652e-05
cseguro_vivienda_lag1	3.96938306985015e-05	8.54969464271583e-05	6.3960900040141e-05
catm_trx_other_delta1	3.96335238298618e-05	7.66439206655277e-05	8.49136086739803e-05
mtarjeta_visa_descuentos_delta1	3.94995955709083e-05	0.000201348914544628	6.72692224560103e-05
cseguro_vivienda	3.8322606995519e-05	5.63019959634559e-05	5.07276103766635e-05
minversion1_pesos	3.80421136139319e-05	0.000439045611303269	3.96998689904323e-05
Visa_status_lag1	3.72637857404749e-05	0.000177149174971717	2.20554827724624e-05
Master_mpagosdolares_tend6	3.71217244388975e-05	4.46067239396501e-05	9.70441241988346e-05
minversion2_lag1	3.63095567877578e-05	0.000363973200459388	5.73442552084023e-05
vm_status03_tend6	3.62461323773293e-05	0.000230726350989324	6.50636741787641e-05
mcheques_depositados	3.60094436071026e-05	0.000232666149540177	5.73442552084023e-05
minversion2_tend6	3.47820237313615e-05	0.0015943436590732	0.000138949541466513
vm_Finiciomora_delta1	3.46254631376519e-05	0.000573529423593821	5.29331586539098e-05
vmr_mpagosdolares_delta1	3.44180806705187e-05	0.000229549249438729	4.85220620994173e-05
Master_Finiciomora_tend6	3.38853319670584e-05	0.000568127685474835	5.5138706931156e-05
cprestamos_personales_delta1	3.29767911115003e-05	0.000557042284023302	9.81468983374577e-05
cinversion1_avg6	3.2321961067366e-05	0.000339311601051323	4.74192879607942e-05
cmobile_app_trx_delta1	3.20505315623848e-05	0.000106982932575612	5.84470293470254e-05
mprestamos_prendarios_avg6	3.14045725883132e-05	0.000647843092044513	6.61664483173872e-05
cinversion1_tend6	3.10488251436134e-05	0.00044648961694496	3.52887724359399e-05
ctarjeta_master_debitos_automaticos	3.04602440928319e-05	7.80047200928317e-05	3.96998689904323e-05
vm_mpagosdolares	2.81411774464723e-05	9.11638026796651e-05	4.63165138221711e-05
cpagodeservicios_avg6	2.78480036323865e-05	0.000277846546640631	3.19804500200705e-05
ctarjeta_master_debitos_automaticos_lag1	2.73137741698642e-05	6.85997077252863e-05	4.19054172676786e-05
vmr_mpagosdolares	2.71763131486626e-05	0.000284433167956379	5.5138706931156e-05
Master_msaldodolares_lag1	2.65788958262705e-05	1.84477954844563e-05	2.64665793269549e-05
cinversion2_avg6	2.56193496591372e-05	0.00056204014194947	5.5138706931156e-05
ctarjeta_master_descuentos_delta1	2.54045217144721e-05	0.000405606602047753	3.52887724359399e-05
mcajeros_propios_descuentos_tend6	2.47106212150775e-05	0.000359211470845572	8.82219310898496e-05
vmr_msaldodolares_delta1	2.424325475897e-05	0.000181071284099404	6.83719965946335e-05
vmr_mpagosdolares_lag1	2.39892112536637e-05	8.2599622693963e-05	4.41109655449248e-05
ccajas_transacciones_lag1	2.37767950489625e-05	9.64360593091662e-05	4.74192879607942e-05
mforex_sell	2.33429133493063e-05	0.000149224897164559	2.97749017428243e-05
Master_mconsumosdolares_lag1	2.2239191907832e-05	1.66550509109477e-05	5.5138706931156e-05
Master_mpagosdolares_delta1	2.21076953754067e-05	2.48964520407183e-05	3.08776758814474e-05
vm_msaldodolares_delta1	2.21054441401359e-05	0.000120874191525896	4.96248362380404e-05
ctarjeta_master_descuentos_tend6	2.16848597743172e-05	0.000144488872496685	4.08026431290554e-05
active_quarter_delta1	2.13516850933595e-05	0.000218170345980365	4.30081914063017e-05
tcuentas	2.1203493886809e-05	0.000234134488766138	3.74943207131861e-05
ctarjeta_visa_avg6	2.11204089706545e-05	0.000107158880698147	5.29331586539098e-05
cforex_buy_avg6	2.02115059889154e-05	0.000333859951964099	2.64665793269549e-05
ccajas_consultas_lag1	2.01962501080143e-05	0.000143394977154481	3.30832241586936e-05
ccajas_depositos	1.96551652255938e-05	0.000204741489029109	3.52887724359399e-05
ctarjeta_debito_delta1	1.83532036700806e-05	0.000979017259861564	8.16052862581109e-05
mcheques_depositados_lag1	1.75464487234422e-05	0.000689269578385642	6.83719965946335e-05
Master_mconsumosdolares	1.72831897327348e-05	1.79715842526838e-05	4.63165138221711e-05
minversion2_delta1	1.7276639558785e-05	0.000241263911793965	3.52887724359399e-05
ccajas_depositos_delta1	1.67758335252702e-05	0.000435208621903523	5.40359327925329e-05
Visa_delinquency_delta1	1.67107130344816e-05	0.000104220288726677	4.19054172676786e-05
ccheques_emitidos	1.64814315718424e-05	0.000140739809320217	1.43360638021006e-05
cprestamos_prendarios_avg6	1.64481150711653e-05	0.000389399601739215	4.41109655449248e-05
Master_msaldodolares	1.58867841771613e-05	6.57969756417989e-05	2.86721276042011e-05
ccajas_transacciones_delta1	1.50370931914126e-05	4.14605150971089e-05	3.85970948518092e-05
mtarjeta_visa_descuentos_lag1	1.47873431837301e-05	5.18595370863986e-05	2.31582569110855e-05
vm_fechaalta_delta1	1.41436402690406e-05	1.40249501827767e-05	4.41109655449248e-05
vm_status03	1.38953582926602e-05	9.81086986389797e-06	2.64665793269549e-05
cplazo_fijo_lag1	1.32595991606869e-05	6.13216361204904e-05	1.76443862179699e-05
Master_Finiciomora_lag1	1.31631299583331e-05	0.000184523018229943	1.98499344952162e-05
mforex_sell_lag1	1.19649078513799e-05	9.995307634832e-05	3.96998689904323e-05
ctarjeta_visa_tend6	1.18533649978605e-05	6.19981609570556e-05	1.43360638021006e-05
Master_mpagosdolares	1.12053525340095e-05	1.03678316206402e-05	3.85970948518092e-05
mtarjeta_master_descuentos_delta1	1.11806657170897e-05	2.79422011069346e-05	2.42610310497087e-05
Master_mconsumosdolares_delta1	1.10843066161646e-05	1.15972679309022e-05	4.52137396835479e-05
cseguro_vivienda_tend6	1.0692302777867e-05	0.000204932266928149	3.41859982973167e-05
ccajas_otras	1.02977923964159e-05	7.44662397427361e-05	9.92496724760808e-06
ccuenta_debitos_automaticos_delta1	1.01525021226289e-05	4.20413320642293e-05	2.42610310497087e-05
mcheques_emitidos	1.00958151239978e-05	0.000136519286818857	1.32332896634774e-05
ctarjeta_master_tend6	9.38904397772082e-06	2.24296064220733e-05	8.82219310898496e-06
vm_status05_lag1	8.47776334339645e-06	7.86593670225528e-06	9.92496724760808e-06
Visa_madelantopesos_tend6	8.19708887581074e-06	1.40259069425512e-05	2.09527086338393e-05
cpagodeservicios_tend6	7.72534472329452e-06	2.42227018074992e-05	5.5138706931156e-06
cinversion2_lag1	7.50595419422791e-06	6.10982327131393e-05	8.82219310898496e-06
tcuentas_lag1	7.27681898696096e-06	5.81479044884355e-05	1.54388379407237e-05
Master_cadelantosefectivo	7.16198955613973e-06	3.00001594899409e-06	5.5138706931156e-06
vm_status03_delta1	7.05954378811949e-06	0.000227402089152745	2.97749017428243e-05
Visa_status_delta1	6.95498376522654e-06	0.000154328827857729	2.97749017428243e-05
Visa_madelantopesos_avg6	6.85766224303033e-06	3.58912802335959e-05	1.54388379407237e-05
vm_status02_delta1	6.74545960687928e-06	8.37987616113651e-06	1.76443862179699e-05
mpagodeservicios_avg6	6.65046023914488e-06	7.25703245735415e-05	9.92496724760808e-06
Master_mpagosdolares_lag1	6.60337974668913e-06	6.13289393867693e-06	3.52887724359399e-05
mcheques_depositados_delta1	6.38003313324724e-06	5.08100672897244e-05	1.21305155248543e-05
Master_msaldodolares_delta1	6.08882734749882e-06	3.7133441448859e-06	9.92496724760808e-06
mcheques_emitidos_tend6	6.05156082125951e-06	3.41518909635132e-05	1.10277413862312e-05
ctarjeta_visa_descuentos_delta1	5.78648774385913e-06	1.23108193707414e-05	1.10277413862312e-05
mtarjeta_master_descuentos	5.60230583952709e-06	5.74952667542409e-05	8.82219310898496e-06
Visa_madelantopesos_delta1	5.58282274145574e-06	1.26826481111135e-05	2.09527086338393e-05
cforex_buy_tend6	5.56328823177236e-06	0.000272069057066197	2.20554827724624e-05
Master_cadelantosefectivo_tend6	5.39631633896734e-06	1.77880777279303e-06	9.92496724760808e-06
mforex_buy_tend6	5.23315360357459e-06	0.000182671656174249	1.54388379407237e-05
ccajas_extracciones_delta1	5.23145290541412e-06	1.15438807354838e-05	7.71941897036184e-06
ctarjeta_master_descuentos	5.12533053176699e-06	5.6286783483041e-05	5.5138706931156e-06
Master_madelantodolares_tend6	4.97208870592066e-06	2.96997369207407e-06	2.20554827724624e-06
cseguro_auto_lag1	4.95710887891991e-06	6.59880405687711e-05	1.10277413862312e-05
Master_madelantopesos_tend6	4.29660861275349e-06	3.13562070103647e-06	1.43360638021006e-05
Visa_delinquency_lag1	4.23323617194291e-06	4.22495229911654e-05	1.10277413862312e-05
Visa_delinquency	4.16193703368381e-06	2.8781662133101e-05	1.76443862179699e-05
mprestamos_hipotecarios_tend6	3.98193867618962e-06	0.000163064618654988	1.54388379407237e-05
tcuentas_delta1	3.91397106259886e-06	0.00015734960549383	1.54388379407237e-05
Visa_Finiciomora_delta1	3.57246588652079e-06	6.4016924081299e-05	9.92496724760808e-06
vm_status04_lag1	3.46164560634817e-06	9.00043055089208e-06	1.76443862179699e-05
ctarjeta_visa_lag1	3.410843286585e-06	2.55346427023176e-06	3.30832241586936e-06
ccajeros_propios_descuentos_delta1	3.21660123229864e-06	2.81984851585368e-05	7.71941897036184e-06
cforex_sell_delta1	3.1186978922148e-06	2.04556834392626e-05	8.82219310898496e-06
vm_status03_lag1	3.09972849612639e-06	9.11090441285699e-07	2.20554827724624e-06
mpagodeservicios_tend6	3.01261924915714e-06	5.68083451281259e-05	8.82219310898496e-06
ctarjeta_master_debitos_automaticos_delta1	2.97010069116887e-06	1.05939458473525e-05	9.92496724760808e-06
Master_delinquency	2.94523108944025e-06	1.89212002208902e-06	7.71941897036184e-06
Visa_cadelantosefectivo	2.82338195693342e-06	4.35462195135764e-05	1.21305155248543e-05
cprestamos_prendarios	2.77775836896517e-06	0.000105068456266792	9.92496724760808e-06
vmr_madelantopesos_avg6	2.75840592533637e-06	5.66878890725135e-05	1.54388379407237e-05
ccheques_emitidos_tend6	2.64718185434792e-06	9.91416802755396e-06	6.61664483173872e-06
Visa_cadelantosefectivo_avg6	2.61998620643433e-06	5.63900497547045e-05	1.65416120793468e-05
minversion1_pesos_delta1	2.5668532356866e-06	3.36540888528289e-05	9.92496724760808e-06
mtarjeta_master_descuentos_lag1	2.3635311959047e-06	5.85725144763687e-06	6.61664483173872e-06
cseguro_auto	2.34945329810224e-06	3.03502378914388e-05	3.30832241586936e-06
ctarjeta_master_delta1	2.23083708658954e-06	8.47798868681458e-05	9.92496724760808e-06
ctarjeta_visa_descuentos	2.08089926811157e-06	5.11515667452441e-06	2.20554827724624e-06
Visa_cadelantosefectivo_lag1	2.05466494500443e-06	8.20108965127066e-06	3.30832241586936e-06
Master_madelantodolares	2.01404253966222e-06	7.532569704819e-07	3.30832241586936e-06
cprestamos_prendarios_lag1	2.01324378185823e-06	4.41608419927299e-05	5.5138706931156e-06
ccajeros_propios_descuentos	1.93734631900337e-06	1.11770909299242e-05	7.71941897036184e-06
ctarjeta_visa_delta1	1.90120336044283e-06	2.68599782339792e-05	4.41109655449248e-06
mprestamos_hipotecarios_delta1	1.88250646412426e-06	1.56104924811161e-06	3.30832241586936e-06
Visa_madelantopesos	1.84532232065573e-06	1.15430196516868e-05	2.09527086338393e-05
Master_Finiciomora	1.73631828937828e-06	3.84212082133744e-05	4.41109655449248e-06
Master_cadelantosefectivo_avg6	1.72632549436239e-06	1.1509501167586e-06	4.41109655449248e-06
cinversion1_lag1	1.59158655341811e-06	5.29394318439026e-05	5.5138706931156e-06
Master_madelantopesos_avg6	1.56608975781188e-06	1.56723629465352e-06	9.92496724760808e-06
ccajas_depositos_lag1	1.55095234501458e-06	1.20208254830835e-05	7.71941897036184e-06
Visa_madelantodolares_lag1	1.54534899700449e-06	4.93815611623767e-07	3.30832241586936e-06
vm_status02_lag1	1.53965114558248e-06	8.38373190302784e-05	8.82219310898496e-06
Visa_cadelantosefectivo_tend6	1.5304548208588e-06	7.02121349732898e-06	7.71941897036184e-06
mcajeros_propios_descuentos_delta1	1.43313613323399e-06	3.59802588926265e-05	1.8747160356593e-05
mcheques_emitidos_rechazados_avg6	1.38146064835174e-06	3.9315491574621e-06	2.20554827724624e-06
Master_delinquency_delta1	1.35499685616086e-06	2.62113907828301e-06	5.5138706931156e-06
ccajeros_propios_descuentos_lag1	1.19126950286648e-06	9.60752651981936e-06	2.20554827724624e-06
cforex_delta1	1.15266791721229e-06	7.9539267095189e-06	2.20554827724624e-06
mcajeros_propios_descuentos_lag1	1.14644982700677e-06	4.22231164213886e-05	1.54388379407237e-05
minversion1_pesos_lag1	1.11518141349566e-06	2.15778031948156e-06	2.20554827724624e-06
Master_cadelantosefectivo_lag1	1.10817431597605e-06	5.42610360124436e-07	3.30832241586936e-06
ccheques_emitidos_delta1	1.10593994458459e-06	4.96909134894724e-07	1.10277413862312e-06
Master_madelantodolares_avg6	1.05196885952776e-06	1.22911739033712e-07	1.10277413862312e-06
mcheques_emitidos_delta1	9.31597676470862e-07	5.86445903793828e-06	3.30832241586936e-06
ccajas_otras_lag1	8.49208488056805e-07	5.72005209597029e-06	2.20554827724624e-06
ccheques_depositados	7.98553127822818e-07	9.82518936852332e-06	2.20554827724624e-06
vm_cadelantosefectivo_avg6	7.91182196036919e-07	2.10790124323643e-05	4.41109655449248e-06
minversion1_pesos_tend6	7.67907495560351e-07	1.91890929577567e-06	1.10277413862312e-06
Master_delinquency_lag1	7.59745221696372e-07	6.26212029222249e-06	2.20554827724624e-06
cforex_lag1	6.22598981019561e-07	8.27278285037491e-07	1.10277413862312e-06
ctarjeta_master_descuentos_lag1	6.09574814661607e-07	4.85459909592933e-07	1.10277413862312e-06
ccheques_depositados_delta1	5.83566682724878e-07	9.58163022192227e-07	1.10277413862312e-06
ctarjeta_visa_descuentos_lag1	5.70981973376442e-07	9.20626147038444e-07	1.10277413862312e-06
mcheques_emitidos_lag1	5.61844569743695e-07	1.0897812751741e-06	3.30832241586936e-06
vm_cadelantosefectivo_tend6	5.51543684090863e-07	1.24557365845891e-05	2.20554827724624e-06
mprestamos_hipotecarios_lag1	5.00797708875502e-07	5.21593537077416e-07	1.10277413862312e-06
mcheques_emitidos_rechazados_tend6	4.70471957290981e-07	5.07879980309254e-07	1.10277413862312e-06
cforex_sell_lag1	4.15198124478246e-07	4.16343583481397e-06	1.10277413862312e-06
vmr_madelantopesos_lag1	3.75529469302011e-07	6.38206607595518e-06	1.10277413862312e-06
Visa_cadelantosefectivo_delta1	3.37890854092382e-07	5.20250884193835e-06	4.41109655449248e-06
mforex_buy_delta1	2.51127691766069e-07	6.96840035777532e-07	1.10277413862312e-06
cinversion2_tend6	2.38158579955472e-07	2.82435485439168e-06	1.10277413862312e-06
mcajeros_propios_descuentos	1.55681299310502e-07	8.58219896145562e-06	3.30832241586936e-06
cforex	1.36836742479684e-07	1.16868206457976e-06	2.20554827724624e-06
Master_madelantopesos_lag1	1.33041712455449e-07	1.60126505063405e-06	7.71941897036184e-06
vm_madelantopesos_tend6	1.21642159605353e-07	2.95798230290005e-07	1.10277413862312e-06
Visa_madelantodolares	7.99101181020803e-08	1.46192893547103e-06	6.61664483173872e-06
vmr_madelantopesos_delta1	4.35426963019114e-08	3.45138331862152e-06	1.10277413862312e-06
cseguro_vida_delta1	2.49994922884776e-08	3.84346347422102e-06	1.10277413862312e-06
vm_madelantopesos_avg6	2.2622699918837e-08	4.03956733600573e-06	1.10277413862312e-06
Master_madelantopesos_delta1	2.0569356141765e-08	3.35950248827484e-07	2.20554827724624e-06
Master_madelantopesos	1.09015385469741e-08	1.38283679411047e-07	1.10277413862312e-06
vm_status06_lag1	8.81138346823415e-10	4.0504743974353e-06	7.71941897036184e-06
Master_cadelantosefectivo_delta1	1.00962439172493e-10	1.35509076064931e-07	1.10277413862312e-06
Visa_madelantodolares_delta1	5.72846302702688e-11	3.50693916952882e-06	3.30832241586936e-06
Visa_madelantopesos_lag1	2.69628790253588e-11	8.80601696470902e-07	2.20554827724624e-06
Visa_madelantodolares_tend6	1.39815098951124e-12	1.54484811592969e-07	1.10277413862312e-06
