Feature	Gain	Cover	Frequency
ctrx_quarter_normalizado	0.0980229369317247	0.00673199502580972	0.00540251246328441
ctrx_quarter	0.0817468949209347	0.00673849627987095	0.00701230946872485
mcuentas_saldo	0.0215975963728191	0.00976577702429537	0.00827654795467284
mpayroll_sobre_edad	0.020606693187185	0.00917374172165815	0.00405399141160655
ctrx_quarter_normalizado_lag1	0.019898851657986	0.0026079806148609	0.0028951061328209
mprestamos_personales	0.0160978534648783	0.00932985264558035	0.0029541039288318
mpasivos_margen	0.0155633827788285	0.00542487547233279	0.0082386208000944
cpayroll_trx	0.0149902017171675	0.00514856666383616	0.00290353438939388
mcaja_ahorro	0.0143150591769181	0.00349217208032582	0.00785934925431
mcomisiones_mantenimiento_tend6	0.0108907000677102	0.0052092337934775	0.00555000695331167
ctrx_quarter_lag1	0.0105718490721371	0.00227312604139633	0.00340080152720009
mtarjeta_visa_consumo	0.0102859197668156	0.00322392462715406	0.00479567799002937
mprestamos_personales_lag1	0.00928552421942849	0.00292624843209729	0.00123895371622903
mpayroll	0.00882618177296893	0.00418048638392245	0.00333758960290269
ccomisiones_mantenimiento_tend6	0.00839450969838199	0.00509480793502625	0.00272232687307467
mcomisiones_avg6	0.00806771663499205	0.00361026470899542	0.00480410624660236
mcomisiones_otras_avg6	0.00687007738759433	0.00409571356547281	0.0048420334011808
mcuenta_corriente	0.00658815862295505	0.00157802740274715	0.00315216795829699
mcuenta_corriente_avg6	0.00573576671248212	0.00433368755554518	0.00593349262738256
vm_status01	0.00560796893552245	0.00168458879082256	0.000556264933817115
mcaja_ahorro_lag1	0.00538433594699563	0.00174903356799566	0.00475353670716444
mrentabilidad_annual_avg6	0.00518526383126632	0.00390509426798041	0.00599670455167996
numero_de_cliente	0.00480398451913337	0.00379175937823481	0.00713873331731965
mcuentas_saldo_tend6	0.00477939719375568	0.00260685837065139	0.00474932257887795
mrentabilidad_annual_tend6	0.00438407237829681	0.00410744084318611	0.0064771151763402
vm_msaldopesos	0.00433834948575592	0.00149967943946224	0.00263383017905831
chomebanking_transacciones_avg6	0.00410012585958712	0.00235064539223543	0.00513280825294884
mrentabilidad_annual_lag1	0.00402370322020959	0.00255283351744864	0.00463554111514263
cliente_edad_avg6	0.00398242874659121	0.00507448507493258	0.00695752580100043
mactivos_margen	0.00395753211809512	0.00242955000296716	0.00390649692157929
mcomisiones_mantenimiento	0.00382311121278842	0.00385568952264399	0.00262118779419883
cpayroll_trx_avg6	0.00379069093916816	0.00489603637600046	0.00281925182366402
cdescubierto_preacordado_avg6	0.00378655397244943	0.00141699802902867	0.000809112631006713
mactivos_margen_avg6	0.00376950674823547	0.0041739142889609	0.00447961836854237
mrentabilidad_annual	0.00374659002390781	0.00473680336548447	0.00439533580281251
ctransferencias_recibidas_avg6	0.00373929706817863	0.00369267387182003	0.00541094071985739
cliente_edad_lag1	0.00363715561800794	0.00541070107484859	0.00705445075158978
Visa_fechaalta	0.00357589742438705	0.0020878053983195	0.00444169121396394
mpasivos_margen_avg6	0.0035014575594678	0.00318548467781922	0.00539408420671142
mcaja_ahorro_avg6	0.00349866128966251	0.0048865241010655	0.00594192088395555
mcuenta_corriente_tend6	0.00346232211447972	0.0038452293738539	0.00482096275974833
cliente_edad	0.00342751199667043	0.00396046415625605	0.00622005335086411
Master_Fvencimiento_avg6	0.00331278672970758	0.00225287430481295	0.00426048369764472
mrentabilidad_annual_delta1	0.00328291886806606	0.00356891981173068	0.00517073540752728
mcuentas_saldo_avg6	0.00328005678072539	0.00294991720588471	0.00463554111514263
mactivos_margen_tend6	0.00316639992764449	0.00229804159618878	0.00460182808885068
cproductos_tend6	0.00316488730854341	0.00348201065027898	0.0018205034197651
mrentabilidad_avg6	0.0031212272492901	0.00318209034361647	0.00336708850090814
mcuentas_saldo_delta1	0.00309884965504489	0.004576767931047	0.00405820553989305
Master_Fvencimiento	0.00307629865884385	0.00254433929784586	0.00447119011196939
mactivos_margen_lag1	0.0030676048587645	0.0020001338493594	0.0033923732706271
ctrx_quarter_tend6	0.00304596056019444	0.00280106323509607	0.00475775083545093
cliente_antiguedad	0.00299832474213015	0.00313571150327913	0.0046523976282886
mcuentas_saldo_lag1	0.00296244361278551	0.0021501325789522	0.00413827397733642
ctrx_quarter_normalizado_tend6	0.00289560356262418	0.0022443775417204	0.00473246606573197
Visa_mpagospesos_tend6	0.00289517267728536	0.00348871406467544	0.00449226075340186
vm_Fvencimiento_avg6	0.00286072733899315	0.00368407951408288	0.00386435563871435
mcuenta_corriente_lag1	0.00279431989411798	0.00194815019380056	0.00321537988259439
ccomisiones_otras_avg6	0.00279023280365804	0.00446917322670078	0.00671310636038382
cdescubierto_preacordado	0.00277969493806204	0.00124590943587088	0.000535194292384649
ccomisiones_mantenimiento_avg6	0.00277529800380562	0.0064320629437316	0.00332073308975672
mactivos_margen_delta1	0.00275064295791662	0.00238260085570088	0.00343030042520554
mrentabilidad	0.00274736807641392	0.00215469258509724	0.00353986776065437
cprestamos_personales	0.00273513739898289	0.00153034036083694	0.000788041989574247
chomebanking_transacciones_tend6	0.00273170542337043	0.00250919156630958	0.00445433359882342
azar	0.00272717682071326	0.00196886964989206	0.00485888991432677
ctrx_quarter_delta1	0.00272184523181186	0.00209774290706305	0.00351036886264892
ccajas_consultas_tend6	0.00268644562894547	0.00483371070262095	0.00135694930825084
ctarjeta_visa_transacciones	0.00265182320189409	0.00275829567921871	0.00348929822121645
Master_Fvencimiento_lag1	0.00263652716786226	0.00227762415595691	0.00404556315503357
mcomisiones_mantenimiento_avg6	0.00259516761565564	0.00348922521191634	0.00382221435584942
Visa_Fvencimiento_avg6	0.00258327117349139	0.00193018740960557	0.00386435563871435
mrentabilidad_tend6	0.00257566612650799	0.0022061016003742	0.00391913930643877
mcaja_ahorro_tend6	0.00256787557185458	0.00206751645142279	0.00408349030961201
Master_fechaalta_avg6	0.00256146916135024	0.00153801821442615	0.00368736225068164
mtransferencias_recibidas_avg6	0.00251443443844083	0.00221561971591531	0.00448383249682887
vm_msaldototal	0.00250816881194104	0.00115413090455518	0.00220820322212249
Master_fechaalta_lag1	0.00249792176647789	0.00234880795638328	0.00404134902674707
vm_Fvencimiento_lag1	0.00247648849383032	0.004694513608871	0.00384749912556838
mcomisiones_tend6	0.00246942711359552	0.00147390475034671	0.00343872868177853
chomebanking_transacciones	0.00245732854049885	0.0040761631726433	0.0035862231718058
mpasivos_margen_lag1	0.0024089114380846	0.00226096250808542	0.00455968680598575
Visa_fechaalta_lag1	0.00240277748852235	0.00174663703541024	0.00342187216863256
Master_mfinanciacion_limite_tend6	0.00236486681872331	0.00539953939389799	0.00349351234950294
Visa_fechaalta_avg6	0.00236024264629404	0.00216400034461385	0.00324909290888633
ccomisiones_otras_tend6	0.00232673073633813	0.00212493507360833	0.00396970884587669
Visa_Fvencimiento	0.00229331825439892	0.00153586981339851	0.00365364922438969
ccallcenter_transacciones_avg6	0.00227398671750844	0.00627225990889665	0.0055331504401657
Visa_cconsumos_avg6	0.00224402707362181	0.0012671586914616	0.00298360282683725
Visa_Fvencimiento_lag1	0.00223773258985778	0.0014897052856253	0.00335866024433516
mcomisiones_otras_tend6	0.00222630034662393	0.00154023642011753	0.00363257858295722
mtransferencias_recibidas_tend6	0.0022229009394159	0.00230228281828236	0.00376321655983851
mttarjeta_visa_debitos_automaticos_avg6	0.00222032836574235	0.00171589208466974	0.00253690522846897
vm_status06	0.0022119336520911	0.000539612753787681	0.000231777055757131
mpasivos_margen_tend6	0.00220453554182352	0.00197747615985812	0.00367050573753566
mcuenta_corriente_delta1	0.00220165568632945	0.00351610471762628	0.00313531144515101
mcaja_ahorro_dolares_avg6	0.0021889621856851	0.00445211969299771	0.00335444611604866
mcuenta_debitos_automaticos	0.00216415307672854	0.00183895572859091	0.00154237095285655
Master_fechaalta	0.00214470941020048	0.00159174463149561	0.00370421876382761
cliente_antiguedad_avg6	0.00212777551525133	0.00232880990935386	0.00348508409292996
cmobile_app_trx_avg6	0.00212491995612475	0.00368011364830798	0.00330809070489724
vm_Fvencimiento	0.00212361946376094	0.00147501889307029	0.00294567567225882
mrentabilidad_lag1	0.0021025743264214	0.00140927646509671	0.00307209952085361
vm_status01_avg6	0.00207376120002623	0.000705507635033845	0.000214920542611158
ccallcenter_transacciones_tend6	0.00207332647023342	0.0035472326048825	0.00252004871532299
chomebanking_transacciones_lag1	0.00207310793726688	0.00146709516880309	0.00331651896147023
thomebanking_avg6	0.00205792553620041	0.000921119357231813	0.00231777055757131
mautoservicio	0.00205088145424125	0.0039123676124925	0.00438690754623952
ctarjeta_debito_avg6	0.00200968458030635	0.00217442262366733	0.00325752116545932
mautoservicio_avg6	0.00200754280159088	0.00463092900225755	0.00399077948730915
Visa_mlimitecompra_tend6	0.00200533638902865	0.00170742848114755	0.0030173158531292
mprestamos_personales_tend6	0.00200460069113395	0.00356613158172033	0.00140751884768876
mrentabilidad_delta1	0.00198442814166924	0.0023624228803209	0.00385171325385487
vmr_mpagominimo_avg6	0.00197378423208546	0.00150671859450864	0.00229669991613885
cliente_antiguedad_lag1	0.00197075860651133	0.0019436574488295	0.00320273749773491
ctransferencias_recibidas_tend6	0.00195278296784489	0.00166164557104351	0.003143739701724
cproductos_avg6	0.00192807049950947	0.00419016370308263	0.00439112167452602
Visa_mfinanciacion_limite_tend6	0.00188838658769407	0.00151278152049911	0.00263383017905831
vmr_msaldopesos2	0.00186071146492779	0.00143007279110132	0.00268439971849623
ctrx_quarter_normalizado_delta1	0.00183862969543907	0.00166185818794781	0.00273075512964766
Visa_cconsumos_tend6	0.00182188696245252	0.00234571102207724	0.003143739701724
vm_fechaalta_avg6	0.00181249189801622	0.0014099638667585	0.0027644681559396
Visa_mpagado_avg6	0.00179783903754739	0.00315260470292322	0.00281925182366402
cproductos	0.00179368489730627	0.00359728094733462	0.0032701635503188
mtransferencias_recibidas	0.00177545373978128	0.00228234025701131	0.0028951061328209
vm_fechaalta	0.00175145710431973	0.00140026403300366	0.00294146154397232
cproductos_delta1	0.00175063401168199	0.00165499641776219	0.000568907318676595
mpasivos_margen_delta1	0.00174400200790947	0.0021385237148183	0.00334180373118919
mcomisiones_lag1	0.00173999066444919	0.0014740825120208	0.0030173158531292
Visa_msaldopesos	0.00173918325653956	0.00215233514689166	0.00239783899501469
vmr_mpagado_avg6	0.00171149751433339	0.00448852720559787	0.0027012562316422
Visa_mpagominimo_tend6	0.00170587358686676	0.00170814612207663	0.00268861384678272
vmr_msaldopesos2_tend6	0.001695642358033	0.00219371414576001	0.00268439971849623
ccomisiones_mantenimiento_delta1	0.00169165806486859	0.00154109885155698	0.000598406216682048
Visa_mconsumospesos_tend6	0.00169135976194608	0.00231724362512281	0.00294988980054531
mcomisiones_otras	0.00166039012491811	0.00169446751669138	0.00263383017905831
ctarjeta_visa_transacciones_tend6	0.00165550999010715	0.00323434040617813	0.00278975292565856
mttarjeta_visa_debitos_automaticos_tend6	0.00165188664420013	0.00286556651253394	0.00230934230099833
vm_mpagominimo	0.00162877702135215	0.00135030810401327	0.00203963809066276
ccomisiones_otras	0.00162110609222218	0.00308768033662306	0.00343030042520554
Visa_mconsumospesos_avg6	0.00161470722397616	0.00145504185338232	0.0026380443073448
Master_mlimitecompra_tend6	0.00160874280412979	0.00183630927458453	0.00259590302447987
mv_status07_avg6	0.00160864718734807	0.000503975824385194	0.00043405521350881
mtransferencias_emitidas_avg6	0.00160533468914229	0.0020568039319253	0.00460182808885068
Visa_mpagominimo_avg6	0.00160285196127772	0.00160449966748355	0.00248212156074455
ctarjeta_debito_transacciones_avg6	0.00159040502188495	0.00250751559495631	0.00361150794152476
mcomisiones_otras_lag1	0.00158840049433358	0.00125837809375113	0.00270968448821519
ccaja_ahorro	0.00157918069232903	0.00392847515640694	0.00128952325566695
mprestamos_personales_avg6	0.00156895020944331	0.00107382690343207	0.000691117038984901
ccaja_seguridad	0.00155099946588305	0.00315066364341368	0.000543622548957635
mcaja_ahorro_delta1	0.00154879534162727	0.00330737322946561	0.00307631364914011
Visa_mpagominimo	0.00154693863170468	0.00103168014746579	0.00265068669220428
vm_cconsumos_avg6	0.00153497155456625	0.00257167860998463	0.00200592506437081
ctransferencias_emitidas_avg6	0.00153137053709616	0.00124966315575811	0.00249476394560403
Visa_mpagospesos_avg6	0.00151562626794683	0.000995445121153526	0.00229248578785235
mcomisiones	0.00150487301959469	0.00156019094521085	0.00251162045875001
ctarjeta_visa_debitos_automaticos_avg6	0.00150082075490415	0.000915524621766086	0.00192585662692744
ctrx_quarter_normalizado_avg6	0.00146452181354354	0.00383024454516561	0.00316481034315647
mcaja_ahorro_dolares	0.00146020600195596	0.00395819969673214	0.00256640412647442
mtransferencias_emitidas_tend6	0.00145844496698352	0.00220402404024689	0.00252847697189598
vm_mpagospesos_tend6	0.0014449564114771	0.00172516772085255	0.00198906855122484
ctrx_quarter_avg6	0.00143946597605242	0.00202287368416	0.00321959401088088
Visa_mpagospesos_delta1	0.00142824317392309	0.001543816240667	0.00254111935675546
cdescubierto_preacordado_tend6	0.00142589921218138	0.00188357786532555	0.000362415032638424
Visa_cconsumos_lag1	0.00142274564169234	0.00101870043654797	0.00222927386355495
vm_mlimitecompra_tend6	0.00141221807887208	0.00094860035117123	0.00215763368268457
vm_fechaalta_lag1	0.00140897301392109	0.000881131458862235	0.00239362486672819
Master_mfinanciacion_limite_delta1	0.00140887789346558	0.0010966803474425	0.00233041294243079
mcaja_ahorro_dolares_tend6	0.00140805985270087	0.00217576944860341	0.00229669991613885
vm_mfinanciacion_limite_tend6	0.00140457039111933	0.000885099679720264	0.00230512817271183
vmr_mpagospesos_tend6	0.0013909612989729	0.00125764462666347	0.00218713258069002
tcallcenter_tend6	0.00137487889371662	0.00178992779655409	0.001255810229375
vmr_msaldototal_lag1	0.00136265093927512	0.000783855598318753	0.00111252986763423
vmr_msaldopesos2_avg6	0.00135968644087366	0.0020413124777557	0.00413827397733642
Master_mfinanciacion_limite_avg6	0.00135554826578888	0.00100882010922263	0.00216606193925755
vmr_mpagominimo	0.00135282016479145	0.000998648693623353	0.00169407957117031
Visa_msaldopesos_tend6	0.00134589972489237	0.000937365756847149	0.00183314580462458
Visa_mfinanciacion_limite_avg6	0.00132090463129683	0.00113630650504446	0.00210285001496016
Visa_mfinanciacion_limite	0.00131464132594398	0.000976302063500884	0.00206070873209522
mcomisiones_mantenimiento_delta1	0.00127551729351214	0.00214361870164544	0.00167300892973784
Visa_msaldototal_tend6	0.00126830133046718	0.000897029777192071	0.00173622085403524
vm_mpagominimo_avg6	0.00126098682994337	0.00127849276449678	0.00198906855122484
cextraccion_autoservicio_avg6	0.00126012749579403	0.00087509811271578	0.00193007075521393
Master_mfinanciacion_limite	0.00124922202721819	0.00118848761077229	0.00222505973526846
ccomisiones_otras_lag1	0.00124078710470995	0.00210955948952836	0.00238519661015521
cliente_edad_tend6	0.00123654974820961	0.000667795971603791	0.00205228047552224
Master_fultimo_cierre_avg6	0.00123188588864072	0.00099725749892125	0.00176993388032719
mcaja_ahorro_dolares_delta1	0.00121798808973655	0.00247237963883563	0.00178257626518666
Visa_mpagominimo_lag1	0.0012150746664044	0.00144101761599802	0.0022629868898469
cpayroll_trx_lag1	0.00121047042362218	0.000651202809549504	0.000636333371260488
Visa_cconsumos	0.0012059350590061	0.000892153153672046	0.001887929472349
cmobile_app_trx_tend6	0.00120167809498235	0.00310439097022349	0.00201856744923029
Visa_mconsumospesos	0.00119640476147745	0.000879814025363529	0.00224613037670093
vmr_msaldopesos	0.00119321443757557	0.000836207871487921	0.00147494490027265
vmr_msaldototal	0.00118944779268887	0.000823258965057335	0.00163086764687291
mcaja_ahorro_dolares_lag1	0.00118702834949197	0.00116438220457397	0.00202699570580328
mcomisiones_delta1	0.00118118967844104	0.00162866828411289	0.00202699570580328
Visa_msaldopesos_delta1	0.00117978899239533	0.00110188884927614	0.00163929590344589
vmr_Visa_mlimitecompra_avg6	0.00117915596493678	0.00111981922752736	0.00161401113372693
chomebanking_transacciones_delta1	0.00117786496265161	0.00204790718151522	0.00230934230099833
vm_status04	0.00116736474638626	0.00158259306109169	0.000573121446963088
mtarjeta_master_consumo	0.00116568537252248	0.00153767013314065	0.000737472450136327
tcallcenter_avg6	0.00116534565629012	0.00155111549109345	0.00259590302447987
thomebanking	0.00116424980201518	0.000948474307122516	0.000737472450136327
mcomisiones_otras_delta1	0.00113034392538359	0.0013721502753309	0.00195535552493289
Visa_mconsumospesos_delta1	0.00112912046494729	0.00117724576279219	0.00230512817271183
Master_mlimitecompra_delta1	0.00112491574985878	0.000849908237841222	0.00187528708748952
Master_mfinanciacion_limite_lag1	0.00111487368653745	0.000915964645496687	0.00184157406119757
vmr_Master_mlimitecompra_avg6	0.00111180961566715	0.00119798274070212	0.00159294049229447
Visa_mfinanciacion_limite_lag1	0.00110254855863761	0.000695286385875698	0.00172357846917576
mtransferencias_recibidas_lag1	0.00109980860628375	0.000921551091069824	0.00227141514641989
Visa_mpagado_tend6	0.00109905315595685	0.00163797839871261	0.00208177937352769
Visa_mconsumosdolares_avg6	0.00109550808807966	0.00149037902780498	0.00236834009700923
mtarjeta_visa_consumo_tend6	0.00108958698650632	0.00169610721976456	0.0017615056237542
Visa_mpagospesos_lag1	0.00107107994031653	0.00118399024983831	0.00200171093608432
mextraccion_autoservicio_avg6	0.00106917405518188	0.00074800642882527	0.00184157406119757
ctransferencias_emitidas_tend6	0.00106780839984899	0.00158066095089802	0.00203542396237626
Visa_mlimitecompra_delta1	0.00106631105320348	0.00106647791365008	0.00198064029465185
vm_mpagado_avg6	0.00106530456181815	0.00123699629408227	0.00184578818948406
cpagomiscuentas_tend6	0.00106202230816114	0.00151480670357778	0.00179100452175965
Visa_mpagominimo_delta1	0.0010612494044641	0.00127495882096653	0.00191742837035445
mcuenta_debitos_automaticos_lag1	0.00104937670704279	0.00118324067398209	0.00120945481822358
mautoservicio_tend6	0.00104807875970341	0.00102341248685939	0.00193428488350042
mtransferencias_emitidas	0.00103143788086851	0.00410653696228371	0.00326173529374581
mcuenta_debitos_automaticos_avg6	0.00103143529685152	0.0030949534927285	0.00165193828830537
Visa_msaldopesos_avg6	0.00102179220440228	0.0013687655498673	0.00145808838712668
vmr_msaldopesos2_lag1	0.00101683941363346	0.00100293560432951	0.00195535552493289
vm_status04_tend6	0.00101678731517721	0.00116370158555157	0.000273918338622064
vmr_msaldototal_tend6	0.00101460082053219	0.00115954646529695	0.00160558287715395
cprestamos_personales_avg6	0.00101331154669736	0.00228750664995872	0.000922894094742032
mpagomiscuentas_avg6	0.00100112150513695	0.00184070282345448	0.00179100452175965
vmr_mpagominimo_tend6	0.000996399445411609	0.00190521523861486	0.0017615056237542
vm_status06_delta1	0.000988637558200279	0.000353898623422752	0.000101139078875839
Visa_fultimo_cierre_avg6	0.00098791619297507	0.000727448908249275	0.00147073077198616
Visa_mconsumospesos_lag1	0.000978333166901945	0.000710635498821375	0.00171515021260277
vmr_Visa_mlimitecompra	0.000977693577796155	0.000892235393174682	0.00155079920942953
vmr_mpagospesos_avg6	0.000975545341386673	0.00083197729437005	0.00159294049229447
cpagomiscuentas_avg6	0.000967555169054622	0.00136306935742065	0.00182893167633809
vmr_mconsumospesos_avg6	0.00096504303687483	0.00065463925263848	0.00164351003173239
vmr_Master_mlimitecompra	0.00095603413248072	0.00161727137746	0.00149601554170512
vm_status01_tend6	0.000954835151231085	0.00164224807021032	0.000425626956935823
vm_mpagominimo_tend6	0.000951120906841892	0.00112621374922148	0.00159715462058096
vm_cconsumos_tend6	0.000949847274883229	0.00109106196694222	0.00165615241659187
Visa_msaldototal_avg6	0.000947540861996223	0.000817780193884558	0.00141594710426175
Visa_mconsumosdolares_tend6	0.000946563618997054	0.00160601982653744	0.00159294049229447
Visa_mpagospesos	0.000945314684297476	0.000879616763601191	0.0022629868898469
vmr_msaldopesos2_delta1	0.00094382188322148	0.00117552608109617	0.00174043498232173
ctarjeta_master	0.000943457098036554	5.5978535957814e-05	7.16401808703861e-05
thomebanking_tend6	0.000940534881235619	0.00157391052904243	0.00146651664369967
mttarjeta_visa_debitos_automaticos_lag1	0.00093728665624273	0.00140952619811102	0.00147915902855915
ctarjeta_debito_transacciones_tend6	0.000933283854804047	0.000915862717499147	0.00174886323889472
ccomisiones_mantenimiento	0.000932673582717347	0.00172088043333309	0.00077961373300126
Master_mlimitecompra_avg6	0.000929688737634699	0.000859509817528186	0.00148337315684564
mprestamos_personales_delta1	0.000928519968909159	0.00261031619789511	0.000884966940163593
vm_fultimo_cierre_avg6	0.000928041332857661	0.000483089345798653	0.00148337315684564
mcuenta_debitos_automaticos_tend6	0.000926766675739121	0.00222304322052729	0.00143280361740772
ccajas_transacciones_tend6	0.000926445750462723	0.000838515852947936	0.0007543289632823
Visa_mfinanciacion_limite_delta1	0.000921322936545817	0.00111366624315829	0.00168565131459732
mttarjeta_visa_debitos_automaticos	0.000914541395726284	0.00150761201884198	0.00152551443971057
vm_mconsumospesos_avg6	0.000914127405805283	0.000970633001611812	0.00145387425884019
cproductos_lag1	0.000912815033850893	0.00400105815881803	0.00269282797506922
Visa_mlimitecompra_avg6	0.000910109915062521	0.000815980250955721	0.00134430692339136
ctarjeta_visa_debitos_automaticos_tend6	0.000908083384165031	0.00131459703659408	0.00140751884768876
matm_other_avg6	0.000906223695052588	0.00357392379814596	0.00155501333771603
vmr_mpagospesos_lag1	0.000886376831818463	0.00072279997416553	0.00142858948912123
ctarjeta_visa_transacciones_avg6	0.00088237974152558	0.000768833936130424	0.00146230251541317
cprestamos_personales_tend6	0.000876249068145761	0.00162837079001286	0.000509909522665689
matm_avg6	0.000875491147625178	0.000636483822644074	0.00146230251541317
ccuenta_debitos_automaticos_tend6	0.000871743839516348	0.00471123940920674	0.00127688087080747
vmr_Visa_mlimitecompra_lag1	0.000859233516896197	0.000783833177927427	0.00134852105167786
ctransferencias_recibidas	0.0008554890851003	0.00224590825154668	0.0014454460022672
Visa_cconsumos_delta1	0.000852852661966754	0.00211646581788665	0.00210706414324665
mpayroll_avg6	0.00085175905991859	0.00236392033637349	0.00307209952085361
mcomisiones_mantenimiento_lag1	0.00084981150688926	0.00246905501509331	0.00137380582139682
cextraccion_autoservicio_tend6	0.000837901704287249	0.0013581695598827	0.00149180141341863
Master_status	0.00082827928384409	8.86312924341632e-05	7.58543091568794e-05
mttarjeta_visa_debitos_automaticos_delta1	0.000827263550579956	0.00111049394619233	0.00136116343653734
mpagomiscuentas_tend6	0.0008230918806798	0.00135600655733971	0.00147073077198616
catm_trx_avg6	0.000822215385578333	0.000765041404473332	0.00139487646282928
ctarjeta_debito_transacciones	0.000814528888834911	0.00124907937775371	0.00274339751450714
Visa_msaldototal	0.000810156156389144	0.000743847634640972	0.00172357846917576
vmr_msaldopesos_avg6	0.000809909904382889	0.000937777613783606	0.00131059389709942
Visa_msaldopesos_lag1	0.000801110889496036	0.000854765643882968	0.0014454460022672
ctarjeta_visa_transacciones_delta1	0.000788786103029997	0.00385107864670351	0.0019469272683599
vmr_mpagominimo_lag1	0.000786849941674655	0.000604271560914951	0.00128109499909396
vmr_msaldopesos_tend6	0.000773639886286386	0.000702810217028699	0.00128109499909396
ccallcenter_transacciones	0.000764421209628313	0.0023829527993227	0.000868110427017619
Master_mlimitecompra	0.000758745330751109	0.000787729710055208	0.00129373738395344
Visa_mconsumototal_tend6	0.000756788078536573	0.00102759812899129	0.00131059389709942
mtarjeta_visa_consumo_avg6	0.000756715863314868	0.000765044984199678	0.00115045702221267
vm_mfinanciacion_limite_avg6	0.000756438729626587	0.000835928276019622	0.00124316784451552
active_quarter_lag1	0.000755474506087956	9.71762876290645e-05	0.000139066233454279
mtransferencias_recibidas_delta1	0.000750809775005963	0.000822388526335272	0.00148758728513213
mplazo_fijo_dolares	0.000750060522703993	0.00338070128597332	0.000640547499546981
mpagomiscuentas	0.000745001923446324	0.00164672979339237	0.00120524068993708
vmr_Master_mlimitecompra_tend6	0.000737769366970145	0.00214710563771656	0.00105353207162332
Master_fultimo_cierre	0.000737493912508606	0.000498787199453105	0.000906037581596059
vmr_Master_mlimitecompra_lag1	0.00073517011734952	0.000830911101138848	0.00109988748277475
vmr_mpagado_tend6	0.000729779714749461	0.00119177304593145	0.00146651664369967
Visa_mconsumototal_avg6	0.000728542730078441	0.000582469237603746	0.00120524068993708
mtarjeta_visa_consumo_lag1	0.000726698488131379	0.000533318181821282	0.00129373738395344
foto_mes	0.000718268403774211	0.00183988711686418	0.000691117038984901
vmr_mconsumospesos_tend6	0.000716347356180022	0.000646560375495177	0.0013190221536724
ctarjeta_visa_transacciones_lag1	0.000708131179681095	0.000830816709407299	0.00136116343653734
vmr_msaldototal_avg6	0.000707902252662636	0.000868815692978293	0.00129795151223994
ccajas_consultas_avg6	0.000707774759638779	0.00128607914665751	0.00074168657842282
mtransferencias_emitidas_lag1	0.000705695037299636	0.00175026706633188	0.00184157406119757
Visa_mlimitecompra_lag1	0.000700897317944053	0.000467093150214248	0.00102824730190436
vm_mfinanciacion_limite	0.000696631370449603	0.000507368086114792	0.0011925983050776
cmobile_app_trx	0.000692815826012389	0.000753615483196382	0.000855468042158139
vmr_msaldopesos_delta1	0.000692040897360585	0.00198005328021737	0.00151708618313759
mautoservicio_lag1	0.000686340129118862	0.000825438453182189	0.00195535552493289
vm_mpagospesos_avg6	0.000682106513974493	0.00147132452127774	0.00132745041024539
mextraccion_autoservicio_tend6	0.000681226259161807	0.00148602956609109	0.00123052545965604
Visa_msaldototal_delta1	0.000676680703292866	0.000469005948726314	0.00121366894651007
vm_mconsumospesos_tend6	0.000675472950083611	0.000535078370947012	0.00115467115049916
vm_mpagospesos_lag1	0.000670964692469052	0.000930093636978277	0.00124738197280202
Master_msaldototal_tend6	0.000670703357134859	0.00271406853702538	0.00101560491704488
catm_trx_other_tend6	0.000669404799988627	0.00327343695268751	0.00118838417679111
ccaja_seguridad_avg6	0.000669097745619099	0.00051795569200347	0.000160136874886745
mtarjeta_master_consumo_avg6	0.000668589716752657	0.000634138536667399	0.000514123650952182
cmobile_app_trx_lag1	0.000662520607495883	0.00051711916647837	0.000838611529012166
mpagomiscuentas_delta1	0.000658351994678107	0.00364669153327718	0.00121366894651007
vm_mpagominimo_lag1	0.000656626579369111	0.000737259525114189	0.00117574179193163
vm_mfinanciacion_limite_delta1	0.000654643847817195	0.000414864094994048	0.00107881684134228
vmr_mconsumospesos_lag1	0.000643600286804317	0.000688717682233844	0.00112517225249371
ctransferencias_recibidas_lag1	0.00064243077970808	0.00175200040751002	0.00115467115049916
vm_fultimo_cierre_lag1	0.000637927591307959	0.000433736789104232	0.000977677762466445
ccajas_otras_avg6	0.000637270022468612	0.00208407852637986	0.000699545295557887
ccajas_transacciones_avg6	0.000630020634049365	0.00233009578473872	0.00176571975204069
mpayroll_delta1	0.00062798557658372	0.00332555626103421	0.0012600243576615
Master_mconsumospesos_tend6	0.000627624208610533	0.00182385653706619	0.00107460271305579
ccuenta_debitos_automaticos_avg6	0.000626783164107051	0.000642129710515221	0.00114624289392618
Master_mpagospesos_tend6	0.000626716751846267	0.000930829364945735	0.000994534275612418
mpayroll_tend6	0.000624604150638788	0.00155526241565881	0.00131480802538591
Visa_mlimitecompra	0.000624078185546562	0.00058447200029109	0.00106196032819631
vm_mlimitecompra_delta1	0.000623442602926043	0.000341675176797211	0.0010029625321854
vm_cconsumos_lag1	0.000622220486240503	0.00149337478774008	0.00101560491704488
vm_msaldopesos_tend6	0.000620778410851593	0.000786595502023428	0.00109145922620176
Master_msaldopesos_tend6	0.000618264306348704	0.00181909860973554	0.000901823453309566
vmr_msaldopesos_lag1	0.000618011185042171	0.00127731418669897	0.00109567335448826
Master_mpagado_avg6	0.000613844496701689	0.00292248764696069	0.00108303096962878
catm_trx_other_avg6	0.000609134374313156	0.00273455860802074	0.00101560491704488
ctarjeta_debito_transacciones_delta1	0.0006072104492636	0.00231999690569962	0.00111252986763423
vm_msaldopesos_avg6	0.0006039321113161	0.000758035785810598	0.00117152766364514
ccaja_ahorro_avg6	0.00060131328161152	0.00180953650124171	0.00101981904533138
vm_mpagospesos_delta1	0.00059856571460011	0.000595589217272347	0.00116309940707215
vm_mpagado_tend6	0.00059737169621415	0.000787133308805275	0.00124316784451552
mtransferencias_emitidas_delta1	0.00059438313643556	0.00178041533321248	0.001255810229375
ccallcenter_transacciones_delta1	0.000586460024379557	0.00218939586534666	0.000691117038984901
Master_mlimitecompra_lag1	0.000577643734677794	0.000546038927798963	0.000965035377606965
vmr_mpagominimo_delta1	0.000576200672758971	0.000601028705658642	0.00111252986763423
vm_msaldototal_tend6	0.000571370615617888	0.000865638591642763	0.000893395196736579
vmr_mconsumospesos	0.000570754750775232	0.0013111885718926	0.00133166453853188
Master_cconsumos_avg6	0.000569862392767047	0.00141373444904089	0.00105774619990982
ccaja_seguridad_lag1	0.000562647346384973	0.000555215462083985	0.000143280361740772
vmr_mpagospesos	0.000562160382901154	0.000474657865610255	0.0011293863807802
mpayroll_sobre_edad_avg6	0.000559404706911704	0.00215412322020156	0.00393178169129825
vm_msaldopesos_delta1	0.000556351899866043	0.00170415274893085	0.000960821249320472
ccajas_consultas	0.000555663936859039	0.00237531441692662	0.000417198700362836
Visa_msaldototal_lag1	0.000553506056075978	0.000475839269507808	0.00105774619990982
vm_mconsumosdolares_avg6	0.000553150159926178	0.00150752412713985	0.00165193828830537
matm_tend6	0.000551517083491233	0.000744038490577216	0.00105774619990982
vm_mfinanciacion_limite_lag1	0.000551273102770788	0.000416770676086671	0.000948178864460992
Visa_status	0.000549356969120267	0.00039808111324009	0.000139066233454279
mpagomiscuentas_lag1	0.000541367908961881	0.000864774841356768	0.00107460271305579
vm_fultimo_cierre_tend6	0.000541297759462875	0.00199864251652293	0.000771185476428274
mv_status07	0.000540284202957197	0.000883731470629436	0.000341344391205957
vm_Fvencimiento_tend6	0.000530843622779177	0.00214959156925731	0.000825969144152686
mcheques_depositados_avg6	0.000525896470856325	0.00283211952782537	0.000573121446963088
catm_trx_tend6	0.000523603203911559	0.000719106073389606	0.000901823453309566
mpayroll_sobre_edad_tend6	0.000520309940466842	0.00138318751368932	0.00107881684134228
vm_mpagominimo_delta1	0.000519039280012739	0.000757009911602452	0.0010029625321854
Master_mpagospesos_avg6	0.000515593846040734	0.0011037838433598	0.000910251709882552
vmr_msaldototal_delta1	0.000514943669680138	0.00265571230914712	0.00196799790979237
vmr_mpagospesos_delta1	0.000509782726155902	0.000467350513697871	0.00102824730190436
ctarjeta_debito	0.000508242971198406	0.000426217950727451	0.00076697134814178
mv_status07_delta1	0.000501377582249321	0.000280831698531659	0.000134852105167786
vm_cconsumos	0.000500350049405689	0.000454827217889178	0.000948178864460992
cplazo_fijo_tend6	0.000495945472271613	0.00148236675241238	0.000442483470081796
ccheques_depositados_avg6	0.000495735653143603	0.00126505155149027	0.000341344391205957
matm_other_tend6	0.000491398499806143	0.000812203168643912	0.000847039785585153
vm_fultimo_cierre	0.000491073076361295	0.000315873168717462	0.000838611529012166
Visa_fultimo_cierre_tend6	0.000487343756803063	0.00339056729439327	0.00083018327243918
Master_fultimo_cierre_tend6	0.000486954732432151	0.00143381172106655	0.000737472450136327
Master_mconsumospesos_avg6	0.00048459889458135	0.000815175377747787	0.00080489850272022
vmr_mconsumototal_avg6	0.000482297217853062	0.000351112748495526	0.000758543091568794
ctarjeta_visa_debitos_automaticos_lag1	0.000479985328228687	0.00110148697789212	0.000729044193563341
Master_mpagominimo_avg6	0.000475336562568162	0.000551946512506679	0.000906037581596059
vm_mconsumospesos	0.000474514277528911	0.000627978958065579	0.00114624289392618
tcallcenter	0.000472176303621931	0.000259057636217924	0.000328702006346477
Master_fultimo_cierre_lag1	0.000469079073554851	0.000339353912668385	0.000855468042158139
Visa_Fvencimiento_tend6	0.000467336500038636	0.00125232543592307	0.000644761627833475
mautoservicio_delta1	0.000467165183441309	0.00192138457991043	0.00105353207162332
Visa_mconsumototal	0.000461655816681916	0.000286535992464244	0.000809112631006713
Visa_mconsumototal_delta1	0.000458385234300902	0.000378199878333542	0.000935536479601512
Visa_fultimo_cierre_lag1	0.000446145304137445	0.000323562986128934	0.000788041989574247
active_quarter_avg6	0.000445771797995824	0.000713815049443352	0.000699545295557887
Master_mpagominimo_tend6	0.000444417548889174	0.0021807462102578	0.00080489850272022
vmr_mconsumosdolares_tend6	0.000439644231452521	0.00162769309129354	0.000859682170444633
vmr_Visa_mlimitecompra_tend6	0.000433099004197808	0.000618943069344632	0.000627905114687501
vm_msaldototal_delta1	0.000431912834226524	0.000756801251237802	0.000868110427017619
mtarjeta_visa_consumo_delta1	0.000428183211061426	0.000586202421166152	0.000939750607888005
Visa_mpagado	0.000421575381696993	0.00129986325976664	0.000581549703536075
Master_mpagospesos_delta1	0.000419087219159271	0.00299514233810202	0.000842825657298659
cseguro_accidentes_personales_avg6	0.000418124816014208	0.000772017537495372	0.000606834473255035
Visa_mpagado_lag1	0.000417748146749678	0.000468727766307889	0.000707973552130874
vm_mlimitecompra_avg6	0.000415895111152588	0.000431831526858158	0.000665832269265941
ctarjeta_master_transacciones_avg6	0.000406949763958925	0.00107425232564732	0.000552050805530622
ccajas_extracciones_avg6	0.000406669427864132	0.00168070629499019	0.000788041989574247
Visa_mconsumototal_lag1	0.000405893904351526	0.00023711089920965	0.000712187680417367
Visa_mconsumosdolares	0.000397499043910334	0.000817960593251739	0.000691117038984901
ctarjeta_debito_lag1	0.000394227293188955	0.000471091610339569	0.000686902910698408
vmr_mconsumosdolares_avg6	0.00039218313187942	0.00104002383015539	0.0011968124333641
mv_status07_tend6	0.000390042483763793	0.000212138634015607	0.000164351003173239
vm_mconsumototal_avg6	0.000389994541721125	0.000421918416775754	0.000560479062103609
vmr_mconsumospesos_delta1	0.000388251604334409	0.000727331059889827	0.000876538683590606
ctarjeta_debito_transacciones_lag1	0.000385121985817419	0.000634810960000525	0.00152972856799707
vm_mpagospesos	0.00038328826370108	0.000474028304789958	0.00125159610108851
vm_mconsumospesos_lag1	0.000382542131467902	0.000261340276983542	0.000644761627833475
vm_mconsumototal_tend6	0.000382276988488458	0.000305827985573551	0.000606834473255035
ctarjeta_visa_debitos_automaticos	0.000381787364783233	0.000289630194873863	0.000552050805530622
cplazo_fijo_avg6	0.000380455555810702	0.0019055960084541	0.000476196496373743
Visa_fultimo_cierre	0.000379962021253652	0.000529559845971128	0.000678474654125421
mtarjeta_visa_descuentos_avg6	0.00037763186035976	0.00266081059309063	0.000493053009519716
Visa_mconsumosdolares_delta1	0.000377031243045019	0.000515624253915555	0.000653189884406461
vm_mlimitecompra	0.000376982030663423	0.000268324794101498	0.000619476858114515
vm_msaldototal_avg6	0.000376029810167179	0.000375165589238559	0.000998748403898912
Master_cconsumos_tend6	0.000368715412175901	0.00136999339600402	0.000695331167271394
vm_msaldopesos_lag1	0.000367680908922036	0.000716540822649292	0.000948178864460992
cdescubierto_preacordado_delta1	0.000366809411625546	0.0025948904976463	0.000273918338622064
mcuenta_debitos_automaticos_delta1	0.000365447131507006	0.000638177410019101	0.000703759423844381
Master_msaldototal_avg6	0.000365322370104452	0.000769235901717766	0.000707973552130874
Master_mpagospesos	0.000365157876928752	0.00139050155403777	0.000670046397552434
cprestamos_personales_lag1	0.000362983903720395	0.00189412675364769	0.000455125854941276
Master_msaldototal	0.000358928732938885	0.00112432506676059	0.000585763831822568
ctransferencias_recibidas_delta1	0.000357777498620673	0.00145720834144834	0.000775399604714767
vm_mconsumospesos_delta1	0.000354191975672543	0.000374308433185306	0.000775399604714767
mextraccion_autoservicio	0.000352174680221058	0.000469713227289653	0.00074168657842282
ctarjeta_master_transacciones_tend6	0.00034785993358077	0.00283505226573611	0.000657404012692954
mplazo_fijo_dolares_delta1	0.000346101857691116	0.00295461352424088	0.000467768239800756
Master_mconsumospesos	0.000344163507097389	0.00118684574102263	0.000653189884406461
cpagomiscuentas_delta1	0.000341868049777322	0.00128482106125349	0.000522551907525169
vm_mconsumosdolares_tend6	0.000341419700994476	0.00117238911037705	0.000636333371260488
Master_mpagominimo	0.000340368356087021	0.000668764287580424	0.000648975756119968
ccomisiones_otras_delta1	0.000337640138927788	0.00095539090364322	0.000648975756119968
vmr_mconsumototal	0.000336634976321806	0.000676898179465468	0.000691117038984901
cpayroll_trx_tend6	0.000335852526926444	0.00288461404801513	0.00116731353535864
vm_msaldototal_lag1	0.000334923934479926	0.000564032987497818	0.000821755015866193
Master_msaldopesos_avg6	0.000330404937259512	0.000281963363073666	0.000623690986401008
mextraccion_autoservicio_delta1	0.000328720323691678	0.000587896856371103	0.000678474654125421
cpagomiscuentas	0.000328089957717737	0.000656556196096841	0.000581549703536075
Master_Fvencimiento_tend6	0.000328017961911057	0.000320578342186172	0.000518337779238676
vmr_mconsumototal_tend6	0.000324406742233418	0.000293038000152069	0.000594192088395555
mforex_sell_tend6	0.000324072067386766	0.000754934518151612	0.000598406216682048
mttarjeta_master_debitos_automaticos_tend6	0.00031854620630494	0.00268344529698064	0.000568907318676595
ctarjeta_visa_descuentos_avg6	0.000317148417573083	0.00109076428443554	0.000316059621486997
mextraccion_autoservicio_lag1	0.000314724336002179	0.000374957776703832	0.000611048601541528
Master_msaldopesos	0.000307951127360602	0.000984259229948418	0.000539408420671142
vmr_msaldodolares2_avg6	0.000304821130498193	0.00258939966844793	0.00103246143019086
Master_fechaalta_tend6	0.000303177425748404	0.000124164315569287	0.000509909522665689
Visa_Finiciomora_lag1	0.000301855561557799	0.00270386490388898	0.000353986776065437
Visa_mconsumosdolares_lag1	0.000300508979851295	0.000473127249987303	0.000560479062103609
Master_status_delta1	0.000300434827351801	4.79052168106799e-06	1.68565131459732e-05
ctransferencias_emitidas	0.000300173307926279	0.00134599566420606	0.000682688782411914
vm_mpagado	0.000295531365250838	0.000719838033224068	0.000425626956935823
Master_mconsumototal_tend6	0.000291509338266548	0.000826430131583396	0.000471982368087249
Visa_mpagosdolares_lag1	0.000290369383251675	0.00267292156094624	0.000501481266092702
Master_mpagospesos_lag1	0.000289418923843291	0.000549075854587044	0.000564693190390102
cpagomiscuentas_lag1	0.000288895620006505	0.0011236891001142	0.000611048601541528
ccuenta_debitos_automaticos	0.000284580011351993	0.00092478273613047	0.00040877044378985
vmr_mconsumototal_lag1	0.000282318311568177	0.000309428059837875	0.000514123650952182
Visa_fechaalta_tend6	0.000281860656367589	0.000801796338935715	0.000366629160924917
Master_mconsumospesos_lag1	0.000277871271584948	0.000926703259315177	0.00115888527878566
Master_mconsumospesos_delta1	0.000271278041566877	0.000756755280015251	0.000484624752946729
Visa_mpagado_delta1	0.000267596834012825	0.000362353654442376	0.000497267137806209
Visa_mpagosdolares_avg6	0.000265751531268268	0.000712885922049877	0.000560479062103609
vm_msaldodolares_avg6	0.000265235751785665	0.0031072206496968	0.00101981904533138
Visa_msaldodolares_avg6	0.000260360307683517	0.00122064966212924	0.000585763831822568
Visa_msaldodolares	0.000258678787227819	0.00218037175204133	0.00044669759836829
vm_mlimitecompra_lag1	0.000255434273668499	0.000217385099789185	0.000442483470081796
mforex_sell_avg6	0.000253045471328	0.000604556996989393	0.000480410624660236
ccajas_extracciones	0.000250509586529924	0.00472013597121017	0.000514123650952182
ctransferencias_emitidas_lag1	0.000250108419792471	0.000438056199957482	0.000505695394379196
Visa_status_tend6	0.000247575204588035	0.000462545673111419	0.000176993388032719
ccajas_otras_tend6	0.000245299052224593	0.00100030525909169	0.000286560723481544
vm_cconsumos_delta1	0.000244450925312012	0.00103668592374426	0.000691117038984901
vm_status01_lag1	0.000242224097258374	0.0018037867071032	0.000193849901178692
vm_Finiciomora_lag1	0.000241112580872506	0.000993173878990222	0.000193849901178692
ccajas_extracciones_tend6	0.000240840390182108	0.000778494298692124	0.000471982368087249
Master_msaldototal_lag1	0.000237143642972311	0.00108384090527544	0.000459339983227769
mpayroll_lag1	0.000235357215610738	0.000798838071923924	0.00115467115049916
matm	0.00023335165517602	0.000412984456052346	0.000501481266092702
Master_status_avg6	0.000232283185985271	0.000225212265648359	0.000113781463735319
Master_mpagado_tend6	0.000230854951536972	0.000607503488585571	0.000463554111514263
Visa_delinquency_avg6	0.000230393751330093	0.000790739788895692	0.000311845493200504
cinversion1	0.000228981568873098	0.00364385761465426	0.000391913930643877
matm_other	0.000228450306732177	0.00090739280235419	0.000400342187216863
vm_status06_avg6	0.000228270798647324	3.01018246414203e-05	8.42825657298659e-05
Master_mpagominimo_delta1	0.000225075454531681	0.000286086831011127	0.00037084328921141
Master_mconsumototal_avg6	0.000223610438531702	0.000450945287276757	0.00038348567407089
mtarjeta_master_consumo_tend6	0.000223547849793191	0.00115263005718289	0.000417198700362836
Master_msaldopesos_delta1	0.000223143571084893	0.000579205375005984	0.000459339983227769
Master_fultimo_cierre_delta1	0.000220233961178801	0.000100557904382949	0.00037084328921141
Visa_mpagosdolares_tend6	0.000220192693091615	0.00110595749087851	0.000400342187216863
mpayroll_sobre_edad_delta1	0.000219250657087103	0.000823423820875908	0.000623690986401008
vmr_msaldodolares_tend6	0.000218052403503539	0.00188007708136567	0.000678474654125421
ctarjeta_master_transacciones	0.000215934345595773	0.000466704090482417	0.000257061825476091
vm_mpagado_lag1	0.000212945481711418	0.000292522613761549	0.000400342187216863
Master_msaldopesos_lag1	0.000211156260729367	0.000593453062676947	0.000400342187216863
vm_fechaalta_tend6	0.000210814773764886	0.000477523248143695	0.000278132466908558
vm_mconsumototal	0.000207576544032276	0.000231695809484504	0.000535194292384649
ccallcenter_transacciones_lag1	0.000205351269539674	0.00125247606703958	0.00042141282864933
thomebanking_delta1	0.000204761313254119	0.0012594960046077	0.000307631364914011
Master_msaldototal_delta1	0.000204481674307814	0.000340477287317801	0.000362415032638424
vm_status05_avg6	0.000201385714647766	8.65563699999469e-05	0.000143280361740772
mplazo_fijo_dolares_avg6	0.000200480867598708	0.000907888311843156	0.000387699802357383
vm_mconsumosdolares_lag1	0.000199823249936103	0.000421222065798104	0.000303417236627517
cextraccion_autoservicio_delta1	0.000198519636004489	0.00074622739903456	0.000412984572076343
mtarjeta_master_consumo_lag1	0.000197708227064314	0.000347487898756754	0.000257061825476091
mttarjeta_master_debitos_automaticos_delta1	0.000194244849202514	0.00240936467972784	0.000375057417497903
mpayroll_sobre_edad_lag1	0.000192752792773121	0.000764208364471253	0.00155501333771603
vm_status05_delta1	0.000192339844298231	0.000546110616529211	0.000143280361740772
Master_mpagominimo_lag1	0.000191831062736968	0.000316632730126119	0.00040877044378985
ccaja_ahorro_lag1	0.000191763289639952	0.000775244754999748	0.000585763831822568
minversion2	0.000190855634667148	0.00220328162384336	0.000219134670897651
ccomisiones_mantenimiento_lag1	0.000189541399693381	0.000212422468633527	0.000320273749773491
ccajeros_propios_descuentos_avg6	0.000188949956325931	0.0012888713332075	0.000299203108341024
vm_mconsumosdolares_delta1	0.000187904996485225	0.000464412971417559	0.000299203108341024
catm_trx_delta1	0.000183391014169535	0.000771767333464441	0.000341344391205957
ccajas_depositos_avg6	0.000182837333522194	0.000591725091088332	0.000290774851768038
mplazo_fijo_dolares_tend6	0.000181630554601693	0.000483914001704816	0.000316059621486997
mprestamos_prendarios_lag1	0.000180661344479239	0.00171745962799605	0.000193849901178692
cextraccion_autoservicio	0.000180637437432539	0.000311818092393877	0.000404556315503357
vmr_msaldodolares2_tend6	0.000179989958679856	0.00109168823064615	0.00044669759836829
mtarjeta_master_descuentos_avg6	0.000177683307589708	0.00303196199024861	0.000353986776065437
ctarjeta_master_debitos_automaticos_avg6	0.000177669931125741	0.000792194947655401	0.000320273749773491
mtarjeta_master_consumo_delta1	0.000176666558829428	0.000796446720521374	0.000286560723481544
vm_status05	0.000176574612335027	0.000425635491569603	0.000181207516319212
vmr_mpagado	0.000174993330806624	0.000411391101015012	0.000290774851768038
vmr_msaldodolares_avg6	0.000174828255461305	0.00098407656970144	0.000648975756119968
Visa_msaldodolares_tend6	0.000174655440526294	0.000391857758987314	0.000299203108341024
ccheques_emitidos_avg6	0.000173405488298322	0.00167759212147569	0.000227562927470638
cseguro_vivienda_avg6	0.00016920728172374	0.000385835623036522	0.000286560723481544
Visa_delinquency_tend6	0.000167869593384681	0.000619462977494747	0.000278132466908558
vm_mconsumosdolares	0.000166329892940442	0.000393509802696061	0.000332916134632971
thomebanking_lag1	0.000164704911034275	8.72384020722127e-05	0.000261275953762584
Master_cconsumos_lag1	0.000163825130566993	0.000597706531202768	0.000573121446963088
matm_other_lag1	0.000163787185569637	0.000581490653464699	0.000282346595195051
vmr_mconsumototal_delta1	0.000161601642007216	0.000336669965738699	0.000366629160924917
tcuentas_avg6	0.000161181463448321	0.00190949310580183	0.000282346595195051
vmr_mpagado_lag1	0.000161017194774599	0.000218489162756996	0.000341344391205957
catm_trx	0.000160645154647614	0.00116462628538878	0.000337130262919464
Master_mconsumototal_delta1	0.000160480350791184	0.000516519562315391	0.000244419440616611
cforex_tend6	0.000159888636966037	0.00131157292145819	0.00035820090435193
vm_mconsumototal_lag1	0.000159194453381704	0.000170202234073827	0.000353986776065437
vm_mconsumototal_delta1	0.00015903160274186	0.000204284902818812	0.000375057417497903
mcheques_emitidos_avg6	0.000158349839526237	0.000977532547330709	0.000172779259746225
ccajas_depositos_tend6	0.000155686350896476	0.00074022645883187	0.000278132466908558
ctarjeta_master_debitos_automaticos_tend6	0.00015507098983444	0.00100342197609596	0.000235991184043625
matm_lag1	0.000153969385531012	0.000185029837412865	0.000341344391205957
cforex_avg6	0.000152375974981781	0.000587297346411448	0.000273918338622064
matm_delta1	0.000152032506512936	0.000379625739859207	0.000387699802357383
vmr_mpagado_delta1	0.000151773727685004	0.000409802173533947	0.000337130262919464
Master_mconsumototal	0.000150391098698534	0.00045328727613706	0.000261275953762584
vmr_mconsumosdolares_lag1	0.000150235916108495	0.000253276660778872	0.000219134670897651
vmr_Visa_mlimitecompra_delta1	0.000148415151819144	0.00201317300257524	0.000273918338622064
cseguro_vida_avg6	0.00014500650093154	0.000525295732469593	0.000257061825476091
matm_other_delta1	0.000140425935502146	0.000484224684270331	0.000278132466908558
cplazo_fijo	0.000139706842726021	0.00123834792338792	0.000160136874886745
ctransferencias_emitidas_delta1	0.000139511168725877	0.000732535793590474	0.000391913930643877
active_quarter_tend6	0.000137779295808862	0.00194453288032778	0.000324487878059984
ctarjeta_visa_debitos_automaticos_delta1	0.000137297146309134	0.000603997335036171	0.000307631364914011
mprestamos_prendarios	0.000136592767401915	0.00141992492633327	0.000155922746600252
ccajas_extracciones_lag1	0.00013615667872743	0.00136251685492012	0.000294988980054531
vm_status04_delta1	0.000133294840067307	0.00014725449253518	4.2141282864933e-05
vm_mpagosdolares_avg6	0.00013244764914282	0.00032222869023507	0.000286560723481544
cforex_sell_avg6	0.000130222719476284	0.00025367391619997	0.000219134670897651
ccajas_consultas_delta1	0.000130055488131841	0.000221567350601382	0.000117995592021812
Visa_status_avg6	0.00012992276960412	0.00269100360655055	0.00035820090435193
vmr_mpagosdolares_tend6	0.000129900774230984	0.00139878391036286	0.000316059621486997
vm_mpagado_delta1	0.000129182419013184	0.000161644144616765	0.000273918338622064
vmr_mconsumosdolares	0.000126762129341853	0.000270772573295663	0.000219134670897651
Visa_fultimo_cierre_delta1	0.000125724114767422	6.18953525913695e-05	0.000202278157751678
mtarjeta_visa_descuentos	0.000125054497717859	0.00279060628921903	0.000290774851768038
vm_fultimo_cierre_delta1	0.000122420437787997	6.7862379597096e-05	0.000219134670897651
vm_status01_delta1	0.000121351869607938	8.1234447363126e-05	7.58543091568794e-05
ccheques_depositados_tend6	0.000121273819386999	0.00194541660171866	0.000341344391205957
Visa_Finiciomora	0.000120991963705841	0.00153157282293658	0.000198064029465185
vmr_Master_mlimitecompra_delta1	0.000118455661231228	0.000235134325046628	0.000130637976881292
Master_mconsumototal_lag1	0.000116834805970695	0.000362645873156211	0.000442483470081796
vm_status02_avg6	0.00011665879393966	0.000145706543500447	0.000164351003173239
tcallcenter_delta1	0.000116209665696968	6.08233187540236e-05	5.47836677244129e-05
ccuenta_debitos_automaticos_lag1	0.00011605273084457	0.000111100104269026	0.000198064029465185
Master_cconsumos	0.000115607299700601	0.00016373423378629	0.000210706414324665
ctarjeta_debito_tend6	0.000114886402034041	0.000647850113216363	0.000231777055757131
vmr_mpagosdolares_avg6	0.000114496319757857	0.00037445849908187	0.000252847697189598
Visa_msaldodolares_delta1	0.000113849924717246	0.000178380401521573	0.000185421644605705
cforex_sell_tend6	0.000112303546718629	0.000375684555355425	0.000252847697189598
ccajas_otras_delta1	0.000111762771836745	0.000591331321190256	8.84966940163593e-05
vm_Finiciomora	0.000107025035053366	0.00167627007201407	0.000210706414324665
mprestamos_prendarios_tend6	0.000106370555246505	0.00167578727997396	0.000181207516319212
vm_msaldodolares_tend6	0.00010445561254597	0.000618037869595681	0.000328702006346477
minversion2_avg6	0.000102390593232629	0.00234241070279274	0.000244419440616611
vm_status05_tend6	0.000101006036968858	0.000305175533345303	0.000113781463735319
ccajas_transacciones	9.92532633559476e-05	7.15187874497099e-05	5.47836677244129e-05
cpayroll_trx_delta1	9.77537763062724e-05	0.000256360500822752	0.000235991184043625
ctarjeta_master_transacciones_lag1	9.6807190664738e-05	0.000550011105196637	0.000151708618313759
Visa_msaldodolares_lag1	9.64330504451045e-05	0.000454656898277761	0.000168565131459732
mcaja_ahorro_adicional_tend6	9.26637863865342e-05	0.00101507172447287	0.000198064029465185
vm_status02_tend6	9.21447813852284e-05	0.000252942333178807	0.000168565131459732
Visa_mpagosdolares_delta1	9.18038346635383e-05	0.000330870903261267	0.000240205312330118
mttarjeta_master_debitos_automaticos_avg6	8.98087633881075e-05	0.000231418098082703	0.000206492286038172
cdescubierto_preacordado_lag1	8.97612775100457e-05	0.000104081673954106	0.000101139078875839
cextraccion_autoservicio_lag1	8.96966148357025e-05	7.65100564161368e-05	0.000235991184043625
mcaja_ahorro_adicional_delta1	8.92420024356581e-05	0.00192053109778684	0.000219134670897651
cseguro_vida	8.70837176605975e-05	0.000531263136288619	0.000126423848594799
Master_cconsumos_delta1	8.62921584436814e-05	8.35304650008793e-05	0.000160136874886745
vm_Finiciomora_avg6	8.56126125115529e-05	0.000800920624827458	0.000164351003173239
cplazo_fijo_delta1	8.39968849002232e-05	0.000351103233959712	9.27108223028525e-05
vmr_msaldodolares2	8.28751965448039e-05	0.000701453500743509	0.000172779259746225
mplazo_fijo_dolares_lag1	8.12754993292962e-05	0.000486532477323697	0.000160136874886745
mprestamos_prendarios_avg6	8.04362906865672e-05	0.00223060840693992	0.000231777055757131
catm_trx_lag1	7.88404355412449e-05	0.000125523386937599	0.000189635772892198
Master_mconsumosdolares_tend6	7.78043781326032e-05	0.000104535733980117	0.000113781463735319
Master_mpagosdolares_avg6	7.59870188181643e-05	9.61379785820323e-05	0.000122209720308306
vmr_mconsumosdolares_delta1	7.54611519158712e-05	0.000149883801536425	0.000151708618313759
Master_mpagosdolares_tend6	7.35247741557009e-05	6.99108308970159e-05	0.000134852105167786
Master_mpagado_lag1	7.25647385799615e-05	0.000332695527461228	0.000143280361740772
vm_mpagosdolares_delta1	7.25292358669663e-05	0.000935633075092289	0.000160136874886745
ctarjeta_visa_avg6	7.21653053087985e-05	1.65010312025366e-05	2.94988980054531e-05
Master_status_tend6	7.03596362002818e-05	6.07599199163668e-05	8.00684374433727e-05
vm_Finiciomora_tend6	6.97444798088079e-05	0.000493177203048744	0.000105353207162332
vmr_msaldodolares2_lag1	6.91735394021812e-05	0.000487045697037744	0.000122209720308306
mcaja_ahorro_adicional_avg6	6.57297448420216e-05	0.000470290316857982	0.000122209720308306
Visa_mpagosdolares	6.51731438394718e-05	0.000165255240670102	0.000168565131459732
ccajeros_propios_descuentos_tend6	6.35540391202587e-05	0.000456019926185719	0.000160136874886745
ctarjeta_master_transacciones_delta1	6.24252013005027e-05	0.000619955849290616	0.000147494490027265
ccaja_ahorro_tend6	5.97314084275907e-05	0.00117768776479262	0.000143280361740772
catm_trx_other_lag1	5.95646009795749e-05	8.42383087841673e-05	0.000117995592021812
mcaja_ahorro_adicional_lag1	5.79873141131317e-05	0.000373146435172682	8.42825657298659e-05
Master_mconsumosdolares_avg6	5.6410414485116e-05	0.000196800354452294	9.69249505893458e-05
Visa_Fvencimiento_delta1	5.60863107101816e-05	1.52223152703632e-05	5.89977960109062e-05
Visa_status_delta1	5.60161975230337e-05	3.04220217427506e-06	1.68565131459732e-05
vm_status02	5.60031008409597e-05	4.42397654388758e-05	4.63554111514263e-05
cseguro_accidentes_personales_lag1	5.45457683548145e-05	4.64136013642357e-05	8.42825657298659e-05
cforex_buy_avg6	5.45269763849067e-05	0.000914924358179832	9.69249505893458e-05
vm_mpagosdolares_tend6	5.41428156638812e-05	0.000270077352757911	0.000130637976881292
mtarjeta_visa_descuentos_tend6	5.3581410669009e-05	0.000449958319041794	0.000101139078875839
Master_fechaalta_delta1	5.33601533015355e-05	1.44967612619942e-05	8.42825657298659e-05
mttarjeta_master_debitos_automaticos_lag1	5.33226103466746e-05	0.00040544319728424	0.000113781463735319
vm_msaldodolares	5.32483648012544e-05	0.000430931225682102	0.000105353207162332
Visa_Finiciomora_avg6	5.28170643477316e-05	0.000334078714880714	8.84966940163593e-05
catm_trx_other	5.27957984391064e-05	0.000117094827052272	0.000113781463735319
vm_status04_avg6	5.12840292274917e-05	5.33014658708459e-05	0.000130637976881292
vmr_mpagosdolares_delta1	5.08626566816722e-05	0.000535847352688159	0.000101139078875839
vm_msaldodolares_lag1	4.91059811137593e-05	0.000217373983796846	8.84966940163593e-05
Master_mpagado	4.84378354823751e-05	0.000101040979033029	8.00684374433727e-05
mcaja_ahorro_adicional	4.83853661491367e-05	0.000373639024358577	8.00684374433727e-05
cinversion2	4.79986855814924e-05	0.000656373159036563	7.16401808703861e-05
cseguro_accidentes_personales_tend6	4.7766498007817e-05	0.000290080957783502	5.89977960109062e-05
Master_delinquency_tend6	4.69032976267418e-05	0.000251457406168431	5.47836677244129e-05
mforex_buy_avg6	4.55254091848667e-05	0.00119600220999945	0.000113781463735319
Master_msaldodolares_lag1	4.51486087509973e-05	6.90116601608588e-05	4.63554111514263e-05
ctarjeta_visa_descuentos_tend6	4.51264441884916e-05	0.000124225736137121	8.00684374433727e-05
Master_Finiciomora_avg6	4.49408844266135e-05	0.000971700042672938	0.000105353207162332
Master_delinquency_avg6	4.40233677566182e-05	0.00106861256099229	0.000117995592021812
cseguro_auto_avg6	4.39997376688283e-05	0.000635170534091663	9.27108223028525e-05
mtarjeta_visa_descuentos_delta1	4.3096531726214e-05	0.000235005454898166	9.69249505893458e-05
mv_status07_lag1	4.28416388611902e-05	4.51123708374115e-05	7.58543091568794e-05
Master_msaldodolares_tend6	4.26325633972846e-05	0.000154223654511178	8.84966940163593e-05
cseguro_accidentes_personales	4.18839991942737e-05	0.000104036550561479	7.58543091568794e-05
mcheques_depositados_tend6	4.07409488087958e-05	0.000563974204623081	0.000134852105167786
cseguro_vivienda_lag1	4.04099750911929e-05	4.85912996259164e-05	5.47836677244129e-05
Master_Fvencimiento_delta1	4.01081069105185e-05	3.09532342918538e-05	8.00684374433727e-05
mcajeros_propios_descuentos_avg6	3.96661739820831e-05	0.00015017121588069	9.69249505893458e-05
tcallcenter_lag1	3.95246786299969e-05	9.29783048616087e-05	0.000117995592021812
Master_msaldodolares_avg6	3.91786386518762e-05	5.10346512638111e-05	5.89977960109062e-05
mttarjeta_master_debitos_automaticos	3.90973039601034e-05	4.71531916680145e-05	7.16401808703861e-05
active_quarter	3.87937528551672e-05	2.73365802423471e-05	6.74260525838928e-05
cinversion2_avg6	3.86041416171525e-05	0.000272392587873944	6.32119242973995e-05
vmr_msaldodolares_delta1	3.75169350346205e-05	0.000180189199562951	8.42825657298659e-05
mforex_sell_delta1	3.7273171245469e-05	0.000558766173806062	8.42825657298659e-05
vm_status03	3.5767649011171e-05	2.46788218369832e-05	5.47836677244129e-05
vm_status06_tend6	3.56667299050987e-05	0.000148666035155461	5.47836677244129e-05
vm_status03_avg6	3.56183797677086e-05	4.02205805820775e-05	7.16401808703861e-05
vm_Fvencimiento_delta1	3.47525796780068e-05	7.53399569175714e-05	8.00684374433727e-05
Visa_status_lag1	3.33419010651048e-05	0.00023528071701352	2.52847697189598e-05
ctarjeta_master_descuentos_avg6	3.16689324174153e-05	0.000316580070467501	8.42825657298659e-05
Master_mpagado_delta1	3.09138327415482e-05	0.000235720458134146	0.000109567335448826
cpagodeservicios_avg6	2.99663568118998e-05	0.000454437969750697	5.89977960109062e-05
minversion2_lag1	2.93883321790765e-05	0.000513833354505907	6.32119242973995e-05
ctarjeta_master_avg6	2.89643486310988e-05	1.70705845048735e-05	2.94988980054531e-05
ctarjeta_master_descuentos_tend6	2.86321748004376e-05	0.000139315978345976	5.47836677244129e-05
vm_status03_tend6	2.79542161996626e-05	0.000146495778956447	4.2141282864933e-05
Master_Finiciomora_tend6	2.70637582110086e-05	0.000694126648742871	6.74260525838928e-05
vmr_msaldodolares	2.65369781890862e-05	0.000295014856925066	7.16401808703861e-05
Master_mconsumosdolares_lag1	2.59033166544135e-05	1.48918500066189e-05	5.89977960109062e-05
cseguro_vivienda	2.56156344842425e-05	4.82949359657854e-05	3.79271545784397e-05
ctarjeta_master_descuentos_delta1	2.55302102178039e-05	0.000587176766155578	5.89977960109062e-05
cliente_edad_delta1	2.4716607721067e-05	5.46974649425181e-05	4.63554111514263e-05
vmr_mpagosdolares_lag1	2.46217736315331e-05	0.000104740814618421	7.58543091568794e-05
vm_msaldodolares_delta1	2.45693064465787e-05	0.000176740510041739	6.74260525838928e-05
ccajas_depositos	2.42862434359787e-05	0.000220061604656203	4.63554111514263e-05
cprestamos_personales_delta1	2.38979973953907e-05	5.93568555953272e-05	2.94988980054531e-05
ctarjeta_visa	2.31188988435797e-05	6.23987751596276e-05	3.79271545784397e-05
vmr_msaldodolares_lag1	2.28930711784978e-05	5.77287395311049e-05	5.05695394379196e-05
minversion2_tend6	2.27424668731368e-05	0.000458978852620783	6.32119242973995e-05
catm_trx_other_delta1	2.25213912915575e-05	5.6459726541396e-05	5.89977960109062e-05
vm_mpagosdolares_lag1	2.24121607983792e-05	0.000251879437063976	8.00684374433727e-05
Visa_fechaalta_delta1	2.1840080180071e-05	1.59106589653971e-05	5.05695394379196e-05
vm_Finiciomora_delta1	2.15236439144333e-05	0.000554409929452777	5.47836677244129e-05
Master_msaldodolares	1.92026237504308e-05	7.80991723038511e-05	3.37130262919464e-05
Master_mconsumosdolares	1.8748104407186e-05	7.20061954527352e-06	3.37130262919464e-05
vm_mpagosdolares	1.8082276993721e-05	0.000204990391518977	4.2141282864933e-05
vmr_msaldodolares2_delta1	1.78537492647463e-05	0.000168545291792186	0.000109567335448826
minversion1_pesos	1.77481396455686e-05	0.000232849423401212	2.52847697189598e-05
cseguro_vida_lag1	1.76657214116676e-05	7.74349446599911e-05	3.79271545784397e-05
cprestamos_prendarios_avg6	1.74961138150891e-05	0.000380620055953512	4.2141282864933e-05
Master_mpagosdolares	1.70245760000743e-05	8.0970583850085e-06	3.79271545784397e-05
ctarjeta_master_debitos_automaticos	1.68827183208527e-05	2.9338589303092e-05	3.79271545784397e-05
vm_fechaalta_delta1	1.63152202728854e-05	1.16387265878959e-05	5.05695394379196e-05
Visa_Finiciomora_tend6	1.61038551147647e-05	0.000133862547867597	3.37130262919464e-05
ccajas_transacciones_lag1	1.59658283541295e-05	3.49859844274375e-05	2.52847697189598e-05
vmr_mpagosdolares	1.56431556553911e-05	0.000405901402256546	5.89977960109062e-05
Master_mconsumosdolares_delta1	1.55284349183254e-05	2.94768797840431e-05	3.37130262919464e-05
Visa_delinquency_delta1	1.54794340534643e-05	3.98473470088293e-05	3.79271545784397e-05
mtarjeta_master_descuentos	1.49367579547824e-05	0.000360840749044504	3.37130262919464e-05
cinversion1_avg6	1.45683599059826e-05	0.000181264907329968	2.52847697189598e-05
Visa_madelantopesos_avg6	1.32551111498869e-05	0.000118795385473342	3.37130262919464e-05
cmobile_app_trx_delta1	1.32507179990531e-05	1.77545948469621e-05	1.68565131459732e-05
mcheques_depositados	1.30964367409876e-05	9.82771476838295e-05	2.94988980054531e-05
ccheques_emitidos	1.28490409619056e-05	0.000148027713425948	1.68565131459732e-05
vm_status02_delta1	1.27033175512729e-05	2.3449091633757e-06	8.42825657298659e-06
ccajas_depositos_delta1	1.22790222596604e-05	0.000272830444928073	4.2141282864933e-05
mprestamos_prendarios_delta1	1.18036713006088e-05	0.000696228419124684	6.74260525838928e-05
ccuenta_debitos_automaticos_delta1	1.17086658956643e-05	2.80930329412828e-05	2.94988980054531e-05
ctarjeta_master_debitos_automaticos_lag1	1.14194202797442e-05	3.20588045128636e-05	2.94988980054531e-05
Visa_cadelantosefectivo_avg6	1.13508713637885e-05	0.000205029580102135	6.32119242973995e-05
tcuentas	9.9017856373819e-06	0.000192191927798255	2.94988980054531e-05
mtarjeta_master_descuentos_tend6	9.59249003729951e-06	5.6184747036017e-05	2.10706414324665e-05
Master_cadelantosefectivo_tend6	9.33362910633077e-06	5.986056077356e-06	1.68565131459732e-05
Master_msaldodolares_delta1	9.23044893993292e-06	3.24483352613193e-06	1.26423848594799e-05
ctarjeta_debito_delta1	9.17944057672302e-06	0.00048475542580281	4.63554111514263e-05
ctarjeta_master_debitos_automaticos_delta1	9.02939657985519e-06	6.62692129664111e-06	8.42825657298659e-06
Master_delinquency_lag1	8.54191058032558e-06	4.16256231729399e-06	8.42825657298659e-06
mforex_sell	8.47926041526078e-06	0.000106543677850331	2.52847697189598e-05
Master_mpagosdolares_delta1	8.35639445325758e-06	4.24480181993046e-06	2.52847697189598e-05
mcheques_depositados_lag1	8.20042427971069e-06	0.000299281419713048	3.79271545784397e-05
mcajeros_propios_descuentos_tend6	8.1624252373042e-06	0.000223302010626065	9.69249505893458e-05
cplazo_fijo_lag1	8.06539711104161e-06	8.09064313858291e-05	8.42825657298659e-06
Visa_delinquency_lag1	7.93623575317563e-06	4.67593275666135e-05	1.68565131459732e-05
mpagodeservicios_avg6	7.62221152378939e-06	0.000147430464346091	1.68565131459732e-05
ccajas_transacciones_delta1	7.59287940151771e-06	1.73938903159254e-05	1.68565131459732e-05
ctarjeta_visa_tend6	6.86759559254312e-06	5.30416531007756e-05	1.68565131459732e-05
Visa_madelantopesos_tend6	6.78613668032495e-06	5.37006053584412e-06	8.42825657298659e-06
Master_madelantopesos_tend6	6.74632370521306e-06	4.00269927494109e-06	2.10706414324665e-05
ccaja_seguridad_tend6	6.52724900971897e-06	0.000295305003165754	2.94988980054531e-05
mtarjeta_master_descuentos_delta1	6.21376748270528e-06	4.47335792679942e-05	1.26423848594799e-05
minversion1_pesos_avg6	5.87613942152776e-06	9.91003905401182e-05	1.68565131459732e-05
cseguro_auto	5.19013609552463e-06	8.42780625872745e-05	1.26423848594799e-05
cseguro_vida_tend6	5.08777102895158e-06	5.44518768745075e-05	2.10706414324665e-05
cforex_lag1	5.08031256817284e-06	3.74539231331308e-05	8.42825657298659e-06
Visa_delinquency	4.97364019717714e-06	6.34424537961791e-05	1.68565131459732e-05
Master_Finiciomora_lag1	4.89753370293762e-06	0.000264343290574659	2.52847697189598e-05
minversion2_delta1	4.49632739055348e-06	9.72172660753954e-05	1.26423848594799e-05
ctarjeta_master_tend6	4.44231080788453e-06	8.20510959866718e-06	4.2141282864933e-06
mforex_buy_tend6	4.33698626513641e-06	8.09886708884655e-05	8.42825657298659e-06
ccajas_consultas_lag1	4.31368978171455e-06	6.93139586304584e-05	1.68565131459732e-05
active_quarter_delta1	3.91865135766535e-06	4.03033853046633e-05	8.42825657298659e-06
cforex_sell_delta1	3.8785071272942e-06	1.45541310868575e-05	8.42825657298659e-06
ctarjeta_visa_descuentos_delta1	3.82939927361456e-06	1.57043536838692e-05	4.2141282864933e-06
Master_mpagosdolares_lag1	3.80326157288134e-06	2.81385331472088e-06	1.68565131459732e-05
ccajas_extracciones_delta1	3.56340319408728e-06	3.37473991116709e-06	8.42825657298659e-06
cforex_sell_lag1	3.42182677386783e-06	3.50322382599627e-05	4.2141282864933e-06
Master_madelantopesos	3.38063510296364e-06	1.46486170217307e-06	4.2141282864933e-06
vm_status03_delta1	3.28789425766998e-06	4.58432002319747e-05	1.26423848594799e-05
tcuentas_lag1	3.17692892059969e-06	1.67037567577184e-05	8.42825657298659e-06
Master_delinquency	3.17399445847466e-06	9.81165310148774e-06	1.68565131459732e-05
Master_cadelantosefectivo_delta1	3.00696747447295e-06	6.67251570589203e-06	4.2141282864933e-06
cforex_sell	2.93407125747591e-06	1.38761497575623e-06	4.2141282864933e-06
cseguro_auto_lag1	2.92365307441297e-06	2.31384090682415e-05	4.2141282864933e-06
mcheques_emitidos	2.91785452412705e-06	8.65040871546282e-06	4.2141282864933e-06
Master_cadelantosefectivo	2.73011349687199e-06	5.88864983941086e-07	4.2141282864933e-06
ctarjeta_master_descuentos	2.41011691380674e-06	4.09819318539079e-05	4.2141282864933e-06
mprestamos_hipotecarios_tend6	2.32137006449093e-06	7.02959340892013e-05	8.42825657298659e-06
mtarjeta_visa_descuentos_lag1	2.27898295941948e-06	5.30656749486247e-06	4.2141282864933e-06
ccajeros_propios_descuentos_delta1	2.26174875616268e-06	2.02328017150694e-05	4.2141282864933e-06
mforex_sell_lag1	2.25800759289783e-06	6.60273930313964e-05	2.52847697189598e-05
Master_madelantodolares_avg6	1.99070820477835e-06	1.00006249712343e-06	4.2141282864933e-06
Visa_madelantodolares	1.97850339487676e-06	1.78675446335156e-06	1.26423848594799e-05
Master_madelantopesos_avg6	1.87657918930398e-06	6.40111592685919e-07	4.2141282864933e-06
mcheques_depositados_delta1	1.82775425176246e-06	2.56769060642838e-05	8.42825657298659e-06
ccajas_otras	1.65208411253422e-06	3.09989229044296e-05	4.2141282864933e-06
ccheques_depositados_lag1	1.54420637879588e-06	9.87326207597141e-06	4.2141282864933e-06
Visa_cadelantosefectivo_tend6	1.45511611995341e-06	8.44278458738633e-06	1.26423848594799e-05
vmr_madelantopesos_avg6	1.45467061293405e-06	6.72921668714849e-05	1.26423848594799e-05
ccheques_depositados	1.27639827964971e-06	1.77723050720431e-05	4.2141282864933e-06
ccajeros_propios_descuentos_lag1	1.22088218128865e-06	1.18610464346566e-05	4.2141282864933e-06
cprestamos_prendarios_tend6	1.21622240537508e-06	3.51048690234595e-05	4.2141282864933e-06
tcuentas_tend6	1.1726844939285e-06	2.51865777581866e-05	4.2141282864933e-06
minversion1_pesos_lag1	1.1282109301929e-06	2.0979080454916e-06	4.2141282864933e-06
Visa_madelantopesos_lag1	1.0561872239612e-06	2.75299796683639e-06	8.42825657298659e-06
cseguro_vivienda_tend6	1.01783535267713e-06	2.62668072847987e-05	4.2141282864933e-06
Master_madelantopesos_lag1	9.52878398024517e-07	4.84299293303651e-07	4.2141282864933e-06
Visa_madelantopesos	9.00177180558786e-07	2.62084012233616e-05	2.94988980054531e-05
cinversion1_lag1	8.46198832999523e-07	3.31175556813989e-05	4.2141282864933e-06
cprestamos_prendarios	7.01294360810718e-07	4.52240017774163e-05	4.2141282864933e-06
ccheques_emitidos_rechazados_avg6	5.34024801851725e-07	4.57979826360234e-05	4.2141282864933e-06
cforex_delta1	5.12323936325996e-07	7.45788882557157e-06	4.2141282864933e-06
mcajeros_propios_descuentos_delta1	4.97150640818351e-07	4.16203477867456e-05	2.10706414324665e-05
ccheques_depositados_delta1	4.45626579816508e-07	1.33254371202051e-05	4.2141282864933e-06
Master_cadelantosefectivo_avg6	2.46128207588925e-07	5.7190838545934e-07	4.2141282864933e-06
Master_madelantopesos_delta1	2.44359120343598e-07	5.23676283111262e-07	4.2141282864933e-06
cinversion2_lag1	2.02973146267217e-07	2.17845188827989e-06	4.2141282864933e-06
Master_cadelantosefectivo_lag1	1.2600376370892e-07	9.95823347502994e-07	8.42825657298659e-06
mcajeros_propios_descuentos_lag1	1.10826022201721e-07	2.88240507424959e-05	1.26423848594799e-05
ccajeros_propios_descuentos	4.75135005110765e-08	3.45170402760923e-06	4.2141282864933e-06
cforex	3.36695874925659e-08	3.66950211477477e-06	4.2141282864933e-06
Visa_cadelantosefectivo_delta1	1.26811259254433e-09	1.0451482084199e-05	1.26423848594799e-05
ctarjeta_visa_lag1	4.34983605101602e-10	3.38265299045857e-06	4.2141282864933e-06
vm_status04_lag1	3.77891807315493e-10	9.54976785826966e-06	2.10706414324665e-05
vm_status05_lag1	8.86864585345204e-11	1.45073120343829e-06	8.42825657298659e-06
vm_status06_lag1	1.21803607525514e-11	8.97004059684373e-07	4.2141282864933e-06
Visa_cadelantosefectivo	1.02243441427042e-11	2.20972739214622e-06	4.2141282864933e-06
Visa_madelantopesos_delta1	2.21365409172479e-12	1.65893939212915e-05	1.26423848594799e-05
