Feature	Gain	Cover	Frequency
azar_under	0.411942761714626	0.0317754414364901	0.0141376060320452
ctrx_quarter_lag1	0.155255386118901	0.0115797521401619	0.00424128180961357
ctrx_quarter_normalizado_lag1	0.0665953461214039	0.00635270585606691	0.00471253534401508
mpasivos_margen	0.03538427881732	0.00804760191643082	0.00895381715362865
cpayroll_trx	0.0213178150680363	0.0106819517393884	0.00471253534401508
ctrx_quarter_avg6	0.0210496354928772	0.00435620497356814	0.00471253534401508
mcuentas_saldo_lag1	0.0197218786794327	0.00348168029896691	0.00706880301602262
mpayroll_sobre_edad_lag1	0.0149339342288355	0.00496752585574638	0.00377002827521206
mcomisiones_mantenimiento_tend6	0.0140960186167789	0.00642496248748391	0.0061262959472196
mtarjeta_visa_consumo	0.0126574467654502	0.00883145313924304	0.00706880301602262
mprestamos_personales	0.011297224912807	0.0157181292319257	0.00801131008482564
cpayroll_trx_lag1	0.0090860681578169	0.00326087437812373	0.00188501413760603
mcaja_ahorro	0.00800762642738674	0.0102382239225954	0.0117813383600377
mcomisiones_otras_avg6	0.00776211268604034	0.00397250815424314	0.00471253534401508
mpasivos_margen_lag1	0.00697441117753562	0.00303172211102686	0.00424128180961357
vm_status01_avg6	0.006153998103004	0.00373575405065229	0.00235626767200754
mpayroll_sobre_edad	0.0058528379654952	0.00807702964430184	0.00329877474081056
vm_msaldopesos	0.00558935026605488	0.00164787439132898	0.00282752120640905
mcaja_ahorro_lag1	0.00540885385249426	0.00322795920979928	0.00706880301602262
ctrx_quarter	0.00519444330116533	0.00659800222953244	0.00754005655042413
mpayroll_lag1	0.00505966381696153	0.00391149753867033	0.00235626767200754
vm_msaldototal	0.00381434859749411	0.00232486887125933	0.00235626767200754
cprestamos_personales	0.00342147064245949	0.00272886337771774	0.00141376060320452
ctrx_quarter_normalizado_avg6	0.00339397481332914	0.00140057959692947	0.00377002827521206
ccomisiones_mantenimiento_tend6	0.00306308747140922	0.0151190731684208	0.00659754948162111
ccomisiones_mantenimiento_delta1	0.0030444862793012	0.0033093458819539	0.00282752120640905
mcuentas_saldo	0.00294327180732367	0.00799242982476317	0.0061262959472196
mrentabilidad_annual	0.00290307862060939	0.00715916666474009	0.00659754948162111
ctarjeta_visa_transacciones	0.00269478762537886	0.00158392492144149	0.00188501413760603
mprestamos_personales_lag1	0.00260401369897241	0.00310331260213253	0.00188501413760603
mcomisiones_mantenimiento_avg6	0.00211775752262862	0.00351894497167709	0.00424128180961357
mactivos_margen	0.00209929198460403	0.00268438871575554	0.00471253534401508
ctrx_quarter_normalizado_delta1	0.00194186415435399	0.00455079631392434	0.00329877474081056
mprestamos_personales_avg6	0.00193921486961897	0.00207980760613898	0.00188501413760603
mrentabilidad_annual_lag1	0.00165917002582778	0.00338203354533706	0.00518378887841659
mcomisiones_avg6	0.00160948270266372	0.00353042609586645	0.00377002827521206
cdescubierto_preacordado	0.00159504904524798	0.0105117332974819	0.00424128180961357
ctrx_quarter_normalizado	0.00149248801797488	0.0066085037356169	0.00706880301602262
ctarjeta_debito_transacciones	0.00148269995350276	0.00479785599997868	0.00235626767200754
cproductos_tend6	0.00147939707217542	0.0059190876981165	0.00282752120640905
vm_status04	0.00142172787199954	0.00159807060687616	0.000942507068803016
cdescubierto_preacordado_avg6	0.00138826131998387	0.001282594392376	0.000942507068803016
mcuenta_corriente	0.00136537758494779	0.00403673191720001	0.00706880301602262
mcomisiones	0.00134892124517658	0.00326044334615758	0.00659754948162111
mautoservicio	0.00132491835238553	0.00731770805883618	0.00706880301602262
Visa_msaldototal	0.00126812037014955	0.00328536483074609	0.00235626767200754
vm_fechaalta	0.00122040870461391	0.00226366233206554	0.0056550424128181
vm_status02_avg6	0.0011974442132436	0.00316165865646004	0.00141376060320452
vm_status01_delta1	0.00118917950927194	0.00142847912055686	0.000471253534401508
ccomisiones_otras_avg6	0.00115881637150704	0.0122273188922212	0.00754005655042413
cprestamos_personales_avg6	0.0011485255243073	0.000465396969273181	0.000471253534401508
ccaja_seguridad	0.00108357417675299	0.00521736765721862	0.00141376060320452
cproductos	0.00101804748981164	0.00558652694386698	0.00377002827521206
ccallcenter_transacciones_avg6	0.00100438168023838	0.00918352788614204	0.0061262959472196
mrentabilidad	0.00100175600217183	0.00268693572282826	0.00377002827521206
mcuentas_saldo_tend6	0.000998549773020118	0.00347999535582649	0.0061262959472196
mpasivos_margen_avg6	0.000980466914964061	0.00463085070545631	0.00471253534401508
cprestamos_personales_tend6	0.000917341343241903	0.00269857358591441	0.000942507068803016
tcallcenter_tend6	0.000913951835240605	0.00886875699667741	0.00329877474081056
mactivos_margen_avg6	0.000913907285785239	0.00238384188117397	0.00377002827521206
Visa_cconsumos_avg6	0.000884485332560992	0.00150195047842393	0.00329877474081056
mcuentas_saldo_delta1	0.000876335740600764	0.00567390887882355	0.00377002827521206
mpayroll_tend6	0.000875431573514251	0.00554064163183373	0.00282752120640905
mprestamos_personales_tend6	0.000874336588995283	0.0100832875231254	0.00377002827521206
vm_mpagominimo_avg6	0.000861027133081634	0.00276714685325701	0.00377002827521206
mv_status07	0.000848368804278631	0.000207600668789199	0.000471253534401508
Visa_mpagominimo	0.000826695644855313	0.00223780041409633	0.00329877474081056
ctarjeta_visa_debitos_automaticos_avg6	0.000816758013446737	0.00234618536122183	0.00377002827521206
ctrx_quarter_tend6	0.000815355870017726	0.00674431798967945	0.0061262959472196
mcomisiones_tend6	0.000783551727132183	0.00310746618289729	0.00659754948162111
mcomisiones_otras_tend6	0.00075964472023699	0.00109968009983014	0.00141376060320452
mrentabilidad_annual_avg6	0.000747147786290697	0.00489088053521945	0.00754005655042413
ccallcenter_transacciones_tend6	0.000738782850208207	0.00286961490702895	0.00141376060320452
Visa_fechaalta_avg6	0.00072970378704143	0.000869234736834805	0.00282752120640905
cproductos_delta1	0.000716426595870626	0.00587155662766703	0.00141376060320452
Master_status_avg6	0.000706155050485891	0.000328054510967001	0.000471253534401508
ccomisiones_mantenimiento_avg6	0.000692890381141778	0.00371757233862545	0.00377002827521206
mv_status07_delta1	0.00068808155366853	0.0021073936519728	0.000471253534401508
Visa_Fvencimiento_avg6	0.000681705466440713	0.00162017079132257	0.00282752120640905
mtransferencias_recibidas	0.000678923352218382	0.00152459924900909	0.00282752120640905
ccajas_consultas	0.000675905992332902	0.00322251253313607	0.000942507068803016
Master_msaldopesos	0.000674176368483414	0.00106915519968163	0.000942507068803016
mactivos_margen_lag1	0.00067339041627019	0.00257271225179759	0.00282752120640905
ctrx_quarter_normalizado_tend6	0.000670930564373681	0.0058532181767434	0.00659754948162111
ccuenta_debitos_automaticos	0.00065434849839125	0.00375707054061479	0.00188501413760603
mcuenta_debitos_automaticos_avg6	0.000651179969500835	0.00167432408016113	0.00188501413760603
ccaja_ahorro_avg6	0.00063944582271268	0.00183741090226393	0.000942507068803016
cliente_edad_avg6	0.000638634611073365	0.00825951290488155	0.0056550424128181
mrentabilidad_avg6	0.000627889671092622	0.00463774721691476	0.00377002827521206
vmr_mpagospesos_tend6	0.000627706882651944	0.00781496220888052	0.00659754948162111
cproductos_lag1	0.000625821266524895	0.0027450074840864	0.00188501413760603
ccallcenter_transacciones	0.000611909611125878	0.00444045213058905	0.00188501413760603
ctarjeta_master_transacciones	0.000611239823986913	0.000922996178431403	0.000942507068803016
ccomisiones_otras_lag1	0.000603157880292618	0.0016495593344694	0.00282752120640905
mpayroll	0.00058440678577577	0.00258458522322891	0.00141376060320452
ctrx_quarter_delta1	0.000561396913852025	0.00946405132665957	0.00377002827521206
ccaja_ahorro_lag1	0.000531138771807699	0.00202820132437315	0.000942507068803016
mautoservicio_avg6	0.000529542033479201	0.00208862416908303	0.00471253534401508
mcuenta_corriente_tend6	0.0005169952944242	0.0041915899472217	0.00471253534401508
mcaja_ahorro_avg6	0.000514861583430828	0.00428077437949128	0.0056550424128181
ctarjeta_master	0.000496324123052182	0.00012288329507794	0.000471253534401508
mttarjeta_visa_debitos_automaticos_avg6	0.000494702709979167	0.00436474724344282	0.00329877474081056
mactivos_margen_delta1	0.000486019883740277	0.00725403288201805	0.00424128180961357
Visa_mpagospesos_tend6	0.000477552374562861	0.00256154460540179	0.00329877474081056
Visa_cconsumos_lag1	0.000469449629204342	0.000648076153473869	0.00188501413760603
ccaja_seguridad_avg6	0.000467551338976425	0.00934900497642079	0.00235626767200754
mcomisiones_mantenimiento_delta1	0.000450704246469322	0.000714964477676051	0.000942507068803016
ctarjeta_visa_transacciones_tend6	0.000449531025505086	0.00328724569750749	0.00424128180961357
mrentabilidad_annual_delta1	0.000449273358022195	0.00239058165373564	0.00377002827521206
vmr_mpagominimo	0.000443950578974585	0.00257651317004458	0.00377002827521206
mrentabilidad_delta1	0.000437761575398046	0.00191413459223925	0.00329877474081056
Master_fechaalta	0.000418360648810983	0.00135524287103496	0.00377002827521206
vm_mpagominimo	0.000417965515150076	0.00127311168912062	0.00235626767200754
ctarjeta_master_tend6	0.000417948193491135	0.000975425339405346	0.000471253534401508
mcaja_ahorro_dolares_delta1	0.000416695858733361	0.00290605670053102	0.00377002827521206
ccaja_seguridad_lag1	0.000415798730637123	0.00109944499148496	0.000471253534401508
cliente_edad_lag1	0.000414888558643537	0.00383653716128382	0.00518378887841659
vm_Fvencimiento_tend6	0.000411311843011181	0.00163694185327836	0.00141376060320452
thomebanking	0.000391448788375822	0.0015346697231274	0.00188501413760603
vm_Fvencimiento_lag1	0.00039142095568052	0.0024447349425742	0.00424128180961357
chomebanking_transacciones_lag1	0.0003845353247202	0.00197545868560564	0.00377002827521206
mcomisiones_lag1	0.000373868822001356	0.00229743956432229	0.00424128180961357
Visa_cconsumos_delta1	0.000369767551134122	0.00363986903054524	0.00518378887841659
Master_cconsumos	0.000366453379522671	0.000571901049637289	0.00141376060320452
Visa_fechaalta_lag1	0.000363473186020128	0.00383473466397081	0.00518378887841659
mcuentas_saldo_avg6	0.000363251295366088	0.00369997839746155	0.00282752120640905
Master_Fvencimiento_avg6	0.000361932338069385	0.00254614500879286	0.0061262959472196
ccajas_transacciones_tend6	0.000358426756065394	0.0071840489646044	0.00329877474081056
ccomisiones_mantenimiento	0.000353518560198005	0.00162702811805683	0.00282752120640905
mactivos_margen_tend6	0.000351278095267106	0.00204297396539495	0.0056550424128181
mrentabilidad_annual_tend6	0.000349385670660336	0.00288501450363789	0.00235626767200754
vm_mpagospesos_tend6	0.000344272235910033	0.00179371993478565	0.00424128180961357
vmr_Visa_mlimitecompra	0.000340461688137083	0.00185559261429077	0.00282752120640905
vmr_msaldototal_delta1	0.000340290969510642	0.00235124019064309	0.00235626767200754
cliente_edad	0.000333704158189099	0.00311980937101895	0.00282752120640905
Master_fechaalta_avg6	0.000332780976072133	0.0028311355078687	0.00424128180961357
ctransferencias_recibidas_avg6	0.000332654536900648	0.00239383398584389	0.00518378887841659
thomebanking_tend6	0.000332361614619354	0.00361447732926638	0.00235626767200754
Visa_status_delta1	0.000330852394369672	0.00104748604720137	0.000471253534401508
Master_mfinanciacion_limite_lag1	0.000330115947435662	0.000969194968258218	0.00188501413760603
chomebanking_transacciones_tend6	0.000329688647297366	0.00137679446934264	0.00282752120640905
mcomisiones_mantenimiento	0.000328427146607314	0.00156268680092738	0.00141376060320452
Visa_mpagominimo_tend6	0.000327467640457222	0.00111194491850341	0.00235626767200754
Visa_mconsumosdolares_tend6	0.000325570501863706	0.00116460918782253	0.00282752120640905
mcuenta_debitos_automaticos_lag1	0.000324537174173007	0.00545627692064024	0.00188501413760603
mpayroll_sobre_edad_tend6	0.000322920849938842	0.00432309388162271	0.00282752120640905
mtransferencias_emitidas_lag1	0.000320947594031331	0.00137608914430711	0.00235626767200754
Master_cconsumos_avg6	0.00031888017456714	0.00205653187996669	0.00282752120640905
vmr_mpagado_tend6	0.000317506509829309	0.00172777204396416	0.00329877474081056
mcuenta_corriente_avg6	0.000313071341669615	0.00152416821704293	0.00235626767200754
mcuenta_corriente_delta1	0.000312606107468645	0.00327905609015057	0.00424128180961357
Master_mlimitecompra_lag1	0.000312347233631883	0.0019183273577282	0.00377002827521206
mcomisiones_otras_lag1	0.00031038522330726	0.00100720415072812	0.00282752120640905
mtransferencias_recibidas_tend6	0.000304620391598963	0.00213846713826005	0.00377002827521206
Visa_fechaalta	0.000303341985990428	0.00170324240661761	0.00282752120640905
vm_Fvencimiento	0.000302095893583935	0.00136887915505509	0.00377002827521206
Visa_mconsumototal_tend6	0.000296634237284738	0.00269473348294322	0.00518378887841659
mcaja_ahorro_delta1	0.000292786979864238	0.00266142646737682	0.00282752120640905
Master_msaldototal_tend6	0.000289720686231025	0.00113416265712242	0.00188501413760603
mpayroll_delta1	0.000289454684729985	0.005441817757412	0.00235626767200754
mtransferencias_emitidas	0.000288349671293133	0.00132134808460562	0.00188501413760603
Visa_msaldototal_delta1	0.000284000017957101	0.000538163002104729	0.00141376060320452
vm_Fvencimiento_avg6	0.000280862022990578	0.0053194830484728	0.00377002827521206
mttarjeta_visa_debitos_automaticos_delta1	0.000279931825660478	0.000937847188901601	0.000942507068803016
ccajas_consultas_tend6	0.000278929153118344	0.00779913158030543	0.00188501413760603
Master_fultimo_cierre	0.000271667747710171	0.000744509759719663	0.00141376060320452
ccajas_otras_tend6	0.000270539989365953	0.0021073936519728	0.000471253534401508
azar_sampling	0.000269732748140827	0.00173443344707744	0.00282752120640905
vm_fechaalta_avg6	0.000268784539150738	0.00141347137118988	0.00282752120640905
ccomisiones_otras_tend6	0.000267607653895227	0.00298720826434046	0.00329877474081056
vmr_mpagominimo_lag1	0.000265453459605463	0.00143604177232664	0.00282752120640905
Visa_fultimo_cierre_tend6	0.000264302127654039	0.0084295746078912	0.00188501413760603
Visa_cconsumos	0.000261071007648224	0.00198329563044479	0.00282752120640905
ctarjeta_visa_transacciones_avg6	0.0002598677364343	0.000766374835820904	0.00235626767200754
mcuenta_debitos_automaticos	0.0002583768149879	0.00738490986083193	0.00235626767200754
vmr_mpagominimo_tend6	0.000255243618804171	0.00215645292666591	0.00235626767200754
numero_de_cliente	0.000253301712795773	0.00181632952064661	0.00282752120640905
mcaja_ahorro_dolares_avg6	0.000251904108021609	0.00221088050857383	0.00188501413760603
ccuenta_debitos_automaticos_avg6	0.000251385705398111	0.00143941165860748	0.00377002827521206
mcomisiones_otras_delta1	0.000249616917101429	0.00108859082288273	0.00235626767200754
Master_Fvencimiento	0.000241212939142881	0.0023242419156722	0.00424128180961357
mcaja_ahorro_dolares	0.000240207963331945	0.00374366936493984	0.00235626767200754
ctransferencias_recibidas_tend6	0.000237430467279888	0.00164207505214801	0.00235626767200754
Master_Fvencimiento_lag1	0.00023455770087916	0.00183560840495093	0.00377002827521206
vmr_msaldopesos2	0.000233651967328067	0.00185849228388126	0.00377002827521206
Master_mfinanciacion_limite_tend6	0.000227681127177484	0.000766022173303142	0.00282752120640905
Visa_Fvencimiento_lag1	0.000227322065816221	0.00119172501696601	0.00188501413760603
mcomisiones_otras	0.000226514349488333	0.00230966519827137	0.00282752120640905
Visa_mpagominimo_delta1	0.000223426308271093	0.00340166509215914	0.00377002827521206
chomebanking_transacciones	0.000219983794475064	0.00145583005804551	0.00329877474081056
ccuenta_debitos_automaticos_tend6	0.000217398246673505	0.00569745889806521	0.00235626767200754
vm_msaldopesos_delta1	0.000217210757409366	0.00252702286338532	0.00141376060320452
cpayroll_trx_tend6	0.000214879473463083	0.0020564535105183	0.00188501413760603
vm_mpagospesos_delta1	0.000214529652115843	0.00114239144920353	0.00188501413760603
cliente_antiguedad_lag1	0.000211628108936748	0.000885222104306679	0.00282752120640905
vm_status06_tend6	0.000209903623054241	0.00320887624911594	0.000942507068803016
Visa_mfinanciacion_limite_delta1	0.000207438347271949	0.00204606955860642	0.00424128180961357
Visa_msaldopesos_avg6	0.000207093003278443	0.00128051760199362	0.00141376060320452
Master_mlimitecompra_delta1	0.000206870541308166	0.00132695150016561	0.00282752120640905
mtransferencias_emitidas_avg6	0.000206037461126813	0.00201687693908057	0.00424128180961357
Visa_mconsumospesos_tend6	0.000205166794640808	0.0035076597711087	0.00377002827521206
Visa_mfinanciacion_limite_lag1	0.00020394252829298	0.00162855632230047	0.00329877474081056
mrentabilidad_tend6	0.000199382420964078	0.00139509373554206	0.00188501413760603
Visa_mpagominimo_avg6	0.000197170491892814	0.00212757378493362	0.00235626767200754
cliente_antiguedad	0.000196606218893577	0.00210421968931294	0.00329877474081056
vm_fultimo_cierre_avg6	0.00019625311866381	0.000768020594237126	0.00188501413760603
chomebanking_transacciones_delta1	0.00019294242506784	0.00161930872739027	0.00282752120640905
Visa_fultimo_cierre_lag1	0.000189226105141979	0.000886240907135769	0.00235626767200754
Master_fechaalta_tend6	0.000188476777474134	0.000677190403551327	0.000942507068803016
ctransferencias_recibidas	0.000188348323401632	0.000429111914667896	0.000942507068803016
vmr_mpagominimo_avg6	0.000186524693261514	0.00186785743296405	0.00235626767200754
Visa_mlimitecompra_avg6	0.0001857126589934	0.00124007896662359	0.00235626767200754
mttarjeta_visa_debitos_automaticos_lag1	0.000185659199983696	0.00154137031096488	0.00329877474081056
vm_msaldototal_tend6	0.00018176778831251	0.00209038748167184	0.00282752120640905
vm_mconsumototal_avg6	0.000179768584666134	0.00102566015582433	0.00188501413760603
Master_mfinanciacion_limite_delta1	0.000179720694797535	0.00096778431818717	0.00235626767200754
thomebanking_avg6	0.000177690493757176	0.00194399335207643	0.00188501413760603
Visa_status_lag1	0.000176330775367041	0.000933066652549717	0.000471253534401508
Visa_mpagado_avg6	0.000168851621975338	0.00221001844464153	0.00188501413760603
mtransferencias_emitidas_tend6	0.000167089685015584	0.00118635670975119	0.00141376060320452
Visa_mconsumosdolares_avg6	0.000165595903462802	0.00121805715162556	0.00282752120640905
Visa_msaldototal_lag1	0.00016524562334972	0.0023177372514557	0.00188501413760603
Visa_mlimitecompra_delta1	0.000164907310274888	0.00138819722408361	0.00235626767200754
vm_mfinanciacion_limite_lag1	0.000163138496570004	0.000736437706535334	0.00235626767200754
matm_other_avg6	0.00016085234126364	0.000818333780104497	0.00141376060320452
vm_mfinanciacion_limite_delta1	0.00015851503404291	0.000727934621384852	0.00282752120640905
vm_fechaalta_lag1	0.00015460485994529	0.0013835734266285	0.00235626767200754
vmr_msaldopesos2_avg6	0.000154185600737564	0.0023696570110151	0.00235626767200754
Master_mfinanciacion_limite	0.000150399841726725	0.000598703400987197	0.00235626767200754
vmr_msaldopesos_lag1	0.000150312864852854	0.00106417873970877	0.00188501413760603
Master_mpagominimo_avg6	0.000148479018403386	0.000525310412568516	0.00141376060320452
vm_mconsumospesos_avg6	0.000148444437534577	0.000695763962820123	0.00188501413760603
vm_msaldopesos_lag1	0.000146679942611758	0.00217530077900407	0.00188501413760603
Visa_delinquency_lag1	0.000145744717518925	0.000235617746589175	0.000471253534401508
mextraccion_autoservicio_lag1	0.000144213730705597	0.000654972664932325	0.00188501413760603
Master_mlimitecompra_tend6	0.00014184384179001	0.000684713870596915	0.00188501413760603
Visa_mpagominimo_lag1	0.000141837471946159	0.000794391913620881	0.00282752120640905
Visa_mpagospesos	0.00014126845603156	0.000785301057607461	0.00141376060320452
catm_trx	0.000140757314031325	0.000149215429737499	0.000471253534401508
vm_mconsumospesos_delta1	0.000138205534036116	0.00128153640482272	0.00188501413760603
tcallcenter_avg6	0.000137465532708956	0.000755246374149305	0.000942507068803016
mpasivos_margen_tend6	0.000137249235901097	0.000539965499417735	0.00188501413760603
vmr_msaldopesos2_lag1	0.000134339455107459	0.00381478963935516	0.00235626767200754
Master_msaldopesos_tend6	0.000133261959390544	0.00278599470559518	0.00141376060320452
ccaja_ahorro	0.000131836441716874	0.000978089900650658	0.000471253534401508
ctarjeta_visa	0.0001308574851291	0.000996585090471063	0.000471253534401508
mpagomiscuentas_avg6	0.000130651722776004	0.00106950786219939	0.00188501413760603
Visa_mconsumospesos_avg6	0.000128163907163586	0.000643138878225202	0.000942507068803016
vm_mpagospesos_avg6	0.000124393624612779	0.000700348575551028	0.00188501413760603
vm_mfinanciacion_limite_tend6	0.000123604195957735	0.00120273592446502	0.00188501413760603
mcaja_ahorro_dolares_tend6	0.000123591829204272	0.000755324743597696	0.00141376060320452
Visa_mconsumototal_delta1	0.000122955942575941	0.00152879201449803	0.00188501413760603
ctransferencias_emitidas_avg6	0.000121797855869368	0.000537261753448226	0.00141376060320452
vm_mconsumototal_tend6	0.00011971614643451	0.00137365969140697	0.00188501413760603
Master_msaldopesos_delta1	0.000118658163757412	0.00084184461462196	0.000942507068803016
ctarjeta_visa_transacciones_lag1	0.000118120623515882	0.000798898156903394	0.00141376060320452
vm_mconsumototal	0.000117185374583429	0.00037570313558906	0.000942507068803016
Visa_msaldototal_avg6	0.000115925475528461	0.00026912068577656	0.000942507068803016
vm_cconsumos_tend6	0.000115905314273373	0.0019544556734367	0.00188501413760603
ctarjeta_visa_debitos_automaticos_tend6	0.000115567252943981	0.00339049744576335	0.00141376060320452
tcallcenter_delta1	0.00011529745335084	0.00334778609638995	0.000942507068803016
mcuenta_corriente_lag1	0.000114480905989142	0.00176205867763546	0.00141376060320452
mtarjeta_master_consumo_tend6	0.000114136147914892	0.00387113727274868	0.00141376060320452
Master_Fvencimiento_tend6	0.000114093902952819	0.000343062260333982	0.000942507068803016
vm_fultimo_cierre_lag1	0.000113683543350437	0.000762025331435173	0.00141376060320452
ccajas_extracciones_avg6	0.000113258214337581	0.00150418400770309	0.00141376060320452
Master_mlimitecompra	0.000113186647698354	0.000701249824207531	0.00141376060320452
Visa_msaldodolares	0.000112816520606011	0.000978834410410378	0.000471253534401508
Master_mlimitecompra_avg6	0.000112354012965302	0.00240602043506878	0.00235626767200754
mpagomiscuentas	0.000111693901759389	0.00128827617738439	0.00141376060320452
vm_cconsumos_lag1	0.000111612634697277	0.00186374303692349	0.000942507068803016
mplazo_fijo_dolares	0.000111163525138126	0.00426368983974192	0.00141376060320452
mtransferencias_recibidas_avg6	0.000110909332303365	0.000698310969892848	0.00188501413760603
Master_msaldototal_avg6	0.000110832780452491	0.0011537942039445	0.00188501413760603
cseguro_vida_avg6	0.000110695759836376	0.00140073633582625	0.000471253534401508
catm_trx_tend6	0.000109113899680532	0.00381992283822481	0.00188501413760603
ctarjeta_visa_descuentos_avg6	0.00010899758093257	0.00337082671421707	0.00141376060320452
cpayroll_trx_delta1	0.000108405127788523	0.00276514843232302	0.000942507068803016
cextraccion_autoservicio_tend6	0.000108236247430178	0.000519393519214954	0.00141376060320452
vm_mfinanciacion_limite_avg6	0.000107901607024345	0.000655638805243653	0.00141376060320452
Visa_fechaalta_tend6	0.000107746674544311	0.000292357227224653	0.000942507068803016
Master_mpagospesos_avg6	0.000107707833669036	0.000285029683800044	0.000942507068803016
vmr_mpagado_avg6	0.000107236744790814	0.000807675535123247	0.00188501413760603
vm_msaldopesos_avg6	0.000106658646362431	0.000443061676481591	0.00141376060320452
vmr_msaldopesos_tend6	0.000105093109292584	0.00124489868769967	0.00188501413760603
vm_cconsumos	0.000104866626091715	0.00109286195782007	0.000942507068803016
ccajas_consultas_avg6	0.000103184977825242	0.00152279675169608	0.000942507068803016
Visa_mconsumospesos_lag1	0.000102731536932986	0.00155759278678193	0.00188501413760603
cproductos_avg6	0.000101910341605692	0.00242149840112611	0.00141376060320452
vmr_msaldopesos_avg6	0.000101202146244529	0.000901091917605967	0.00141376060320452
vmr_msaldodolares2_lag1	0.000100189964300207	0.000894077851974924	0.000471253534401508
Visa_mconsumospesos	0.000100014641585146	0.000619275381189977	0.000942507068803016
Master_cconsumos_tend6	9.82374848063755e-05	0.000921311235290985	0.00141376060320452
vm_cconsumos_avg6	9.77115717633151e-05	0.00202867154106349	0.00141376060320452
Master_mconsumototal_lag1	9.72795435566184e-05	0.000949916083953899	0.00141376060320452
vm_mlimitecompra_delta1	9.70104945768622e-05	0.00136112057966433	0.00188501413760603
chomebanking_transacciones_avg6	9.63551552149264e-05	0.00121790041272878	0.000942507068803016
ctransferencias_emitidas_lag1	9.61531477654886e-05	0.000564534321488484	0.00188501413760603
Visa_mpagospesos_delta1	9.52741954111207e-05	0.00180915871611878	0.00141376060320452
vmr_Visa_mlimitecompra_lag1	9.52323187149127e-05	0.00108698424919071	0.00188501413760603
Visa_mconsumospesos_delta1	9.51366905085561e-05	0.000509166306199858	0.000942507068803016
Master_mfinanciacion_limite_avg6	9.47553029909602e-05	0.000336322487772309	0.000942507068803016
cmobile_app_trx_avg6	9.47084563892503e-05	0.00117558091059735	0.00141376060320452
cmobile_app_trx_lag1	9.46963216769562e-05	0.000683420774698455	0.000942507068803016
Visa_msaldopesos	9.46580930475092e-05	0.000818177041207714	0.00141376060320452
Visa_mpagospesos_avg6	9.39279237760878e-05	0.00052248911242642	0.000471253534401508
Visa_mpagado_tend6	9.343985119862e-05	0.000357952455528375	0.000942507068803016
mtransferencias_recibidas_delta1	9.17141264366821e-05	0.00119090213775789	0.00141376060320452
mtarjeta_visa_consumo_delta1	9.10644500425244e-05	0.000999876607303507	0.00141376060320452
mpasivos_margen_delta1	9.09093767459498e-05	0.000469628919486324	0.00141376060320452
mcaja_ahorro_tend6	9.07172527808996e-05	0.000474801303080166	0.000942507068803016
vm_mconsumosdolares_avg6	9.04912835604019e-05	0.00112761880818172	0.00188501413760603
Visa_mconsumosdolares	8.88629022115052e-05	0.000998936173922809	0.000942507068803016
catm_trx_other_avg6	8.82728564180512e-05	0.00231750214311053	0.00141376060320452
Visa_mconsumototal	8.71882672209822e-05	0.00222612336628599	0.00188501413760603
vm_mpagominimo_lag1	8.70277194029355e-05	0.00110446063618202	0.00235626767200754
vmr_Visa_mlimitecompra_avg6	8.69586731990649e-05	0.000909830111101624	0.00141376060320452
Visa_mpagosdolares_avg6	8.61519903421334e-05	0.000227584878129042	0.000471253534401508
vm_Finiciomora_avg6	8.58588005094128e-05	0.00324790423441493	0.000942507068803016
ccallcenter_transacciones_delta1	8.42354551885674e-05	0.00259590960852149	0.000942507068803016
cmobile_app_trx	8.29346532143792e-05	0.000271197476158936	0.000471253534401508
mextraccion_autoservicio_avg6	8.28941053977389e-05	0.000307756823833591	0.000942507068803016
Master_mconsumospesos_tend6	8.21882618775218e-05	0.000155798463402388	0.000471253534401508
vmr_mconsumototal	8.21420784911041e-05	0.000611124958557256	0.00141376060320452
vmr_mconsumototal_avg6	8.17786130925448e-05	0.000269826010812084	0.000942507068803016
vm_mconsumospesos	8.09804649424437e-05	0.000786829261851097	0.000942507068803016
cliente_antiguedad_avg6	8.0174101677834e-05	0.000537261753448226	0.00188501413760603
vmr_mpagospesos_lag1	7.98550701732413e-05	0.00183427612432827	0.00141376060320452
ctarjeta_master_transacciones_avg6	7.88764895044052e-05	0.00390495368972963	0.000942507068803016
vmr_Master_mlimitecompra	7.77060107892292e-05	0.00243697636718344	0.00141376060320452
Visa_cconsumos_tend6	7.7626695566814e-05	0.0013771079471362	0.00188501413760603
Visa_mfinanciacion_limite_tend6	7.72360251779869e-05	0.00150908209822756	0.00188501413760603
cpayroll_trx_avg6	7.70121706115276e-05	0.00131868352336031	0.00141376060320452
vmr_mconsumospesos_avg6	7.68250447583359e-05	0.000504111476778604	0.00141376060320452
mextraccion_autoservicio_tend6	7.67206519468408e-05	0.00151354915678588	0.000942507068803016
Master_fechaalta_lag1	7.67004674264114e-05	0.000934477302620764	0.000942507068803016
Master_mconsumototal_tend6	7.57290316663782e-05	0.00140708426114597	0.000942507068803016
vm_mconsumospesos_tend6	7.49138361434661e-05	0.000828090776429244	0.000942507068803016
vmr_mpagominimo_delta1	7.46383279702335e-05	0.000393297076752961	0.00141376060320452
Master_mpagado_avg6	7.36475746298621e-05	0.000157287482921828	0.000471253534401508
mttarjeta_visa_debitos_automaticos	7.34598698551923e-05	0.000181934674440968	0.000471253534401508
vm_msaldototal_delta1	7.19091883180959e-05	0.00262847211432817	0.000942507068803016
cextraccion_autoservicio	7.15478628717639e-05	0.000294394832882833	0.000942507068803016
cseguro_accidentes_personales_avg6	6.82964383453375e-05	0.000678013282759439	0.000942507068803016
Master_mconsumospesos_delta1	6.82639011530996e-05	0.000480365533915966	0.000471253534401508
Master_mpagominimo	6.80184101682804e-05	0.000511987606341954	0.000471253534401508
Visa_mpagosdolares_lag1	6.76426577612775e-05	0.00302788200805567	0.000942507068803016
vm_mpagado_lag1	6.73837414499606e-05	0.000373783084103467	0.000942507068803016
Master_fultimo_cierre_lag1	6.67636085190075e-05	0.000434558591331109	0.000942507068803016
Visa_mconsumototal_avg6	6.54469372860411e-05	0.000374801886932557	0.00141376060320452
vmr_msaldopesos2_tend6	6.54006747668503e-05	0.000857126657058311	0.000942507068803016
mcaja_ahorro_dolares_lag1	6.36717403061635e-05	0.000380131009423182	0.00141376060320452
Visa_mpagado_delta1	6.35901903864793e-05	0.00177205078230539	0.00141376060320452
Master_mpagominimo_lag1	6.29766245573296e-05	0.000117240694793749	0.000471253534401508
vmr_mpagado_lag1	6.26698183774134e-05	0.000585889996175179	0.000942507068803016
Master_fultimo_cierre_avg6	6.25912770337237e-05	0.000914571462729312	0.000471253534401508
vmr_msaldototal	6.14243239361433e-05	0.000549330648500524	0.00188501413760603
Visa_msaldodolares_tend6	6.01886872649362e-05	0.000374801886932557	0.000471253534401508
vmr_msaldopesos_delta1	5.90580547326825e-05	0.00181448783860941	0.00141376060320452
ctransferencias_recibidas_lag1	5.85131908445344e-05	0.000207365560444024	0.000942507068803016
mtarjeta_master_consumo_avg6	5.85066196100716e-05	0.000576172184574628	0.000942507068803016
vmr_mconsumospesos_tend6	5.83464065097781e-05	0.0012705254973237	0.000942507068803016
ccajas_otras_avg6	5.78429971743403e-05	0.00122620757425829	0.000471253534401508
matm_avg6	5.76928708240491e-05	0.00248395885149417	0.00141376060320452
vmr_msaldopesos2_delta1	5.74787109071882e-05	0.00113377080988046	0.000942507068803016
vm_msaldototal_avg6	5.72862588931708e-05	0.000964806279148292	0.00141376060320452
catm_trx_lag1	5.67712682008705e-05	0.000246863762433362	0.000471253534401508
vmr_mconsumototal_delta1	5.65044784082166e-05	0.000575427674814908	0.000942507068803016
Master_mpagospesos_delta1	5.61976967181334e-05	0.000145022664248551	0.000471253534401508
vm_mconsumosdolares_lag1	5.6006019692537e-05	0.000357207945768655	0.000471253534401508
vm_mpagado_delta1	5.5615788283968e-05	0.00031833669936645	0.000942507068803016
Master_fechaalta_delta1	5.45918101992948e-05	0.000127781385602412	0.000471253534401508
ccheques_emitidos_avg6	5.4278070947632e-05	0.00119991462432292	0.000471253534401508
Master_mpagospesos	5.38664752209246e-05	0.000190085097073689	0.000471253534401508
mtarjeta_visa_consumo_tend6	5.36048846198348e-05	0.000137655936099746	0.000471253534401508
Visa_fultimo_cierre_delta1	5.29348036028729e-05	0.000203682196369622	0.000471253534401508
mrentabilidad_lag1	5.28060688539246e-05	0.000321432292577916	0.00141376060320452
vm_status04_tend6	5.27699478424721e-05	0.00151868235565553	0.000471253534401508
Visa_mpagosdolares	5.25285907414778e-05	0.000732088202149603	0.000471253534401508
Visa_mlimitecompra_lag1	5.22132694465976e-05	0.000156503788437912	0.000471253534401508
ctarjeta_debito_avg6	5.17364536209077e-05	0.000353720505315232	0.000942507068803016
mpagomiscuentas_tend6	5.14230841657244e-05	0.000519275965042367	0.000942507068803016
vmr_msaldototal_lag1	5.11544045221611e-05	0.00041026406232973	0.000942507068803016
vmr_msaldototal_avg6	5.09076380773248e-05	0.00119674066166306	0.000471253534401508
mcheques_depositados_avg6	5.06031706764683e-05	0.00155727930898836	0.000471253534401508
ctarjeta_debito_transacciones_avg6	5.04209355732291e-05	0.000897526107704152	0.00235626767200754
Visa_Fvencimiento	4.97789028948895e-05	0.00020638594233913	0.000942507068803016
mttarjeta_visa_debitos_automaticos_tend6	4.9474424473608e-05	0.000510694510443493	0.000471253534401508
cpagomiscuentas_tend6	4.94224325579668e-05	0.000652347288411208	0.000471253534401508
cpagomiscuentas_lag1	4.85690157525576e-05	0.000351291052415094	0.000471253534401508
thomebanking_delta1	4.79306147836755e-05	0.0020323549051379	0.000471253534401508
vm_mpagospesos_lag1	4.74381340362522e-05	0.000102468053771943	0.000471253534401508
mpayroll_sobre_edad_avg6	4.7389882748149e-05	0.00172216862840417	0.00235626767200754
ccajas_transacciones_avg6	4.71442903249883e-05	0.000192867212491589	0.000471253534401508
Visa_mpagosdolares_delta1	4.64608329611949e-05	0.000297176948300733	0.000471253534401508
vm_msaldopesos_tend6	4.63857422349871e-05	0.00185371174752937	0.000471253534401508
vmr_msaldodolares2_avg6	4.61027867035131e-05	0.000877189235846546	0.000471253534401508
mautoservicio_tend6	4.60560337095714e-05	0.00111045589898398	0.00235626767200754
vmr_msaldototal_tend6	4.60104110531133e-05	0.000227036291990301	0.000471253534401508
Master_msaldototal_lag1	4.51579885349273e-05	0.00140097144417143	0.000471253534401508
Master_mpagospesos_tend6	4.50669491110452e-05	0.00165712198623919	0.00141376060320452
vmr_msaldopesos	4.46557510380026e-05	0.000114772057169415	0.000471253534401508
matm_other_tend6	4.4624874256448e-05	0.00181072610508661	0.000471253534401508
cseguro_vida	4.42653879965807e-05	0.0018793777418776	0.000471253534401508
mextraccion_autoservicio	4.4046254806866e-05	0.000909477448583862	0.00141376060320452
Visa_Fvencimiento_tend6	4.37566521224467e-05	0.000466337402653879	0.000942507068803016
mtarjeta_visa_consumo_lag1	4.35348464796965e-05	0.000530953012852707	0.000471253534401508
ccomisiones_otras	4.34764895033748e-05	0.00108592626163742	0.00141376060320452
vm_mlimitecompra_lag1	4.32398627667024e-05	0.000759321585465665	0.000942507068803016
cextraccion_autoservicio_delta1	4.31258408589609e-05	0.000496627194457211	0.000942507068803016
mcomisiones_mantenimiento_lag1	4.28537891195455e-05	0.00012159019917948	0.000471253534401508
vmr_mpagado	4.1441426159718e-05	0.000572253712155051	0.000471253534401508
Visa_mfinanciacion_limite	4.06772661622839e-05	0.000421235785104546	0.00141376060320452
vmr_mpagospesos_avg6	4.06751147926285e-05	0.000238478231455467	0.000942507068803016
mttarjeta_master_debitos_automaticos_tend6	3.98723037783079e-05	0.000610968219660473	0.000471253534401508
vmr_mconsumospesos_delta1	3.9515359563115e-05	0.000216142938663877	0.000942507068803016
Visa_mlimitecompra	3.94906113622901e-05	0.000301604822134855	0.000942507068803016
Master_fultimo_cierre_tend6	3.89347766411653e-05	0.000833850930886023	0.000471253534401508
mtarjeta_master_consumo_delta1	3.89126574239222e-05	0.00135430243765426	0.000471253534401508
ccomisiones_mantenimiento_lag1	3.83609823009471e-05	0.0021073936519728	0.000471253534401508
Master_mconsumosdolares	3.79137954998161e-05	0.00012260900200857	0.000471253534401508
vm_mconsumospesos_lag1	3.73981620641934e-05	0.000660066679077775	0.000471253534401508
Visa_mconsumosdolares_lag1	3.73162876542208e-05	0.000277584586202847	0.000471253534401508
Visa_msaldototal_tend6	3.66512197060916e-05	0.000345922745200273	0.000471253534401508
ctarjeta_master_transacciones_tend6	3.65143411310081e-05	0.00206240958859605	0.000471253534401508
Visa_msaldopesos_delta1	3.64957772252832e-05	0.000568962195322606	0.000942507068803016
Master_mconsumospesos_avg6	3.64765704614398e-05	0.00114031465882115	0.000471253534401508
matm_tend6	3.61544287480452e-05	0.000893842743629749	0.000471253534401508
mplazo_fijo_dolares_tend6	3.59952448329871e-05	0.00167953564847917	0.000471253534401508
thomebanking_lag1	3.44204750960675e-05	0.000202741762988923	0.000471253534401508
mautoservicio_delta1	3.41507361152641e-05	0.000307639269661004	0.000942507068803016
cseguro_vida_lag1	3.41236975027999e-05	0.000696665211476626	0.000471253534401508
catm_trx_delta1	3.39675209392448e-05	0.00125692839802777	0.000471253534401508
matm	3.3577770175133e-05	0.0004244489324886	0.00141376060320452
vm_mpagado_avg6	3.35431390706833e-05	0.000131268826055835	0.000471253534401508
Master_msaldototal_delta1	3.32213524598684e-05	0.000267474927360338	0.000471253534401508
Visa_mpagospesos_lag1	3.31554250653888e-05	0.00182060065558395	0.000942507068803016
Visa_msaldopesos_lag1	3.28690528691711e-05	0.000687417616566424	0.00188501413760603
vmr_Master_mlimitecompra_lag1	3.28279159443943e-05	0.000138478815307857	0.000471253534401508
Master_mconsumospesos	3.13560230983017e-05	0.000119435039348712	0.000471253534401508
vm_fultimo_cierre	3.02588467392724e-05	0.000480639826985336	0.000471253534401508
vm_mpagado_tend6	3.00465002945516e-05	0.000286166040801721	0.000471253534401508
Master_mconsumosdolares_avg6	2.97857766335529e-05	9.44743700360057e-05	0.000471253534401508
vmr_Visa_mlimitecompra_tend6	2.97723562050219e-05	0.000832479465539171	0.000471253534401508
ctarjeta_debito_transacciones_delta1	2.94868548023372e-05	0.00127040794315112	0.000942507068803016
Master_msaldototal	2.90708669771274e-05	0.00072758195886709	0.000471253534401508
vmr_mconsumospesos	2.87977655422414e-05	0.00028052344051753	0.000942507068803016
mcuenta_debitos_automaticos_tend6	2.83340266751735e-05	0.00190943242533576	0.000471253534401508
vm_fultimo_cierre_tend6	2.82186330306562e-05	0.000611203328005648	0.000471253534401508
mtarjeta_visa_consumo_avg6	2.78838276245729e-05	0.000203760565818013	0.000471253534401508
vm_mlimitecompra_avg6	2.74482820655993e-05	0.000400742174350158	0.000942507068803016
Visa_mconsumosdolares_delta1	2.72991010228651e-05	0.000170688658596782	0.000471253534401508
cmobile_app_trx_tend6	2.72866920244405e-05	0.000343493292300135	0.000471253534401508
ctarjeta_visa_transacciones_delta1	2.6495650823901e-05	0.000268650469086211	0.000942507068803016
vm_status03_avg6	2.61972422077498e-05	0.000118612160140601	0.000471253534401508
Visa_mpagosdolares_tend6	2.60819195837485e-05	0.00126057257737798	0.000471253534401508
ctransferencias_emitidas_delta1	2.55423571322177e-05	0.000597527859261323	0.000471253534401508
vm_fechaalta_delta1	2.52771493827811e-05	0.000375193734174514	0.000471253534401508
vm_mpagado	2.52043876396997e-05	0.00054835103039563	0.000471253534401508
Visa_msaldopesos_tend6	2.51760773926524e-05	0.000483696235472606	0.000942507068803016
vmr_mpagado_delta1	2.49001186064911e-05	0.000116182707240463	0.000471253534401508
active_quarter_lag1	2.47723159635493e-05	0.00103247829783439	0.000471253534401508
vmr_Master_mlimitecompra_avg6	2.36344717876976e-05	0.000118847268485776	0.000471253534401508
ctarjeta_visa_debitos_automaticos_delta1	2.25854791752648e-05	0.000174646315740555	0.000471253534401508
Visa_fultimo_cierre	2.24768324797627e-05	0.000183658802305582	0.000471253534401508
active_quarter_avg6	2.16897708770996e-05	0.000135069744302825	0.000471253534401508
vm_mconsumototal_lag1	2.12607163483854e-05	0.000140320497345059	0.000471253534401508
ctarjeta_visa_debitos_automaticos_lag1	2.04369616288098e-05	0.0001139883626855	0.000471253534401508
vm_msaldototal_lag1	1.91882470806118e-05	9.45135547602014e-05	0.000471253534401508
foto_mes	1.8062262106432e-05	0.000130328392675137	0.000471253534401508
vm_mpagospesos	1.80166069351017e-05	0.000121080797764935	0.000471253534401508
mautoservicio_lag1	1.74677668324416e-05	0.000542982723180809	0.00188501413760603
mcuenta_debitos_automaticos_delta1	1.74040170258005e-05	0.000436988044231246	0.000471253534401508
vmr_mconsumospesos_lag1	1.62831369573275e-05	0.000298117381681431	0.000471253534401508
vmr_mpagospesos_delta1	1.62136225661133e-05	0.000102076206529985	0.000471253534401508
vm_mpagominimo_delta1	1.45729396679347e-05	0.000770920263827613	0.000471253534401508
mtransferencias_emitidas_delta1	1.45478584053798e-05	0.00040164342300666	0.000471253534401508
cextraccion_autoservicio_avg6	1.41985329772599e-05	0.00011575167527431	0.000471253534401508
Master_msaldopesos_avg6	1.38404597807617e-05	0.000257522007414612	0.000471253534401508
Master_mpagospesos_lag1	1.32855373059194e-05	0.000130406762123528	0.000471253534401508
ctarjeta_debito_transacciones_lag1	1.08509377738528e-05	0.000406815806600502	0.000942507068803016
catm_trx_other_tend6	9.60491192402606e-06	0.000426878385388737	0.000471253534401508
mttarjeta_master_debitos_automaticos_avg6	9.43923820320026e-06	0.000183933095374953	0.000471253534401508
mpagomiscuentas_lag1	8.64508863059629e-06	0.000240790130183017	0.000471253534401508
catm_trx_other_delta1	7.1638725050479e-06	0.000746351441756864	0.000471253534401508
vm_status01_tend6	6.18478612115862e-06	0.00026680878704901	0.000471253534401508
vmr_mconsumototal_lag1	6.16805466719437e-06	0.000138909847274011	0.000471253534401508
vmr_mconsumosdolares_tend6	6.10532395974495e-06	0.000168611868214406	0.000471253534401508
vm_mlimitecompra	5.48691832733169e-06	0.000174293653222793	0.000471253534401508
ctransferencias_emitidas	3.17711471977108e-06	0.00016144106368658	0.000471253534401508
cforex_avg6	2.69761419612912e-06	0.000215868645594507	0.000471253534401508
ctransferencias_emitidas_tend6	1.31335454425928e-06	0.000220962659739957	0.000471253534401508
ctarjeta_visa_debitos_automaticos	8.31955599368801e-08	0.000153956781365187	0.000471253534401508
mpayroll_avg6	6.01004382410957e-09	0.000308266225248136	0.00141376060320452
