Feature	Gain	Cover	Frequency
ctrx_quarter_lag1	0.141154256935909	0.00459931465172476	0.00430489506818271
mpasivos_margen	0.0413155906921293	0.00687226679109985	0.00383240658508949
azar_under	0.0327334687995427	0.0145061599372367	0.00416489848059954
cpayroll_trx	0.0246468166132501	0.00538825818710604	0.000489988056541122
mprestamos_personales	0.0229997400723677	0.00936914609185626	0.00160558586384457
mcuentas_saldo_lag1	0.0227134351647864	0.00480950672370181	0.00479050823136186
mcaja_ahorro_lag1	0.0185910380488618	0.0045961295018781	0.00529799586135088
ctrx_quarter_normalizado_avg6	0.017858195848346	0.00615171356923837	0.00692983108536729
mcomisiones_mantenimiento_tend6	0.0155981689746215	0.00633725897951986	0.00220932114779702
mactivos_margen	0.0098636440903387	0.00289317314106675	0.0034386661825118
ctrx_quarter_normalizado	0.00847715350431263	0.00946394950388614	0.00766918806354095
ctrx_quarter_normalizado_lag1	0.00824191502591644	0.00331310524410373	0.00384115637181344
mcomisiones_otras_avg6	0.00823363805212181	0.00399017212973994	0.00335554320863429
cliente_edad_lag1	0.00748692482567461	0.0051242454280912	0.00641359366865433
ctarjeta_visa_transacciones	0.00724456346501774	0.00250258892526319	0.00202120073323213
mpayroll_sobre_edad	0.00699569019150303	0.00685919237688212	0.00167558415763616
vm_status01_avg6	0.00663520511501955	0.00283158430473044	0.000297492748614253
mrentabilidad_tend6	0.00638847400294241	0.00348900479666181	0.00378428275810777
ctarjeta_debito_transacciones	0.00600265183401623	0.0022980577964634	0.00188120414564895
ctrx_quarter_tend6	0.00572632383322715	0.00275103756777841	0.00407740061336005
vm_msaldototal	0.0056836039440287	0.00134662989204853	0.002043075200042
mcuentas_saldo_delta1	0.00534713742239845	0.00450026205507412	0.0026905594176142
vm_Fvencimiento_avg6	0.00509643448622217	0.00250321482807149	0.00291805387243686
mrentabilidad_annual_lag1	0.00507599224999916	0.00337611279347218	0.00420864741421928
vm_status01_delta1	0.0049344494211192	0.00203549156838329	0.000144371480945152
mpayroll_sobre_edad_lag1	0.00458339282758398	0.0031657120872257	0.00183745521202921
tcallcenter_tend6	0.00451516916902604	0.00413876145642938	0.00163183522401641
mrentabilidad_annual_delta1	0.00451313195507786	0.00281725113042046	0.0045630137765392
mtarjeta_visa_consumo	0.00450217221617222	0.00589341043473032	0.00355241340992313
ctrx_quarter_normalizado_delta1	0.0044894376718222	0.00215094977308693	0.00260306155037471
Master_Fvencimiento	0.00443650811113269	0.00250948776510574	0.00626922218770917
mrentabilidad_annual	0.00436216678957725	0.00469146145405721	0.00665858769692489
mcaja_ahorro_avg6	0.00432905540838361	0.00328049570779152	0.00413427422706572
mpasivos_margen_lag1	0.00420831050008431	0.0023642783135811	0.00475988397782804
vm_fechaalta_avg6	0.00415671104546113	0.00152677167475172	0.00101935015334001
mcomisiones_mantenimiento_delta1	0.00399341703838204	0.00450472682843996	0.00303180109984819
Master_mfinanciacion_limite	0.00397657448048245	0.00119288034442847	0.00318492236751729
Master_fechaalta	0.00395448031319018	0.00252019765760325	0.00510987544678599
mpayroll_sobre_edad_avg6	0.00395085869502754	0.00321389964898884	0.00245431517606758
cliente_antiguedad	0.00393957965583417	0.00305834889217602	0.00600672858599072
Visa_mlimitecompra_delta1	0.00389090587113281	0.0010513219926189	0.00275180792468184
mcomisiones_avg6	0.00376024475984543	0.00368174113476304	0.00537236904850444
vm_msaldopesos	0.00370042951669195	0.00234077218589177	0.00318054747415532
cliente_edad_avg6	0.00368047205022283	0.00290400821412591	0.00344741596923575
mactivos_margen_delta1	0.00362243110591112	0.00416057764653631	0.00318492236751729
mactivos_margen_avg6	0.00359590407597176	0.00291274303553946	0.00367053553069644
mcuenta_corriente	0.0035587864654581	0.00306903096677094	0.0047336346176562
Visa_mpagominimo	0.00351202803331126	0.00139612489523343	0.00220932114779702
azar_sampling	0.00345580314506102	0.00263462659991103	0.00587110689176951
mcomisiones_otras_lag1	0.00340127654132762	0.00139057522366654	0.00274743303131986
cpayroll_trx_lag1	0.00332657686040753	0.00296897692562702	0.000918727606014603
mrentabilidad	0.00330743320884551	0.00328982165963512	0.00633484558813879
mcuenta_corriente_delta1	0.00326121006263337	0.00210652458264922	0.00365303595724854
vm_mfinanciacion_limite_tend6	0.00322617128073869	0.00134157398825263	0.00239744156236192
mcuentas_saldo_tend6	0.00312142568684473	0.00249542581534603	0.00402052699965438
ctransferencias_recibidas_tend6	0.00311622470770942	0.00198968243729168	0.00430052017482074
ctrx_quarter_delta1	0.00304909329932294	0.00365870095694211	0.00381053211827962
ctrx_quarter_normalizado_tend6	0.00304054116572235	0.00406034278902556	0.00523674735428324
chomebanking_transacciones_delta1	0.00302955748390817	0.00153991563372593	0.00309304960691583
vm_msaldototal_avg6	0.0030238996565208	0.000983940078068023	0.00210869860047161
mcaja_ahorro	0.00302117588596893	0.00812603356982422	0.00539861840867629
cprestamos_personales	0.00296850011110728	0.00380948094346058	0.000678108471106017
cliente_antiguedad_avg6	0.00294565968757416	0.0029008161098036	0.00461113760352091
vm_fechaalta	0.00294035273594128	0.00265472503453297	0.00476863376455199
mcuentas_saldo	0.00291682751661621	0.00787403814472866	0.00348679000949352
Master_fultimo_cierre	0.00287757372214835	0.00086928163806387	0.00192057818590672
vm_mpagospesos	0.00283135258357542	0.000905479683810314	0.00181120585185736
mcaja_ahorro_delta1	0.00277290534990965	0.00325927064811464	0.00397677806603464
mrentabilidad_delta1	0.00274355846961879	0.00264496095072356	0.00377553297138382
Visa_mconsumospesos	0.00273092441292685	0.000988293579823503	0.00272118367114802
vm_Fvencimiento	0.00271718494462227	0.00294745282349729	0.00455426398981525
Visa_mfinanciacion_limite	0.00269449114036066	0.000685926887611424	0.00175870713151367
cliente_antiguedad_lag1	0.00266601434264667	0.00308636847456073	0.00483863205834358
mcaja_ahorro_dolares_delta1	0.00265717695134118	0.00169228819516773	0.00171495819789393
mactivos_margen_tend6	0.00264798667404981	0.00221813000784402	0.00508362608661414
numero_de_cliente	0.00261305530859469	0.00180595214515426	0.00461988739024486
ccomisiones_otras_avg6	0.00260193825159051	0.00494843628371654	0.00654046557615158
vmr_mpagominimo_avg6	0.00252456805867459	0.00153935927567411	0.00258993687028879
mttarjeta_visa_debitos_automaticos_tend6	0.00251999451221976	0.00258722489389609	0.00249368921632535
mttarjeta_visa_debitos_automaticos	0.00250138441324535	0.000859246329704194	0.00189432882573487
mcaja_ahorro_dolares	0.00246448471032662	0.00175383530465016	0.00223557050796887
chomebanking_transacciones_lag1	0.00245401428489124	0.00190479610753547	0.00357866277009498
ctarjeta_debito_transacciones_avg6	0.00244266130958957	0.00132120432908042	0.0018549547854771
Master_fechaalta_avg6	0.00242518208179379	0.00228071333419796	0.00352616404975129
Visa_mpagominimo_tend6	0.00237734989227661	0.00152534600724393	0.00235806752210415
mrentabilidad_annual_tend6	0.00235086373692546	0.00278279170358595	0.00405552614655018
ctrx_quarter_avg6	0.00234835133738806	0.00504555553613711	0.00590173114530333
chomebanking_transacciones	0.00233400066209946	0.00258276012053024	0.0029618028060566
cmobile_app_trx_tend6	0.00228853938945119	0.00205312811862594	0.00261618623046063
mcuenta_corriente_lag1	0.00227882663038722	0.00259263547595002	0.0034386661825118
vm_mpagominimo	0.00227396279984652	0.00244958191187618	0.00373178403776408
cpayroll_trx_tend6	0.00221717485514998	0.00181647426680928	0.00122059524799083
Master_msaldototal	0.00211970853470383	0.00138926778224477	0.00125559439488662
mcuenta_corriente_tend6	0.0020692050519802	0.00427504136122233	0.00406427593327413
Visa_mfinanciacion_limite_tend6	0.00206424716788086	0.00187131726176729	0.00246306496279153
ccaja_seguridad_avg6	0.00202149837820258	0.00235645452847741	0.000157496161031075
mpayroll_tend6	0.00200763986349607	0.00379155925971637	0.00247618964287746
mcomisiones_tend6	0.00195738979824139	0.00366578756762715	0.00517987374057757
mtarjeta_visa_consumo_lag1	0.00195712175877734	0.000986680141473229	0.0015837113970347
ctarjeta_visa_transacciones_tend6	0.00192709107235414	0.00132211536539027	0.0025199385764972
mtransferencias_emitidas	0.00187435139437483	0.00197551617039726	0.00204745009340397
mcuentas_saldo_avg6	0.00187249284674269	0.00293097071621217	0.0051754988472156
vm_mpagominimo_avg6	0.00184441403273495	0.00163626989382526	0.00278243217821566
mtransferencias_emitidas_avg6	0.00183073016476942	0.00129796942594135	0.00220932114779702
mpasivos_margen_avg6	0.00182750461759177	0.00422535858719493	0.00598485411918085
mautoservicio_avg6	0.00182507386984794	0.00266574092395898	0.00274743303131986
ccomisiones_mantenimiento_tend6	0.00182102407083771	0.00966482257849522	0.00181558074521934
ccomisiones_mantenimiento_delta1	0.00179211703460231	0.00279060157973835	0.000664983791020094
cpagomiscuentas_avg6	0.00178477580767319	0.00107589215508233	0.00208244924029977
Visa_mpagado_tend6	0.00178473767837251	0.00102714823526738	0.001701833517808
vm_fechaalta_lag1	0.00178143064812563	0.00114274552948398	0.00220932114779702
Visa_cconsumos	0.00177715953153576	0.000838598491506078	0.00137809140902191
vm_msaldopesos_lag1	0.0017565635979147	0.000963813825543487	0.00102372504670199
Visa_mfinanciacion_limite_delta1	0.00174050108590349	0.00113188959299787	0.00320242194096519
Master_mlimitecompra_tend6	0.00172955027142765	0.00138098500174832	0.0019074535058208
cdescubierto_preacordado_lag1	0.00172779676180209	0.0017006613838476	0.000332491895510047
mrentabilidad_lag1	0.00170993839841079	0.00190568628041838	0.00319804704760321
ccomisiones_otras_lag1	0.0017012662364102	0.00223368021539235	0.0025024390030493
vmr_mpagospesos	0.00168565466947206	0.000599747025384733	0.00128184375505847
ccomisiones_otras_tend6	0.0016798403077992	0.00271629996191799	0.00449739037610958
thomebanking_tend6	0.00167791835179223	0.00394101094138613	0.00172370798461788
ctarjeta_debito_avg6	0.00167302187968407	0.0018633335237237	0.00224869518805479
cproductos	0.0016657499651932	0.00268912187108665	0.00210869860047161
mcomisiones	0.00166137450642774	0.00218455379941677	0.00296617769941858
ccallcenter_transacciones_avg6	0.00165823169943577	0.00319588060258556	0.00186370457220105
Visa_msaldototal_delta1	0.00165769266488541	0.000803360163399022	0.00150933820988113
Visa_mconsumototal_tend6	0.00165528336980933	0.00105070304428625	0.00162308543729247
vm_mconsumospesos	0.00164888499388182	0.000611833904060491	0.00132996758204019
vm_mpagospesos_delta1	0.00164711640098215	0.000639610079797531	0.0015487122501389
vm_Fvencimiento_lag1	0.00164668861889029	0.00175651277777454	0.00318054747415532
cliente_edad	0.00162047372175609	0.00412944245906142	0.00451488994955748
mcomisiones_mantenimiento_avg6	0.00161557657784365	0.00452165402216654	0.00291805387243686
mautoservicio_tend6	0.00159413187420585	0.00241812681852149	0.00307992492682991
vm_status01	0.00156868491588563	0.00341117725968804	0.000227494454822664
chomebanking_transacciones_avg6	0.00156547106293376	0.00144471581658413	0.00194245265271659
mcuenta_debitos_automaticos	0.00156294854686855	0.00422553244908613	0.00131684290195427
Visa_mfinanciacion_limite_lag1	0.00155666476191903	0.00178999162354272	0.00256806240347892
Visa_mpagospesos_delta1	0.00155230341874886	0.00121883444754581	0.0017368326647038
ctransferencias_emitidas_tend6	0.00155094520617199	0.00143771265960687	0.00207369945357582
mactivos_margen_lag1	0.00153358144350238	0.00226462067754911	0.00364428617052459
mpasivos_margen_tend6	0.00153336560314798	0.00198709537235073	0.00333366874182442
vm_mlimitecompra	0.00152698643805257	0.000635847708472109	0.00170620841116998
mprestamos_personales_avg6	0.0015220572594138	0.00407867478683298	0.000984351006444218
mcaja_ahorro_dolares_tend6	0.0015216366363142	0.00173470354214325	0.002043075200042
Visa_mconsumospesos_avg6	0.00151738767572359	0.00127787794579505	0.00194682754607856
Visa_mpagospesos	0.00151382939436294	0.0017228948424934	0.00335116831527232
Visa_fechaalta_avg6	0.00149832739392221	0.00172505768441985	0.00153121267669101
mprestamos_personales_tend6	0.00148225877276342	0.0038787057940581	0.00132996758204019
Master_Fvencimiento_lag1	0.00147610680977592	0.00177805774333121	0.00332929384846244
ctrx_quarter	0.00141299506044938	0.00480824100913392	0.00374928361121198
Master_mconsumototal	0.00141079894447689	0.00031315308394171	0.000621234857400351
vm_mfinanciacion_limite_delta1	0.00141020105202744	0.00107097534079939	0.00208682413366174
vm_fultimo_cierre_lag1	0.00140769720165282	0.000501209059932023	0.00132996758204019
Master_Fvencimiento_tend6	0.00140090423415318	0.000711887945204407	0.00069123315119194
vmr_mconsumototal_tend6	0.00139594063179579	0.000921349797238437	0.00181995563858131
Visa_fechaalta	0.00138402024160568	0.00227100488619373	0.00374053382448803
ctransferencias_recibidas	0.00137263017035742	0.00212105943675298	0.00122934503471478
vm_mpagominimo_lag1	0.00137198917769793	0.0009619361171186	0.00192932797263067
mcomisiones_mantenimiento_lag1	0.00135825941824576	0.00144668393319244	0.00163621011737839
vmr_mconsumospesos_avg6	0.00135782025023787	0.00103678018403949	0.00145683948953744
mcomisiones_lag1	0.00134150156616675	0.00177718147939959	0.00469426057739843
Visa_mconsumosdolares_tend6	0.00133391514229304	0.00124745211483622	0.00176308202487564
Master_mfinanciacion_limite_delta1	0.00132184080077446	0.000849823015201517	0.00205182498676595
ccomisiones_otras	0.00130202219995773	0.00189725745593333	0.00217432200090123
vmr_msaldopesos2_avg6	0.00129095694548733	0.00125581834904045	0.00218744668098715
mcaja_ahorro_dolares_lag1	0.00128587591978921	0.00195755971427481	0.00265118537735643
cextraccion_autoservicio_avg6	0.00128156092807506	0.00127241172793593	0.00205619988012792
Visa_mconsumospesos_tend6	0.00127766624226233	0.00121557975294267	0.0029618028060566
vmr_Visa_mlimitecompra_avg6	0.00127434229620715	0.000727201700580712	0.00131246800859229
Visa_msaldototal	0.00126766959527581	0.001989932798415	0.00251118878977325
Visa_Fvencimiento_avg6	0.00126629972762159	0.00145931326096872	0.00224432029469282
vmr_mpagospesos_tend6	0.00126516772474222	0.0025709375119291	0.00290930408571291
Master_mlimitecompra_lag1	0.00126006896750849	0.000984197393666989	0.0023318181619323
Master_mconsumototal_avg6	0.00125944072064455	0.000614817374113368	0.000896853139204732
mpagomiscuentas_avg6	0.00125466736258007	0.00149121344076487	0.00135184204885006
Visa_cconsumos_delta1	0.00125407987264347	0.00224875056412098	0.00262056112382261
cdescubierto_preacordado	0.00124938863576391	0.00296406011134408	0.000608110177314428
cproductos_avg6	0.00123176323691863	0.00350755238321431	0.00293555344588476
Master_mfinanciacion_limite_tend6	0.00122835195426296	0.00156590450922151	0.00311054918036373
Visa_cconsumos_lag1	0.00122717271037491	0.000897349901778116	0.00143496502272757
mcomisiones_mantenimiento	0.0012268469781409	0.00277390388370815	0.00226619476150269
ccuenta_debitos_automaticos_avg6	0.00122441371578721	0.000927400191051964	0.00157933650367272
ctarjeta_visa_debitos_automaticos_lag1	0.00120631374918783	0.000477570797205383	0.00087497867239486
vmr_Master_mlimitecompra_lag1	0.00119325469890335	0.00127616714478571	0.001701833517808
Visa_mlimitecompra	0.00119174441348974	0.00108893179692183	0.00262056112382261
vmr_msaldopesos2_lag1	0.0011905063178291	0.00159283223892952	0.00158808629039667
thomebanking_avg6	0.00119015761835732	0.00166629236519651	0.00231869348184638
ccajas_consultas_avg6	0.00118887274751194	0.00159877831560833	0.000866228885670912
mtransferencias_recibidas_avg6	0.00118187471795486	0.00203342608911592	0.0029968019529524
vm_mpagospesos_tend6	0.00117863395311531	0.001596573746828	0.00179370627840946
mcuenta_debitos_automaticos_delta1	0.00114773427916541	0.000812004576629152	0.00111997270066542
vmr_msaldopesos2_delta1	0.00113972613028343	0.00101890718162482	0.00171058330453195
catm_trx_tend6	0.00113656997140096	0.00188156815887205	0.00149621352979521
vmr_Master_mlimitecompra	0.00110923199774162	0.00115962404188102	0.00162308543729247
vm_mlimitecompra_tend6	0.00110896967413744	0.00113257808608699	0.00196432711952646
vm_mpagospesos_avg6	0.00110748429094326	0.0014222876326202	0.00215244753409136
Visa_mlimitecompra_avg6	0.00107943086546657	0.00106352709738066	0.0015662118235868
mv_status07_avg6	0.00107371368023629	0.00198682414780047	0.000730607191449708
mtransferencias_recibidas	0.00105843511360582	0.002447078300643	0.00309742450027781
mcomisiones_otras_delta1	0.00103841182541577	0.00244995745356116	0.003574287876733
vmr_msaldototal_tend6	0.00103656206864825	0.000887085095722064	0.00192495307926869
vm_mpagominimo_delta1	0.00102979771294846	0.000836957235253214	0.00177183181159959
vmr_mpagominimo_delta1	0.0010137594036745	0.000591617243352535	0.00113747227411332
vm_mconsumototal_tend6	0.00101363856250274	0.000606659774178579	0.00134309226212611
mrentabilidad_annual_avg6	0.00100651889935814	0.00506193332628752	0.00626922218770917
ctarjeta_visa_transacciones_lag1	0.000991849900059901	0.000951288814901922	0.00206932456021385
mcuenta_corriente_avg6	0.000984325921183313	0.00356738869168739	0.00303180109984819
mprestamos_personales_lag1	0.00098081466878001	0.00481686455893711	0.000975601219720269
mttarjeta_visa_debitos_automaticos_delta1	0.000960096669674044	0.00126523470906747	0.00165808458418826
mttarjeta_visa_debitos_automaticos_lag1	0.000946539159498105	0.00073637465396007	0.00105872419359778
Visa_msaldototal_tend6	0.00093820013741886	0.00103661327662394	0.00196870201288844
Visa_msaldopesos_tend6	0.000936873884929033	0.000922719828941041	0.00165370969082629
vm_msaldototal_delta1	0.000936020709915081	0.00169893667388697	0.00136496672893598
vmr_msaldopesos_delta1	0.000923015716695359	0.00202916299554386	0.00151371310324311
ctarjeta_visa_debitos_automaticos_avg6	0.000905743052690815	0.00124746602378752	0.00165808458418826
mcuenta_debitos_automaticos_avg6	0.000903087019118079	0.000454495847006209	0.00101497525997804
vmr_mpagominimo_lag1	0.000898579179029974	0.00099017128824839	0.00202120073323213
Visa_mpagominimo_delta1	0.000897003417284465	0.0012830868480552	0.00273868324459591
vm_msaldopesos_tend6	0.000890449904977271	0.00150531016290282	0.00233619305529428
vmr_msaldototal	0.000887449683832817	0.00111702787853866	0.00258993687028879
mv_status07_delta1	0.000885572999761934	0.00201226361971987	0.000367491042405841
vm_cconsumos_avg6	0.000884028492371807	0.000712402576402339	0.00167558415763616
cmobile_app_trx_avg6	0.00087904888617576	0.00202583875618424	0.00192057818590672
mcuenta_debitos_automaticos_lag1	0.000876632583716075	0.00143182917320889	0.000669358684382068
mcaja_ahorro_tend6	0.000870877625358684	0.00113675077147563	0.00247181474951548
vm_status04	0.000860374726267517	0.000763796151439076	0.000100622547325409
ctarjeta_debito_transacciones_delta1	0.00085868446888073	0.00159957112583218	0.00143933991608955
mtransferencias_recibidas_delta1	0.000848283635156021	0.00165019970854766	0.00255493772339299
vmr_mpagospesos_avg6	0.000832694269557266	0.000536558659649443	0.00084435441886104
Visa_mpagominimo_avg6	0.000828866860569469	0.00169918703501028	0.00238431688227599
Visa_Fvencimiento_lag1	0.000825965531487268	0.00118595368668333	0.00272993345787196
ccajas_consultas_tend6	0.000825729717738815	0.00534495962172326	0.000971226326358295
cprestamos_personales_lag1	0.000820262328439879	0.00191535300156873	0.000638734430848248
ccallcenter_transacciones_tend6	0.000814309971608107	0.00355337542325721	0.00135621694221203
ctarjeta_debito_lag1	0.000810872760442257	0.000334934501670406	0.000533736990160865
ccajas_transacciones_avg6	0.000810654944758732	0.00104392938500536	0.00131246800859229
Visa_mlimitecompra_lag1	0.000803467778381457	0.000976999511371586	0.00242369092253376
chomebanking_transacciones_tend6	0.000800707416284041	0.00215132531477191	0.00277805728485368
Visa_cconsumos_tend6	0.00080041768070301	0.00121921694370643	0.00184183010539118
cextraccion_autoservicio	0.00079469661706101	0.000514575562126963	0.000822479952051169
vmr_msaldopesos	0.000792309106874855	0.00110747242899868	0.00154433735677693
ccaja_ahorro_lag1	0.000792042628488438	0.00122661650579562	0.00037624082912979
vm_mconsumototal_delta1	0.000791514921993844	0.000616229132669857	0.00162308543729247
vm_Fvencimiento_tend6	0.00079010884075807	0.00128161249921788	0.00110247312721752
ctarjeta_debito_transacciones_tend6	0.000784810886226684	0.00110847387349195	0.00200370115978423
mtransferencias_emitidas_delta1	0.000784018149323571	0.0017221368046478	0.00162308543729247
mcomisiones_delta1	0.000782203947112445	0.00161204745514421	0.00165808458418826
ctransferencias_recibidas_delta1	0.000780813327328026	0.00142916560903581	0.00103684972678791
Visa_msaldopesos_lag1	0.00077345533095607	0.0010979169794587	0.00142184034264165
vmr_msaldototal_delta1	0.000769679910790777	0.000969669494038877	0.00190307861245882
mcuenta_debitos_automaticos_tend6	0.00076869775040299	0.00143629394657473	0.0010718488736837
Visa_mlimitecompra_tend6	0.000767711465558254	0.00106614198022421	0.00174995734478972
vm_status01_lag1	0.000767697855377408	0.000559118978650685	3.93740402577687e-05
ctarjeta_debito_transacciones_lag1	0.000765326212955569	0.00134820855802056	0.00265993516408038
mtarjeta_master_consumo_avg6	0.000764641213468319	0.000553005994556329	0.000546861670246788
ctarjeta_debito	0.000755753373604812	0.000445788843495249	0.000931852286100526
vm_cconsumos_delta1	0.000754844390745795	0.000693222132565895	0.000853104205584989
mpayroll	0.000753368520497085	0.00273589767429329	0.00101497525997804
Master_mpagospesos_tend6	0.000749195043292645	0.000855636956843021	0.00087497867239486
cextraccion_autoservicio_lag1	0.000744687346818973	0.000847305495017038	0.0012774688616965
mpayroll_lag1	0.000742686330824841	0.00218501974928517	0.0017543322381517
thomebanking	0.000732160718343508	0.000826240388280059	0.000730607191449708
Visa_mpagospesos_tend6	0.000729011765737172	0.00170961179400623	0.00209119902702372
vm_mfinanciacion_limite	0.000726743871399988	0.000683562365891196	0.00162308543729247
ccuenta_debitos_automaticos_tend6	0.000726713327642871	0.00179804490634279	0.000756856551621554
ccallcenter_transacciones_lag1	0.000724217224367319	0.000569856689050782	0.000336866788872021
ccajas_extracciones_tend6	0.000716914942774226	0.00151366944263139	0.000765606338345503
Visa_msaldototal_avg6	0.000706823597909689	0.000608530528127818	0.00130809311523032
Master_fechaalta_lag1	0.000705782291845414	0.00105449323351426	0.00146558927626139
vm_mpagominimo_tend6	0.000705703419889604	0.0012412278591315	0.00143933991608955
Master_cconsumos_avg6	0.00070484864353955	0.00127055488293799	0.00121622035462886
mautoservicio_lag1	0.000703785875471427	0.00133329816223182	0.00223119561460689
matm	0.000700857202611674	0.000925842388506872	0.000944976966186449
ctransferencias_emitidas_avg6	0.000699730232736582	0.00131923621247211	0.00254618793666904
vmr_mpagado_delta1	0.000698041573590462	0.000960009727364178	0.00105872419359778
mautoservicio	0.00069776546521502	0.00320920537792662	0.00348679000949352
mtarjeta_visa_consumo_delta1	0.000696299902925662	0.000765548679302305	0.00146558927626139
Master_mlimitecompra_avg6	0.000695642981801855	0.00059298032057949	0.0015837113970347
Visa_mfinanciacion_limite_avg6	0.000694633677159024	0.00109494046388147	0.000971226326358295
vm_status06_tend6	0.000694040966618879	0.00106889595258071	0.000192495307926869
ccajas_transacciones_tend6	0.000690563230809741	0.0021694486783099	0.00135621694221203
ctransferencias_emitidas_lag1	0.000689949982946502	0.000523400791723935	0.00121622035462886
ccajas_consultas_delta1	0.000687526607928842	0.00232034689091438	0.00046811358973125
ctransferencias_recibidas_lag1	0.000682406174513011	0.0014284214801415	0.00138246630238388
Visa_cconsumos_avg6	0.000677149274723081	0.00119669139708343	0.00180683095849539
vm_mpagado_avg6	0.000675632881271515	0.00057804906136381	0.00110247312721752
vmr_msaldototal_avg6	0.000675146174434352	0.00052191253393532	0.00128184375505847
mcomisiones_otras_tend6	0.000672138223682014	0.00192881686642274	0.00147871395634731
mpagomiscuentas_tend6	0.000662646509082171	0.000475129776253029	0.000625609750762325
catm_trx_avg6	0.000659736545167678	0.000700420014861297	0.00158808629039667
vm_mconsumototal_avg6	0.000658219234304294	0.000519826191241001	0.00108059866040765
mtransferencias_emitidas_tend6	0.000655863338459795	0.00158600294384345	0.00185932967883908
Master_mfinanciacion_limite_lag1	0.00065027271324995	0.00101358005327866	0.0023493177353802
vmr_mconsumospesos_lag1	0.000648038152916465	0.000824001047121489	0.00216119732081531
vmr_msaldopesos_lag1	0.000646399731485861	0.00104449965200847	0.00153558757005298
cproductos_lag1	0.000643159944910874	0.00200888374455507	0.00122934503471478
vm_mlimitecompra_delta1	0.000642427681983819	0.000699230799525535	0.00193807775935462
vm_mlimitecompra_avg6	0.000638983080389744	0.000707930848560847	0.0011068480205795
vmr_Visa_mlimitecompra_lag1	0.00063698575407853	0.00088277332082047	0.00172808287797985
vm_msaldopesos_avg6	0.000633977327345083	0.00097125511448656	0.00183745521202921
ctarjeta_debito_tend6	0.000631726756712574	0.000609719743463581	0.00034561657559597
vm_mconsumospesos_delta1	0.000630811299406121	0.00103730872418872	0.00174558245142775
mextraccion_autoservicio_delta1	0.000628202980127918	0.000655723599873326	0.00115934674092319
Visa_mpagado_avg6	0.000627036136107468	0.000995470598691962	0.00287867983217909
vm_fultimo_cierre_avg6	0.000625915862784735	0.000791641871932594	0.00164933479746431
vm_mconsumospesos_tend6	0.000620476873986142	0.000842451271014921	0.00195120243944054
Master_mlimitecompra_delta1	0.000613619413678991	0.00173574671349041	0.00299242705959042
Master_mpagado_avg6	0.000609834747586338	0.00055177505236668	0.000901228032566706
ccallcenter_transacciones	0.000609578830083105	0.00268369042560577	0.000686858257829965
cprestamos_personales_avg6	0.000604473767930581	0.000823402962215784	0.000756856551621554
Visa_mconsumospesos_delta1	0.000602503578653145	0.000985310109770626	0.00170620841116998
Visa_msaldopesos_avg6	0.000600985089545636	0.000803269755215601	0.00195120243944054
Visa_mpagosdolares_tend6	0.000596484761498707	0.00103794853594831	0.000664983791020094
mcaja_ahorro_dolares_avg6	0.000591382168378056	0.00256380917439017	0.00211307349383359
Master_status_avg6	0.000591168747408667	0.000460546240819736	0.000223119561460689
cprestamos_personales_tend6	0.000590385933274698	0.00300351980616931	0.000529362096798891
ccomisiones_mantenimiento_avg6	0.00057586773587508	0.00201446123402455	0.00114184716747529
tcallcenter_avg6	0.000571679512657676	0.000979892573241043	0.00106309908695976
Master_mconsumospesos_tend6	0.00057011589105429	0.000795592014100505	0.000975601219720269
ccaja_ahorro	0.000567614005711353	0.00176257708053936	0.000419989762749533
matm_avg6	0.00056521725470106	0.000750221014974704	0.00166683437091221
Master_mconsumospesos_avg6	0.000560332963483658	0.000564821648681825	0.00101935015334001
ctarjeta_visa_debitos_automaticos	0.000555333780526282	0.000393609412710318	0.000546861670246788
Visa_msaldopesos	0.00055378038842169	0.0013962222578925	0.00199932626642226
Master_Fvencimiento_avg6	0.000552521832247194	0.00255679210846161	0.00430926996154469
Visa_mconsumototal_avg6	0.000551213583605745	0.000998961745467123	0.00163183522401641
mpasivos_margen_delta1	0.000550285735012135	0.00214284780895733	0.00405990103991215
ctarjeta_visa_tend6	0.000542761399075288	8.69239911209984e-05	8.7497867239486e-05
ctarjeta_visa_debitos_automaticos_tend6	0.000538306978903262	0.000805383915812512	0.000765606338345503
mtarjeta_master_consumo	0.000537310897800879	0.000873871591991373	0.000546861670246788
active_quarter_avg6	0.000536430866907975	0.000938047493268641	0.000997475686530141
vmr_Visa_mlimitecompra_tend6	0.000535742463838933	0.000799250068291212	0.000682483364467991
mextraccion_autoservicio_tend6	0.000530473682337257	0.000587103788657157	0.00160996075720654
cpagomiscuentas	0.000526420005537346	0.000282163940455418	0.000599360390590479
vmr_Visa_mlimitecompra	0.000519924823816653	0.000978112227475224	0.00185932967883908
foto_mes	0.000518886703140058	0.000282782888788066	0.000800605485241297
Visa_mpagado_lag1	0.000515683934756333	0.000473384202865448	0.000826854845413143
catm_trx_delta1	0.00051088005747151	0.000989656657050458	0.000695608044553914
Visa_msaldodolares_avg6	0.000506992503631947	0.000513761888476179	0.000428739549473482
vmr_mconsumototal	0.000506023818953055	0.000943318985809622	0.00129059354178242
Visa_msaldodolares_tend6	0.000501212090953565	0.000495715024170315	0.000542486776884813
Master_fultimo_cierre_lag1	0.000500628103157134	0.000878385046686751	0.00125559439488662
matm_other_tend6	0.000496061630095298	0.00133708835145984	0.00110247312721752
cextraccion_autoservicio_tend6	0.000495563151010764	0.00123454460803403	0.00178058159832354
catm_trx_other_tend6	0.000495117184070114	0.00134981504189519	0.00107622376704568
cplazo_fijo_tend6	0.000494560335401378	0.00129144612778377	0.000275618281804381
Visa_fultimo_cierre	0.000494489044652335	0.000830371346814812	0.00166683437091221
mv_status07	0.000493036130968274	0.000845393014213912	0.000573111030418634
cpagomiscuentas_tend6	0.000490970536785981	0.00136174196763105	0.00136059183557401
matm_tend6	0.000486184961076657	0.00126497739346851	0.00137809140902191
vmr_mpagominimo	0.000483108490137065	0.00119030023396317	0.00200370115978423
matm_lag1	0.000482536292629156	0.000776286389702402	0.00100622547325409
Master_Fvencimiento_delta1	0.000473151501455024	0.000215220157870353	0.000323742108786098
vmr_mconsumosdolares_avg6	0.000470725930010356	0.000923345731749336	0.00130809311523032
vm_status06_delta1	0.000470472522705321	0.000666509991602958	9.62476539634346e-05
Master_msaldototal_tend6	0.00046767972955662	0.00150474685037535	0.00100622547325409
vm_msaldototal_tend6	0.000466518814033764	0.000915751444342014	0.00139996587583178
Visa_mconsumospesos_lag1	0.000463554434402466	0.000918011648927526	0.00237994198891402
vmr_mconsumospesos	0.000462112664785866	0.000736346836057479	0.00112872248738937
Master_mpagado_tend6	0.000453866738524217	0.000721109579913299	0.000923102499376578
Visa_mconsumosdolares_lag1	0.000444410948881171	0.000703055761131788	0.000778731018431426
vm_status04_tend6	0.000441955604830187	0.00118746976237454	0.000179370627840946
vm_mconsumosdolares_delta1	0.000441298275311556	0.00047380842587996	0.000573111030418634
vm_cconsumos_tend6	0.000438366762767376	0.000743975895843041	0.00163183522401641
mrentabilidad_avg6	0.000437165708856341	0.0018987387592463	0.00386740573198528
vmr_mpagominimo_tend6	0.000431676706329879	0.00132540483237165	0.00241494113580981
Visa_Finiciomora_avg6	0.000429859874829376	0.000484678271317365	0.000109372334049358
mtransferencias_emitidas_lag1	0.00042933063107837	0.000952784027166185	0.00161433565056852
vmr_mpagado_tend6	0.000426606012390587	0.00120894518317473	0.00196870201288844
vm_mconsumosdolares_avg6	0.00042624429856327	0.000676093259045532	0.00104122462014988
mplazo_fijo_dolares	0.000425969557912895	0.00146602432996878	0.000380615722491764
catm_trx_other_avg6	0.000423269848174368	0.000921488886751392	0.000730607191449708
vm_msaldopesos_delta1	0.000421652691747509	0.00164710496688442	0.000958101646272372
Master_status_tend6	0.000420162318352738	0.000167081277436754	6.99982937915888e-05
ctarjeta_visa_transacciones_avg6	0.000419959357307034	0.000996903220675395	0.00166683437091221
Visa_msaldototal_lag1	0.000414709070101552	0.00108715145115601	0.0020255756265941
vmr_msaldodolares_avg6	0.00041462137347549	0.000981735509287692	0.000664983791020094
mpagomiscuentas	0.000411838002880557	0.00114629926653997	0.00168870883772208
vm_status02_avg6	0.00040884422204845	0.000598863806977471	0.000161871054393049
vmr_mconsumosdolares_tend6	0.000405926907481412	0.000904346104279733	0.00106747398032173
ccomisiones_mantenimiento	0.000404526440066683	0.00226264560646515	0.000726232298087734
vm_cconsumos	0.000396733039771248	0.000900722822467265	0.00155746203686285
vmr_Master_mlimitecompra_tend6	0.000393381123508955	0.000943360712663508	0.000769981231707477
ctransferencias_emitidas_delta1	0.000389074949789263	0.000501389876298864	0.000923102499376578
ccomisiones_mantenimiento_lag1	0.000384747775116332	0.00186714457637865	0.000573111030418634
Master_mpagospesos_avg6	0.000382398133682188	0.00101122248603407	0.000971226326358295
Master_mconsumototal_lag1	0.000378501950772444	0.000555565241594694	0.000621234857400351
vm_mconsumototal	0.000374221222906677	0.000820433401114203	0.00153996246341495
cproductos_tend6	0.000373462946409723	0.007687825104785	0.0010893484471316
vmr_mpagado	0.000365171010526423	0.000459836884303667	0.000371865935767816
Visa_delinquency_tend6	0.000364316835247959	0.000804667604820795	0.000411239976025584
Master_mpagominimo_avg6	0.000363825134367558	0.000901654722204061	0.00100622547325409
Visa_mpagado_delta1	0.000363437784519725	0.000946128593971306	0.000708732724639837
mtarjeta_visa_descuentos_avg6	0.000360956197926615	0.000513344619937315	0.000306242535338201
Visa_mpagominimo_lag1	0.000356788955334107	0.000830273984155743	0.00144808970281349
Master_mconsumospesos_delta1	0.000355366319076442	0.000697972039433296	0.000914352712652629
mpayroll_sobre_edad_tend6	0.000351802785231935	0.00351283778470658	0.00260306155037471
mpagomiscuentas_lag1	0.000351563614476119	0.000857340803376715	0.00130809311523032
Master_msaldopesos_tend6	0.000347657982869245	0.00152384384050403	0.00111997270066542
vmr_msaldopesos2	0.000346353582319036	0.00134581621839774	0.0017543322381517
vm_fultimo_cierre_tend6	0.000345414682393931	0.0009581042010367	0.000708732724639837
mtarjeta_master_consumo_tend6	0.000344858194630155	0.00154311469252389	0.000612485070676402
ccuenta_debitos_automaticos	0.000344294421306805	0.000550996151094134	0.000621234857400351
ctarjeta_visa_transacciones_delta1	0.000341083500295921	0.0012021506604669	0.00126434418161057
Master_mpagosdolares_avg6	0.000340157026224939	0.000161566378248103	0.000113747227411332
vm_mpagado_delta1	0.00033960092036907	0.000638379137607883	0.000857479098946963
cplazo_fijo_avg6	0.000339430005795526	0.000661947855578046	0.000454988909645327
mpagomiscuentas_delta1	0.000338528654571484	0.00175911375166679	0.00128184375505847
mplazo_fijo_dolares_delta1	0.000335888654399016	0.00108226245477565	0.000358741255681893
mttarjeta_master_debitos_automaticos_delta1	0.000335197581879425	0.000617752162836711	0.000244994028270561
vmr_msaldodolares2_tend6	0.000333025622146142	0.000663644747636092	0.000559986350332711
vm_msaldototal_lag1	0.000332341351478014	0.000793303991612402	0.000923102499376578
Master_msaldototal_lag1	0.000328917352255549	0.000610387373125763	0.0006299846441243
vm_status05_avg6	0.000328818957478003	0.000183806791369549	0.000288742961890304
mplazo_fijo_dolares_tend6	0.000325992577151532	0.000977312462775735	0.000559986350332711
mcomisiones_otras	0.000325943470449283	0.00180692577174494	0.00149183863643324
ctransferencias_recibidas_avg6	0.00032550413312915	0.00204524174324141	0.00319367215424124
Master_msaldopesos_delta1	0.000325427703622341	0.000637781052702178	0.000901228032566706
Visa_status	0.000320592746738945	0.00200667917577474	0.000100622547325409
Visa_mpagospesos_avg6	0.000320309199972772	0.00111134607193447	0.00181995563858131
cextraccion_autoservicio_delta1	0.000319501957464131	0.000909575869966828	0.0011068480205795
vm_status05_tend6	0.000315832337701001	0.000284785777774613	0.000209994881374766
vm_status02_tend6	0.000314262836837737	0.000487717377175424	0.000218744668098715
vm_mconsumosdolares_tend6	0.00031365873453652	0.00038848396415794	0.000796230591879323
vm_mpagosdolares_tend6	0.000312531459314736	0.000606235551164067	0.000529362096798891
ccomisiones_otras_delta1	0.000312413413241584	0.000545161346025687	0.0007831059117934
cpagomiscuentas_lag1	0.000310961182609198	0.000457479317059086	0.000713107618001811
vm_mfinanciacion_limite_lag1	0.000308266349628203	0.000716519625985796	0.00102372504670199
ccajas_otras_delta1	0.000304594118871561	0.00101274551620093	0.000118122120773306
mextraccion_autoservicio_lag1	0.000304216756704592	0.000675835943446566	0.00081373016532722
cforex_sell_avg6	0.000301714891713043	0.000922448604390779	0.000380615722491764
ctarjeta_master_transacciones	0.000296915408880451	0.000449732031187513	0.000415614869387559
Master_mconsumototal_delta1	0.000293446694472006	0.000364317161282072	0.00075248165825958
mautoservicio_delta1	0.000292905542237168	0.00100982463642888	0.0012599692882486
vmr_mpagospesos_lag1	0.000292140907417729	0.000757481487550936	0.00139996587583178
Visa_Fvencimiento_tend6	0.000291414359358905	0.00067116253581129	0.000853104205584989
vmr_mconsumototal_lag1	0.000290204687413688	0.000527135345146767	0.000988725899806192
cseguro_accidentes_personales_avg6	0.000289618401213077	0.000437506062998801	0.000341241682233996
Master_mconsumototal_tend6	0.000288919020520987	0.000976672651016143	0.00109372334049358
cpayroll_trx_avg6	0.000287835759639671	0.0061241947091003	0.0021786968942632
Visa_fechaalta_lag1	0.000286880288563255	0.00145527966509304	0.00201682583987015
vm_fechaalta_tend6	0.000286382318426651	0.000570663408225919	0.000450614016283353
cseguro_accidentes_personales_tend6	0.000286288466180598	0.00112017130153144	0.000148746374307126
vm_mlimitecompra_lag1	0.00028615641245553	0.000786725057649648	0.000708732724639837
thomebanking_lag1	0.000282372536862777	0.000169480571535221	0.000485613163179148
vmr_msaldopesos_avg6	0.000279295312226915	0.000717493252576479	0.00193370286599264
vm_mpagado_tend6	0.000277714719027945	0.00141397703422116	0.00144371480945152
mpayroll_delta1	0.000277379119630571	0.00128274607874846	0.00129059354178242
vm_cconsumos_lag1	0.000276712956872684	0.000735581843736229	0.00105872419359778
Visa_mconsumosdolares_avg6	0.00027598623488814	0.000865630538348811	0.00151808799660508
Master_cconsumos_lag1	0.000275820876979702	0.000611388817619036	0.000463738696369276
active_quarter_tend6	0.000275280313720261	0.000846387504231538	0.00037624082912979
ccajas_otras_tend6	0.000274528979741529	0.00129276747815684	0.000354366362319918
vmr_msaldopesos2_tend6	0.000273472859842521	0.00124916987032121	0.00175870713151367
Visa_fultimo_cierre_avg6	0.000272852961844496	0.00143288625350734	0.00131684290195427
vmr_mpagospesos_delta1	0.000270829801719957	0.000370117193972281	0.00133871736876414
vm_fultimo_cierre	0.000269647844855778	0.000554800249273443	0.00129496843514439
cliente_edad_tend6	0.000266812849448883	0.000543909540409095	0.00120747056790491
Master_mpagominimo_lag1	0.000265600296974527	0.000277309716453301	0.000678108471106017
Master_mconsumospesos_lag1	0.00026372101783823	0.000556990909102479	0.000909977819290655
mpayroll_sobre_edad_delta1	0.000261748830325162	0.00110078222342556	0.00072185740472576
ccallcenter_transacciones_delta1	0.000261717680971169	0.00294893412681026	0.000787480805155374
cprestamos_personales_delta1	0.000261004000640374	0.00147602486595022	0.000214369774736741
vmr_mpagado_avg6	0.000260236721349303	0.000879309991947899	0.00222682072124492
vmr_msaldodolares	0.000258879220494408	0.000427929750031874	0.000244994028270561
Master_mpagospesos_lag1	0.000258341546913982	0.00115207843580323	0.00113747227411332
mcajeros_propios_descuentos_avg6	0.000258300136544316	0.000280786954277167	0.000157496161031075
Master_mfinanciacion_limite_avg6	0.000257761920351581	0.000954084514112311	0.00159683607712062
Visa_fultimo_cierre_delta1	0.000257525784802888	0.000273964613666742	0.000704357831277863
Visa_fechaalta_tend6	0.000254200525889811	0.00109736757588253	0.000857479098946963
mextraccion_autoservicio_avg6	0.000254161444988396	0.000861631714851366	0.00204745009340397
mtransferencias_recibidas_tend6	0.000253642935945974	0.00151478911321068	0.00232306837520835
cpagomiscuentas_delta1	0.000250145666753679	0.000931732829380501	0.000734982084811683
tcallcenter_delta1	0.000249744610384158	0.00124126958598539	0.000205619988012792
vmr_msaldodolares_tend6	0.000249091050210055	0.00117776826884595	0.000643109324210222
cforex_sell_tend6	0.000249045628908264	0.000530118815199644	0.000503112736627045
cmobile_app_trx	0.000244756989287568	0.000791607099554355	0.000638734430848248
ccajas_extracciones_avg6	0.000244595281140745	0.000921461068848801	0.000651859110934171
vmr_mpagosdolares_delta1	0.000243475390923797	0.000685134077387583	0.000258118708356484
cseguro_vida_avg6	0.000242327347653895	0.000754052931056604	0.000319367215424124
cdescubierto_preacordado_avg6	0.000241248638806297	0.00433230451370575	0.000428739549473482
mtransferencias_recibidas_lag1	0.000240174307546925	0.000765993765743759	0.00133871736876414
matm_delta1	0.000237088497646578	0.0004074627282006	0.000822479952051169
vmr_mconsumospesos_delta1	0.000232445644766344	0.000662685029996705	0.000831229738775117
ccajas_otras_avg6	0.000232408940901024	0.000807303351091286	0.000297492748614253
mttarjeta_visa_debitos_automaticos_avg6	0.000231774963427438	0.00166568037133951	0.00161871054393049
mextraccion_autoservicio	0.000229562683231996	0.000303291637473227	0.000804980378603272
ctransferencias_emitidas	0.000225401648613848	0.000369338292699735	0.000734982084811683
Master_cconsumos_tend6	0.000223917529800248	0.00037640403995783	0.000743731871535631
mprestamos_personales_delta1	0.000223143592072176	0.00192202929819055	0.000603735283952454
Visa_Fvencimiento	0.000221809678492405	0.00158238661650663	0.00191182839918277
matm_other_avg6	0.000221708569852347	0.00108114278419637	0.000848729312223015
vm_mconsumospesos_lag1	0.00022073732409511	0.000534764404932328	0.0014305901293656
vmr_msaldodolares_lag1	0.000218769692240692	0.000286079310245091	0.000201245094650818
cforex_avg6	0.000218629583705594	0.000616764627294733	0.000389365509215713
mtarjeta_master_descuentos_tend6	0.000217943215471393	0.00022819720942902	7.43731871535631e-05
Master_msaldodolares_avg6	0.000217731791913622	0.000580010223496471	0.000131246800859229
vm_mpagospesos_lag1	0.000217625344371463	0.000779061225485847	0.00226181986814071
mforex_sell_tend6	0.000217440202418283	0.000721060898583765	0.000524987203436916
vmr_msaldototal_lag1	0.000216175908612094	0.000788421949707694	0.00135621694221203
Visa_mpagospesos_lag1	0.000212874253347736	0.0013629590008694	0.00171058330453195
vmr_mpagado_lag1	0.000212412732311976	0.000637544600530155	0.000581860817142582
ccaja_ahorro_avg6	0.000211076212969672	0.000922518149147256	0.000288742961890304
ctarjeta_visa_descuentos_tend6	0.00021072014461272	0.00036312794594631	0.000310617428700175
mtarjeta_visa_consumo_avg6	0.000209985959655087	0.00109517691605349	0.00180683095849539
Visa_fultimo_cierre_tend6	0.000206709867211787	0.00326869396261732	0.000673733577744043
vm_mfinanciacion_limite_avg6	0.000204798140732361	0.000499213125421124	0.000879353565756835
Visa_fultimo_cierre_lag1	0.000203778914812684	0.000752981941806853	0.00135621694221203
vmr_Master_mlimitecompra_avg6	0.000202454432184013	0.00127332276424579	0.0010893484471316
Master_mpagominimo_tend6	0.000201027696630623	0.00129623080702941	0.000988725899806192
Master_msaldototal_delta1	0.000200000483797106	0.000367523174555677	0.000656234004296145
Master_delinquency_avg6	0.000197342432632786	0.000332333527778154	0.000179370627840946
Visa_mconsumototal_delta1	0.000195992708682159	0.000645611792281524	0.00111997270066542
vm_status03_avg6	0.000195869782304308	6.47670317073252e-05	0.000118122120773306
matm_other	0.000194576768562997	0.000737077056000491	0.000638734430848248
cpayroll_trx_delta1	0.000192131169516573	0.00163482336289053	0.000546861670246788
ctarjeta_master_transacciones_tend6	0.000189210340322499	0.00142004829146163	0.000608110177314428
vmr_mpagosdolares_avg6	0.000189151890501556	0.000684702899897424	0.000481238269817173
tcuentas_avg6	0.000187894344690284	0.000170308154137301	0.000174995734478972
Visa_status_avg6	0.00018671204052254	0.000133678930900699	0.000166245947755023
Visa_msaldodolares_lag1	0.000185773008054017	0.000309926207241163	0.00028436806852833
vm_mconsumototal_lag1	0.00018524493314655	0.000204148632639164	0.0006299846441243
vm_status04_delta1	0.000182906534717044	0.000979051081687667	9.18727606014603e-05
Visa_mconsumototal	0.000181684733957722	0.00113999155712747	0.00194245265271659
vmr_mconsumospesos_tend6	0.000181553295180378	0.000702847126862356	0.00119434588781898
vm_mpagado	0.000180533175243239	0.000312186411826676	0.000188120414564895
cseguro_vida_tend6	0.000180458630045743	0.000384519913038733	0.000126871907497255
mtarjeta_visa_consumo_tend6	0.000180127801162862	0.00158602380727039	0.00182870542530526
mforex_sell_avg6	0.000178700156856998	0.000658456708802884	0.000608110177314428
Master_fultimo_cierre_avg6	0.000178386478049505	0.000543714815090959	0.000879353565756835
Master_mlimitecompra	0.000178073530185367	0.00101548557960613	0.00235806752210415
ccajeros_propios_descuentos_tend6	0.000177676808712775	0.000484101049838603	0.000341241682233996
cplazo_fijo_delta1	0.000175588633928462	0.00124684012097922	0.000131246800859229
ccajas_transacciones	0.000173684204015987	0.000131842949329697	0.000170620841116998
vm_mconsumospesos_avg6	0.000168562611799653	0.00127200836834837	0.00108059866040765
Master_mpagospesos	0.000167863467320988	0.000458028720635257	0.000730607191449708
Visa_status_tend6	0.000166593879117081	0.000207271192204995	0.000166245947755023
mttarjeta_master_debitos_automaticos_lag1	0.000164902968127328	0.000117794908521279	0.000258118708356484
Master_mpagospesos_delta1	0.000163754179563752	0.00135982253235227	0.000651859110934171
vm_Finiciomora_tend6	0.000162992868419325	0.000113121500886004	0.000113747227411332
cmobile_app_trx_delta1	0.000162206150732245	0.000617689572555881	0.000174995734478972
vmr_Master_mlimitecompra_delta1	0.000159309653660197	0.000390493807620134	0.000218744668098715
Master_fultimo_cierre_delta1	0.000158811228313918	0.000393317324733113	0.000538111883522839
mcheques_emitidos_tend6	0.000155544204531036	8.46916044380765e-05	6.12485070676402e-05
Visa_mpagosdolares	0.000154439663101809	0.000253866179044798	0.000170620841116998
Visa_mconsumosdolares_delta1	0.00015271491925368	0.000277678303662631	0.000446239122921379
ctarjeta_master_transacciones_lag1	0.000150828763523522	0.000116445740245619	0.000214369774736741
ccuenta_debitos_automaticos_lag1	0.000150798008869144	0.000267044910397249	0.000446239122921379
mtarjeta_master_consumo_delta1	0.000150094691356695	0.000498482905478112	0.000446239122921379
Master_mpagosdolares_tend6	0.000149991763275812	0.000195260812761363	0.000148746374307126
mv_status07_lag1	0.000149955789890343	0.0001861017683333	0.000441864229559405
Visa_mconsumototal_lag1	0.000147922081060612	0.000623997281968374	0.000826854845413143
matm_other_delta1	0.000144713184984375	0.000298687774594428	0.000411239976025584
minversion2_tend6	0.000144186774079654	0.000184550920263856	6.99982937915888e-05
vmr_mconsumototal_delta1	0.000141900057675344	0.000412247407446239	0.00066060889765812
Master_fechaalta_tend6	0.000141704764213996	0.000647927632672218	0.000704357831277863
active_quarter	0.000138008961203	0.000389443681797327	0.00031499232206215
ctarjeta_master_debitos_automaticos_avg6	0.000137920407584382	9.21050754785585e-05	0.000170620841116998
mplazo_fijo_dolares_lag1	0.000136979875252474	0.000622175209348668	0.000174995734478972
Master_mconsumospesos	0.000136175404691724	0.000420043374647346	0.000656234004296145
vmr_msaldodolares_delta1	0.000135842272143743	0.000560537691682822	0.000358741255681893
vm_mpagado_lag1	0.000133717664734351	0.000468196164032241	0.000520612310074942
ccaja_seguridad	0.000132442757933624	0.00398501190880933	0.000131246800859229
Master_msaldopesos	0.000132425299858013	0.00104511860034112	0.000835604632137092
mttarjeta_master_debitos_automaticos	0.000127483342349756	0.000149243047400322	0.000192495307926869
vmr_msaldodolares2_delta1	0.000126977290313877	0.000483934142423057	0.00031499232206215
Visa_mconsumosdolares	0.000125362088993328	0.000800856552165838	0.000848729312223015
tcallcenter	0.000125168882281092	0.000981958052508419	0.000196870201288844
Visa_msaldodolares_delta1	0.000125040629065717	0.00087866322571266	0.00037624082912979
cmobile_app_trx_lag1	0.000124463672313842	0.000337549384513953	0.000398115295939662
mcaja_ahorro_adicional_tend6	0.000122937537578539	0.000450503977984411	0.000166245947755023
Master_fultimo_cierre_tend6	0.000116723965386094	0.0022133036017445	0.000988725899806192
ccaja_seguridad_lag1	0.000116622784772001	0.00147151141125484	8.31229738775117e-05
ccajas_consultas	0.000115389781685296	0.0014170578669331	0.000174995734478972
Visa_status_delta1	0.000114400866237264	0.000273088349735128	3.49991468957944e-05
cforex_tend6	0.000110911919184211	0.00021792544889732	0.000227494454822664
ccajas_depositos_avg6	0.000108570892346373	0.000460866146699531	0.000271243388442407
cliente_edad_delta1	0.000107796337896509	0.000201144299159344	0.000126871907497255
cplazo_fijo_lag1	0.000106987860599598	0.000191088127372724	0.000131246800859229
mtarjeta_master_descuentos_delta1	0.00010652255944922	0.000162748639108217	9.18727606014603e-05
ccajas_consultas_lag1	0.000106393826587993	0.00030159474541518	0.000118122120773306
mtarjeta_visa_descuentos_tend6	0.000105897473933086	0.000819765771452021	0.000297492748614253
cseguro_vivienda_avg6	0.000105490814492134	0.000279375195720677	0.000214369774736741
catm_trx_other_lag1	0.000104481582786863	0.000476972712299678	0.000279993175166355
Visa_msaldopesos_delta1	0.000104281805645737	0.000995248055471234	0.00181995563858131
Master_delinquency_tend6	0.000104162844703052	5.52046276916942e-05	9.62476539634346e-05
mcheques_depositados_avg6	0.000103216565116537	0.000831706606139176	0.000214369774736741
ccajas_depositos_tend6	0.000101244119621647	0.00109172749613222	0.00037624082912979
vmr_mconsumosdolares	0.000100417888978223	0.000503796124872979	0.000503112736627045
mcheques_emitidos_avg6	0.000100082663613484	0.00072368273590296	6.99982937915888e-05
ctarjeta_master_transacciones_delta1	9.99871960885238e-05	0.000173368123422303	0.000214369774736741
ctarjeta_visa_avg6	9.79302717543427e-05	0.000393359051587	6.99982937915888e-05
Master_mpagominimo_delta1	9.78566259844148e-05	0.000509929972394279	0.00072185740472576
vm_Finiciomora	9.73051354815637e-05	0.0004545236649088	0.000100622547325409
Master_mpagominimo	9.69160558362558e-05	0.000508893755522767	0.000542486776884813
mcheques_depositados	9.66059055155625e-05	0.000654478748732382	0.000113747227411332
matm_other_lag1	9.53129190386135e-05	0.000590587980956671	0.000402490189301636
ctarjeta_master_debitos_automaticos_tend6	9.49645353668781e-05	0.000999191243163498	0.00028436806852833
vmr_mconsumototal_avg6	9.48792345002972e-05	0.000563535070686994	0.00135184204885006
vm_status02	9.37947430063427e-05	0.00100816251674907	0.000135621694221203
Master_msaldopesos_avg6	9.25651707290284e-05	0.000314759567816336	0.00049873784326507
vm_Finiciomora_avg6	9.2245048202962e-05	0.000458870212188632	0.000196870201288844
cseguro_accidentes_personales_lag1	9.22142490432387e-05	2.31931762851852e-05	7.87480805155374e-05
cdescubierto_preacordado_delta1	9.06298718391688e-05	0.00113083946717506	6.99982937915888e-05
vmr_mpagosdolares_tend6	8.8742003115924e-05	0.000318327213823623	0.000393740402577687
mtarjeta_visa_descuentos_lag1	8.73276355188538e-05	0.000144124553323592	0.00012249701413528
Master_mpagado_delta1	8.59582422810178e-05	0.00030300650397167	0.000258118708356484
minversion2_delta1	8.44272731703576e-05	0.000260535521190972	0.000139996587583178
ctarjeta_master_debitos_automaticos_delta1	8.41279392618253e-05	0.000206902604995666	7.87480805155374e-05
catm_trx	8.40976326800668e-05	0.00134726274933247	0.000546861670246788
Master_msaldototal_avg6	8.39552617613967e-05	0.000633469277800584	0.000822479952051169
ctarjeta_master_transacciones_avg6	8.33082464239711e-05	0.000466659224914092	0.000424364656111507
Visa_fechaalta_delta1	8.31163609999426e-05	1.36933625503837e-05	8.7497867239486e-05
vmr_Visa_mlimitecompra_delta1	8.29646751317423e-05	0.000377099487522603	0.000214369774736741
Master_madelantodolares	8.24709706159221e-05	1.00144449327336e-06	1.31246800859229e-05
mcheques_depositados_tend6	8.15361487384076e-05	0.00101182057093978	0.000174995734478972
Visa_mpagosdolares_lag1	8.08759369302494e-05	0.00143365820030424	0.000223119561460689
vm_mconsumosdolares	8.03555863156969e-05	0.000253407183652047	0.000323742108786098
mcaja_ahorro_adicional_delta1	8.03178285357719e-05	0.000313257401076426	6.56234004296145e-05
mcheques_depositados_delta1	8.01615164150615e-05	0.00104003487864263	0.000157496161031075
vm_mconsumosdolares_lag1	7.96969159245137e-05	0.00104539677936703	0.000363116149043867
Master_mconsumosdolares_avg6	7.9516114072812e-05	0.000874921717814181	0.00037624082912979
cplazo_fijo	7.85597493211939e-05	0.000656996268916861	0.000161871054393049
vmr_madelantopesos_tend6	7.85458748433579e-05	0.000340957077581342	3.49991468957944e-05
Visa_mpagosdolares_avg6	7.83280804926064e-05	0.000811163085075777	0.000586235710504557
mforex_buy_tend6	7.80933271146081e-05	0.000605136744011725	0.000118122120773306
cseguro_vida	7.78580947480037e-05	0.000433416831317934	0.000109372334049358
catm_trx_lag1	7.7823372012427e-05	0.000355491931685101	0.000459363803007302
Master_msaldodolares_delta1	7.74530684994586e-05	0.000152442106198279	0.000139996587583178
mttarjeta_master_debitos_automaticos_tend6	7.69953313437269e-05	0.000415995869820367	0.000310617428700175
mttarjeta_master_debitos_automaticos_avg6	7.66021426920107e-05	0.000314690023059859	0.000214369774736741
vmr_msaldopesos_tend6	7.52565245669126e-05	0.00106340191681901	0.00170620841116998
Master_Finiciomora_tend6	7.45982721912717e-05	0.000151440661705005	4.3748933619743e-05
mtarjeta_master_descuentos	7.4507039351012e-05	0.000312610634841187	7.87480805155374e-05
ccajas_extracciones_delta1	7.23269833659431e-05	0.000504303801595264	0.000135621694221203
vmr_msaldodolares2_avg6	7.12023245962587e-05	0.00115388659947164	0.000586235710504557
Visa_delinquency_avg6	7.07810948438249e-05	0.000117815771948223	0.000131246800859229
Visa_Fvencimiento_delta1	7.02070028477947e-05	0.00019720111146708	0.000249368921632535
tcallcenter_lag1	6.95117219366775e-05	9.14235368650808e-05	0.000174995734478972
thomebanking_delta1	6.92758990381693e-05	0.00179479021173965	0.000363116149043867
vm_status05	6.86743428682528e-05	0.000381091356544401	0.000131246800859229
cseguro_auto_avg6	6.76477159166947e-05	0.000320990777996704	5.24987203436916e-05
catm_trx_other_delta1	6.68316804802117e-05	0.000475734815634382	0.000266868495080432
Visa_madelantopesos_lag1	6.62826032351292e-05	0.000133539841387744	6.12485070676402e-05
ctarjeta_master_debitos_automaticos_lag1	6.51217281223915e-05	0.000133352070545255	0.000109372334049358
mcajeros_propios_descuentos_tend6	6.50599162567599e-05	0.000852486579374599	0.000266868495080432
mforex_sell	6.50260826504899e-05	0.000106598202728431	8.7497867239486e-05
Visa_mpagosdolares_delta1	6.50082472877193e-05	0.000392893101718602	0.000354366362319918
vm_msaldodolares_delta1	6.43941290332768e-05	0.000207938821867178	0.000196870201288844
vm_msaldodolares_avg6	6.29781335556893e-05	0.000800835688738895	0.000389365509215713
ccajas_transacciones_delta1	6.25092362783042e-05	0.000310273931023549	0.000249368921632535
ccaja_seguridad_tend6	6.10853970101935e-05	9.92820943470176e-05	1.74995734478972e-05
Visa_Finiciomora	6.0141351298917e-05	0.000465483918529625	0.000113747227411332
Master_mpagosdolares_lag1	5.95621491750207e-05	0.000119630890092281	7.43731871535631e-05
mtarjeta_visa_descuentos_delta1	5.9323679143824e-05	0.000257816321212709	0.000196870201288844
vmr_madelantopesos_lag1	5.92409684350224e-05	0.000155696800801417	1.74995734478972e-05
vm_fultimo_cierre_delta1	5.87819568153298e-05	0.000125236197464352	0.00031499232206215
cinversion1_tend6	5.86112693995987e-05	0.000325761548291048	7.43731871535631e-05
vm_mpagosdolares	5.84055148005333e-05	0.00035111061202703	0.000118122120773306
ccaja_ahorro_tend6	5.8073606153009e-05	0.00126693160112552	0.00012249701413528
vm_status04_avg6	5.78813810053731e-05	7.80361712431973e-05	0.000166245947755023
cpagodeservicios_avg6	5.76641085388964e-05	5.1191895242953e-05	3.06242535338201e-05
cpayroll2_trx_tend6	5.75399537434462e-05	6.98924802597035e-05	1.31246800859229e-05
vm_status03_delta1	5.64532599767212e-05	8.69796269261803e-05	2.18744668098715e-05
Visa_cadelantosefectivo_avg6	5.64452304001311e-05	0.00052041036719541	6.12485070676402e-05
mpayroll2_tend6	5.52193549806841e-05	0.000265188065399305	2.18744668098715e-05
minversion1_pesos_tend6	5.4686748109652e-05	0.000205198758461971	0.000104997440687383
vm_mpagosdolares_lag1	5.44646076450331e-05	0.000142984019317364	0.00012249701413528
ctarjeta_master_descuentos_tend6	5.43580808295124e-05	0.000207799732354223	0.000166245947755023
ctarjeta_visa_descuentos_avg6	5.38150082582895e-05	0.00131499398232699	0.000349991468957944
ccajas_otras_lag1	5.19421502507118e-05	0.000145668446917388	5.24987203436916e-05
Master_msaldopesos_lag1	5.1436900956898e-05	0.000710636139587815	0.000279993175166355
mcaja_ahorro_adicional	5.12636636053352e-05	0.000117182914664279	6.12485070676402e-05
Visa_madelantopesos_avg6	5.05586135054642e-05	0.000389061185636702	6.56234004296145e-05
vm_Fvencimiento_delta1	5.03698752485043e-05	0.000118017451742007	0.000231869348184638
cseguro_vivienda_tend6	5.02766757354099e-05	0.000215317520529421	5.24987203436916e-05
Visa_msaldodolares	5.01464483616299e-05	0.000193911644485703	0.000301867641976227
Visa_madelantodolares_avg6	5.01449979335216e-05	4.17685807402765e-05	1.31246800859229e-05
ccheques_depositados_lag1	4.9413509715792e-05	3.92371516045022e-05	2.62493601718458e-05
cforex_sell_delta1	4.91916813896948e-05	0.000391126664904078	0.000153121267669101
ctarjeta_visa_debitos_automaticos_delta1	4.85817411230977e-05	0.000667226302594674	0.000564361243694685
vmr_madelantopesos_delta1	4.84565562906416e-05	0.000827638237885253	6.12485070676402e-05
Visa_mpagado	4.8320300544405e-05	0.000470797137924492	0.00031499232206215
cseguro_vivienda_lag1	4.80250954261073e-05	2.41807118271631e-05	6.12485070676402e-05
vmr_mconsumosdolares_lag1	4.69550742007318e-05	0.000243816961733825	0.00031499232206215
cseguro_vida_lag1	4.60027779005855e-05	0.000249067590847863	6.99982937915888e-05
ccheques_depositados_tend6	4.57879599821178e-05	0.000753322711113592	0.000174995734478972
active_quarter_lag1	4.53673357568351e-05	0.0006111940923009	0.000538111883522839
mforex_sell_delta1	4.41754151492442e-05	0.000389694042920645	0.000100622547325409
ctarjeta_master_descuentos	4.36317214979018e-05	4.52736364667333e-05	3.93740402577687e-05
mcheques_depositados_lag1	4.35685822259688e-05	0.000350853296428064	7.87480805155374e-05
mcajeros_propios_descuentos_lag1	4.19244037320285e-05	0.000715935450031387	0.000166245947755023
Master_fechaalta_delta1	4.13695182695158e-05	4.22414850843223e-05	0.000192495307926869
Visa_Finiciomora_lag1	4.09681967600682e-05	0.000488308507605481	6.12485070676402e-05
ctarjeta_master_tend6	4.04225705210353e-05	0.000511258277242995	0.000148746374307126
catm_trx_other	4.01272242138937e-05	0.000132246308917266	0.000275618281804381
mpayroll2	3.96247988434299e-05	9.85588288796535e-05	1.74995734478972e-05
mplazo_fijo_dolares_avg6	3.94757919308186e-05	0.000624463231836772	0.000384990615853739
cseguro_accidentes_personales_delta1	3.9453224617141e-05	0.00018999627469603	3.93740402577687e-05
vmr_mpagosdolares_lag1	3.93837591187887e-05	0.00025379663428832	0.000170620841116998
vm_cadelantosefectivo_avg6	3.89767892020414e-05	6.76948659550203e-05	1.74995734478972e-05
ccuenta_debitos_automaticos_delta1	3.85734833071796e-05	0.000236111402716139	0.000227494454822664
minversion2_avg6	3.84528927542761e-05	0.000169647478950767	9.18727606014603e-05
Master_mconsumosdolares	3.82417038021513e-05	9.10271317531601e-05	0.000157496161031075
vmr_madelantopesos_avg6	3.82366472144129e-05	5.82645969766961e-05	1.74995734478972e-05
minversion1_pesos_delta1	3.81822868132919e-05	0.000181845629236888	7.43731871535631e-05
vm_status02_delta1	3.76809503704835e-05	0.000467076493452956	4.81238269817173e-05
mcajeros_propios_descuentos	3.74266104934007e-05	0.00010332264469835	8.31229738775117e-05
cdescubierto_preacordado_tend6	3.73898369028689e-05	0.00189495552449393	8.31229738775117e-05
Master_Finiciomora	3.70174420558864e-05	0.000514631197932145	4.81238269817173e-05
mforex_sell_lag1	3.62159724474697e-05	7.38148045250242e-05	8.7497867239486e-05
Master_delinquency_lag1	3.60867190871826e-05	5.40640936854662e-05	1.31246800859229e-05
cinversion1_avg6	3.60443659914938e-05	4.97314553569293e-05	4.3748933619743e-05
tcuentas_tend6	3.54262653659702e-05	0.000625965398576682	0.000135621694221203
ccajas_transacciones_lag1	3.52800831875371e-05	8.76472565883625e-05	0.000179370627840946
Visa_madelantopesos_tend6	3.47750707202728e-05	0.000350484709218734	8.31229738775117e-05
ccajas_extracciones	3.47746754722722e-05	0.000386592346781757	6.99982937915888e-05
ctarjeta_visa_descuentos	3.45734469738738e-05	0.000348127141974153	0.000109372334049358
ctarjeta_master_descuentos_delta1	3.42258488141914e-05	9.97341352641202e-05	4.3748933619743e-05
mcheques_emitidos_rechazados_tend6	3.3819614692306e-05	2.31931762851852e-05	1.74995734478972e-05
vm_mpagosdolares_avg6	3.38186694750726e-05	0.000170384653369426	0.000249368921632535
mprestamos_prendarios_tend6	3.35793470835054e-05	5.99893069373336e-05	2.62493601718458e-05
Master_mpagado	3.29206654462877e-05	0.000165182705584923	0.000166245947755023
mprestamos_hipotecarios	3.27768316490938e-05	3.56277787433295e-05	1.74995734478972e-05
vm_status05_delta1	3.26448365013293e-05	0.000745561516290724	8.31229738775117e-05
vm_status01_tend6	3.23489504551835e-05	0.0014557108425832	0.000240619134908587
Master_cconsumos	3.21339816514789e-05	0.000581275938064358	0.00066060889765812
Visa_madelantopesos_delta1	3.168895278854e-05	0.000321011641423647	4.81238269817173e-05
cseguro_accidentes_personales	3.15201603642495e-05	0.0001572824212491	8.31229738775117e-05
vm_msaldodolares_tend6	3.06719161452125e-05	0.000265208928826248	0.000240619134908587
ccheques_emitidos_tend6	2.96895061052251e-05	0.000142121664337045	9.18727606014603e-05
cproductos_delta1	2.92259547166778e-05	0.00192596553140717	0.000166245947755023
Master_cconsumos_delta1	2.91067217727251e-05	0.000359017850838501	0.000529362096798891
vm_Finiciomora_lag1	2.89581369727771e-05	6.29727769902105e-05	3.49991468957944e-05
minversion1_pesos_avg6	2.86957455974795e-05	0.000200441897118923	3.49991468957944e-05
active_quarter_delta1	2.63926930952345e-05	0.000764922776494009	9.18727606014603e-05
ccheques_depositados_delta1	2.62379216165825e-05	0.000280898225887531	4.81238269817173e-05
mforex_buy_avg6	2.60325086936601e-05	8.45803328277128e-05	4.3748933619743e-05
ctarjeta_master_avg6	2.59713823201478e-05	6.62135626420534e-05	5.24987203436916e-05
Visa_delinquency_delta1	2.58398618149699e-05	9.08880422402055e-05	6.56234004296145e-05
Visa_Finiciomora_tend6	2.49021923421116e-05	0.000464044342070545	6.99982937915888e-05
Visa_delinquency	2.44510353157922e-05	0.000109498219073535	0.000109372334049358
mpagodeservicios_delta1	2.43714585973559e-05	8.6492813630839e-05	2.18744668098715e-05
cpayroll2_trx_avg6	2.43230166268525e-05	3.71577633858304e-05	8.7497867239486e-06
vm_status03_tend6	2.41488109285889e-05	0.000325372097654775	0.000131246800859229
Master_cadelantosefectivo	2.35528800105688e-05	2.81447629463702e-05	2.18744668098715e-05
mpayroll2_delta1	2.3534439575185e-05	1.70106474343517e-05	4.3748933619743e-06
vmr_msaldodolares2_lag1	2.34235853215561e-05	0.00142815025559124	0.000380615722491764
cforex_delta1	2.30142467218572e-05	0.000197089839856716	9.62476539634346e-05
Master_status_delta1	2.29390258004706e-05	0.000182297670153991	5.24987203436916e-05
ccheques_emitidos_rechazados_avg6	2.27899696995378e-05	1.70871466664768e-05	8.7497867239486e-06
Master_status	2.27860722754556e-05	9.41357823676962e-05	4.81238269817173e-05
ccajas_extracciones_lag1	2.22953166850919e-05	0.000251592065507989	6.56234004296145e-05
cinversion2_avg6	2.22553949443519e-05	0.000788241133340853	6.56234004296145e-05
ccajas_depositos_lag1	2.1807704277176e-05	4.68940292926548e-05	2.18744668098715e-05
Master_delinquency_delta1	2.17271869991674e-05	5.07537632771459e-05	3.93740402577687e-05
ctarjeta_master_descuentos_avg6	2.16238617778178e-05	0.000377913161173388	0.000118122120773306
ctarjeta_debito_delta1	2.15884565702197e-05	0.000455692016817619	6.56234004296145e-05
mpayroll_avg6	2.13760683204867e-05	0.00190339130345463	0.00120309567454293
ccajeros_propios_descuentos_avg6	2.12520569168109e-05	0.000521126678187127	0.000209994881374766
Master_madelantopesos_tend6	2.08026422423344e-05	7.09495605581587e-05	6.56234004296145e-05
vmr_msaldodolares2	2.06500603883485e-05	0.000314509206693018	0.000170620841116998
Visa_madelantodolares	2.04691100307657e-05	1.33386842923494e-05	7.43731871535631e-05
mpagodeservicios_tend6	2.01382976531397e-05	0.000284118148112431	5.68736137056659e-05
vm_status06	1.98829796505823e-05	0.000524993366647265	6.99982937915888e-05
Master_mpagado_lag1	1.98616901798099e-05	0.000620979039537258	0.00031499232206215
ccajeros_propios_descuentos	1.98390705793243e-05	0.000336645302679748	7.43731871535631e-05
cinversion1_lag1	1.95188098416558e-05	4.67479853040524e-05	2.18744668098715e-05
tcuentas	1.9437777601756e-05	0.000114957482457005	0.000100622547325409
cforex_buy_avg6	1.93222815325876e-05	1.16487467099506e-05	8.7497867239486e-06
ccajas_otras	1.88360770082626e-05	0.000301803379684612	6.99982937915888e-05
ccheques_depositados_avg6	1.83544377323193e-05	0.000347174378810414	7.87480805155374e-05
cinversion2_lag1	1.81878491623527e-05	0.000114102081952334	5.24987203436916e-05
Master_madelantopesos	1.79804308526546e-05	5.91825877621967e-06	1.31246800859229e-05
mv_status07_tend6	1.78410676332664e-05	0.00045323708691397	0.000319367215424124
cseguro_auto_lag1	1.76333350161829e-05	6.01701233041746e-05	5.24987203436916e-05
mtarjeta_visa_descuentos	1.71557670111582e-05	0.000906307266412394	0.00012249701413528
ccheques_emitidos_delta1	1.6995682370829e-05	0.000130646779518288	1.74995734478972e-05
Master_cadelantosefectivo_delta1	1.67865327791618e-05	5.1449210841919e-05	3.49991468957944e-05
ctarjeta_master	1.66045952556986e-05	5.45439525051597e-05	0.000104997440687383
minversion2_lag1	1.63459633969491e-05	5.24923821890788e-05	6.99982937915888e-05
cforex_sell	1.56133075144155e-05	7.63253702338553e-05	3.49991468957944e-05
minversion2	1.55706125334528e-05	1.24832837876784e-05	2.62493601718458e-05
minversion1_pesos_lag1	1.52799081896776e-05	6.17279258492665e-05	2.62493601718458e-05
Master_madelantodolares_lag1	1.46760376338905e-05	8.01851042183464e-06	8.7497867239486e-06
Master_msaldodolares_lag1	1.42120951096905e-05	0.000236862486086094	6.99982937915888e-05
Master_mconsumosdolares_lag1	1.38411206799939e-05	0.000173994026230599	9.62476539634346e-05
mcajeros_propios_descuentos_delta1	1.38250109968679e-05	0.000179648014932205	6.56234004296145e-05
minversion1_pesos	1.35750635739697e-05	0.000496041884525758	2.18744668098715e-05
Master_msaldodolares	1.33469746608247e-05	0.000212055871450635	0.000126871907497255
cprestamos_hipotecarios	1.33406604328033e-05	1.76643681452385e-05	8.7497867239486e-06
Master_mconsumosdolares_tend6	1.32398069553629e-05	0.000126703591826024	0.000135621694221203
Visa_status_lag1	1.24553085203065e-05	0.000933165451363934	3.93740402577687e-05
mcheques_emitidos_delta1	1.24338139827805e-05	0.000489296043147459	5.68736137056659e-05
Master_madelantopesos_avg6	1.21133247221433e-05	1.27058270084058e-05	2.18744668098715e-05
ctarjeta_master_descuentos_lag1	1.18688756827366e-05	1.62873819669876e-05	1.31246800859229e-05
ctarjeta_visa_delta1	1.14161118704376e-05	0.000117009052773086	3.93740402577687e-05
mcaja_ahorro_adicional_avg6	1.13366546078991e-05	0.000444690036342907	0.000109372334049358
cforex_buy_tend6	1.13121182826427e-05	0.000237523161272628	6.56234004296145e-05
ccaja_ahorro_delta1	1.12706720486594e-05	8.16385896287223e-05	4.3748933619743e-06
ccajeros_propios_descuentos_delta1	1.00272841256677e-05	0.000135139370786722	7.87480805155374e-05
mcheques_emitidos	1.00076999739772e-05	0.000178778705476239	3.93740402577687e-05
tcuentas_lag1	9.56228368719364e-06	8.72438970007941e-05	6.12485070676402e-05
Master_msaldodolares_tend6	9.53861284757445e-06	0.000298493049276292	0.000157496161031075
vm_mpagosdolares_delta1	9.49112575442072e-06	0.000605574875977532	0.000139996587583178
cseguro_vivienda	9.46177759281159e-06	7.93018858110845e-05	0.000109372334049358
mforex_buy_lag1	9.40812279641672e-06	0.000119874296739951	2.18744668098715e-05
ctarjeta_master_debitos_automaticos	9.37496415544366e-06	0.000112836367384447	0.000109372334049358
vmr_mconsumosdolares_delta1	9.23332020902192e-06	0.000440030537658927	0.000236244241546612
mprestamos_hipotecarios_avg6	8.69651173268493e-06	4.66645315962796e-05	1.74995734478972e-05
mcheques_emitidos_rechazados_delta1	8.67854224535438e-06	2.59332396903915e-05	4.3748933619743e-06
Master_mpagosdolares_delta1	8.41247892129817e-06	2.26229092820712e-05	2.62493601718458e-05
cprestamos_prendarios_lag1	8.21980369245322e-06	0.000107495330086989	1.74995734478972e-05
vm_cadelantosefectivo_tend6	8.09056666320137e-06	0.000122843857841533	3.06242535338201e-05
cpagodeservicios_tend6	7.97984091899664e-06	0.000134436968746301	4.3748933619743e-05
ctarjeta_visa_descuentos_delta1	7.90080336973563e-06	0.000202340468970754	7.43731871535631e-05
vm_madelantopesos_avg6	7.52125135089806e-06	0.000103267008893168	4.3748933619743e-05
cinversion2_delta1	7.35633328228685e-06	4.00438707796391e-05	8.7497867239486e-06
Master_Finiciomora_avg6	7.18874426498813e-06	0.000768733829148966	4.81238269817173e-05
Visa_cadelantosefectivo_delta1	6.97845928581294e-06	0.000466582725681967	6.99982937915888e-05
ccajas_depositos_delta1	6.93542778238327e-06	0.000921148117444653	9.62476539634346e-05
cseguro_vida_delta1	6.68109855038733e-06	0.00018159526811357	8.7497867239486e-06
cseguro_vivienda_delta1	6.62229060839602e-06	0.000319669427623635	2.62493601718458e-05
cseguro_auto	6.57086902032822e-06	2.66008693525737e-05	1.74995734478972e-05
mcaja_ahorro_adicional_lag1	6.40700852454164e-06	0.00024469322566544	8.7497867239486e-05
cforex_lag1	5.96860500749245e-06	6.4099402045143e-05	3.06242535338201e-05
ccheques_emitidos_rechazados_tend6	5.93377987560113e-06	9.95880912755178e-06	4.3748933619743e-06
ccajeros_propios_descuentos_lag1	5.7537526957125e-06	7.34183994131035e-05	6.99982937915888e-05
cforex_buy_delta1	5.64555965331097e-06	0.000172116317805712	2.62493601718458e-05
cinversion2	5.58636649197463e-06	7.35366254991149e-05	4.3748933619743e-05
vm_status03	5.58362899483155e-06	6.96768915146238e-05	3.93740402577687e-05
ccheques_depositados	5.12869142926339e-06	0.000128504801018786	4.81238269817173e-05
ccheques_depositados_rechazados_avg6	5.06927578176465e-06	1.06612111679727e-05	8.7497867239486e-06
cliente_vip_tend6	4.94058326762298e-06	1.11619334146094e-05	4.3748933619743e-06
mprestamos_prendarios_avg6	4.92740655361846e-06	0.000150008039721573	2.18744668098715e-05
vm_madelantopesos_tend6	4.65790910260199e-06	0.000148318102139174	2.62493601718458e-05
mtarjeta_master_descuentos_lag1	4.57799952429369e-06	8.46985589137243e-05	5.68736137056659e-05
mtarjeta_master_consumo_lag1	4.4726582114809e-06	0.000152894147115381	0.000244994028270561
mpagodeservicios_avg6	4.42781984482473e-06	5.51698553134555e-05	3.49991468957944e-05
cseguro_auto_delta1	4.33207699322147e-06	5.12544855237826e-06	4.3748933619743e-06
mprestamos_prendarios	4.15190048982181e-06	3.52105102044655e-05	2.62493601718458e-05
vm_msaldodolares_lag1	4.07433415647397e-06	0.000121675505932714	0.000104997440687383
cprestamos_prendarios_tend6	4.05231816302511e-06	0.000577158888480901	2.18744668098715e-05
cforex_buy	3.86301982076126e-06	5.98363084730835e-05	1.31246800859229e-05
cforex_sell_lag1	3.64693493220451e-06	5.40640936854662e-05	3.49991468957944e-05
vm_cadelantosefectivo_delta1	3.63054655574227e-06	0.000167915814514482	1.74995734478972e-05
mforex_buy_delta1	3.10345756678708e-06	6.49130756959276e-05	8.7497867239486e-06
ccheques_emitidos_avg6	3.00967455692822e-06	0.000642426642434863	4.3748933619743e-05
vm_fechaalta_delta1	2.87974790568354e-06	8.57556392121795e-05	0.000100622547325409
ctarjeta_visa	2.61181793196992e-06	2.0995561980502e-05	6.56234004296145e-05
cforex	2.56845565697777e-06	5.93147227995036e-05	2.18744668098715e-05
Master_status_lag1	2.30714539421854e-06	0.000267608222924715	1.74995734478972e-05
cprestamos_prendarios_avg6	2.29891431192153e-06	7.02123861394991e-05	2.18744668098715e-05
vm_status06_avg6	2.18450324718805e-06	4.95506389900883e-05	5.24987203436916e-05
mcheques_emitidos_rechazados_avg6	2.02969957497642e-06	0.000108295094786478	2.62493601718458e-05
tcuentas_delta1	1.93237432039079e-06	5.18803883320784e-06	1.31246800859229e-05
vm_status03_lag1	1.91941915842573e-06	2.57315598966073e-06	1.74995734478972e-05
ctarjeta_visa_descuentos_lag1	1.86707366419087e-06	2.4493663231311e-05	2.62493601718458e-05
vmr_mpagosdolares	1.82674001147397e-06	0.000117794908521279	0.000104997440687383
Visa_delinquency_lag1	1.80156290692969e-06	6.91483513653962e-05	3.93740402577687e-05
cpayroll2_trx	1.72952009191926e-06	2.85133501556999e-06	4.3748933619743e-06
mtarjeta_master_descuentos_avg6	1.5894591471023e-06	0.000123087264489203	6.99982937915888e-05
Master_cadelantosefectivo_tend6	1.43717059532866e-06	8.24105364256205e-06	8.7497867239486e-06
mforex_buy	1.39600198273033e-06	0.000123914847091283	2.62493601718458e-05
mplazo_fijo_pesos_delta1	1.01783776549041e-06	2.37773522395946e-05	4.3748933619743e-06
Visa_cadelantosefectivo	9.53612524830688e-07	0.000437353064534551	7.43731871535631e-05
minversion1_dolares_avg6	8.90185517500372e-07	1.95907578996602e-05	4.3748933619743e-06
ccajas_depositos	8.03133881351876e-07	4.27700252335499e-05	3.06242535338201e-05
vmr_madelantodolares_tend6	7.53868308149978e-07	9.81971961459715e-06	4.3748933619743e-06
Master_mpagosdolares	7.03370415550855e-07	7.97678356794825e-05	0.000100622547325409
mprestamos_hipotecarios_delta1	6.94909917254369e-07	9.82389229998579e-05	2.18744668098715e-05
Visa_cadelantosefectivo_tend6	6.86679753974863e-07	0.000177311311114567	6.12485070676402e-05
mplazo_fijo_pesos_tend6	6.61224856798191e-07	2.52864734551524e-05	8.7497867239486e-06
vm_status04_lag1	6.56091179289464e-07	0.000150696532810698	4.3748933619743e-05
mprestamos_prendarios_lag1	6.23810131751773e-07	0.000293882231921846	4.81238269817173e-05
cinversion1	5.85817235016151e-07	0.00047236884942088	2.62493601718458e-05
Master_madelantodolares_avg6	5.14318990238506e-07	5.34103729745794e-06	2.18744668098715e-05
vm_madelantopesos_lag1	4.56069180973808e-07	2.29149972592759e-05	8.7497867239486e-06
Visa_madelantodolares_tend6	4.08098508813581e-07	3.65109971505914e-06	1.31246800859229e-05
ctarjeta_visa_lag1	3.66666773586566e-07	6.13732475912322e-05	4.3748933619743e-06
mcheques_depositados_rechazados_delta1	3.43805325457215e-07	1.81929082944661e-05	4.3748933619743e-06
mpagodeservicios	3.33316340832423e-07	1.75948233887612e-06	4.3748933619743e-06
Visa_madelantopesos	2.75495870724602e-07	8.46846499624288e-05	6.99982937915888e-05
Master_delinquency	2.75333563945124e-07	2.5349063735982e-05	4.81238269817173e-05
cseguro_auto_tend6	2.20341622875274e-07	3.74498513630352e-05	2.18744668098715e-05
Visa_cadelantosefectivo_lag1	1.26756194159812e-07	6.46766235239047e-07	8.7497867239486e-06
cprestamos_hipotecarios_tend6	1.26002085516654e-07	5.17760711973624e-05	4.3748933619743e-06
mprestamos_prendarios_delta1	1.14730000223443e-07	0.000202110971274378	4.3748933619743e-05
cprestamos_prendarios	1.13067956067908e-07	5.53019903507624e-05	1.31246800859229e-05
cinversion1_delta1	1.12751418815351e-07	4.87508742905992e-05	4.3748933619743e-06
cprestamos_prendarios_delta1	1.05716946093041e-07	0.000141071538514237	4.3748933619743e-06
vm_cadelantosefectivo	9.68899490800779e-08	2.36452172022877e-07	4.3748933619743e-06
Master_madelantopesos_delta1	9.31547991329503e-08	4.47172784149148e-06	2.62493601718458e-05
vm_Finiciomora_delta1	7.8648086355184e-08	5.61921632336721e-05	1.31246800859229e-05
cforex_buy_lag1	6.7362920770559e-08	6.76600935767816e-05	1.31246800859229e-05
ctarjeta_master_delta1	6.73577944917591e-08	0.000114630622101561	4.3748933619743e-06
ccheques_emitidos	6.29998808428431e-08	0.000266363371783771	1.31246800859229e-05
mcheques_emitidos_lag1	5.910492567406e-08	8.92050591334544e-05	3.06242535338201e-05
cliente_vip_lag1	4.72063705789783e-08	2.40068499359698e-05	1.31246800859229e-05
Master_Finiciomora_lag1	3.24287928989351e-08	1.47782607514298e-05	1.74995734478972e-05
vm_msaldodolares	3.02780529519812e-08	0.000140424772278998	0.000104997440687383
vm_status02_lag1	1.96772843305871e-08	6.37725416896996e-06	4.3748933619743e-06
cpagodeservicios	1.28410671737422e-08	1.1662655661246e-05	4.3748933619743e-06
mprestamos_hipotecarios_tend6	1.02656766092599e-08	0.000128880342703764	4.3748933619743e-06
ccheques_emitidos_lag1	8.52207050417797e-09	2.14615118489e-05	1.74995734478972e-05
vm_status05_lag1	7.26505914445948e-09	9.75712933376756e-06	1.74995734478972e-05
Master_mconsumosdolares_delta1	5.84084545136247e-09	3.26095363122139e-05	3.93740402577687e-05
Master_madelantopesos_lag1	3.80579905639441e-09	1.41871303213726e-06	1.31246800859229e-05
Master_madelantodolares_tend6	3.06157362929799e-09	7.1978822954023e-06	1.74995734478972e-05
Master_cadelantosefectivo_avg6	2.15323659478173e-09	3.40491127712944e-05	4.3748933619743e-06
mplazo_fijo_pesos_avg6	3.31405311203331e-10	5.3549462487534e-07	4.3748933619743e-06
vmr_madelantopesos	1.7401144277406e-10	0.00022175736497922	3.06242535338201e-05
mpayroll2_avg6	9.92248553468285e-11	1.98202555960353e-05	4.3748933619743e-06
cprestamos_hipotecarios_lag1	2.07225872222511e-12	1.24763293120307e-05	4.3748933619743e-06
ctarjeta_master_lag1	1.4408046367695e-12	4.9376777098895e-07	4.3748933619743e-06
vm_status06_lag1	1.70865265368131e-13	2.31514494312988e-05	8.7497867239486e-06
vm_madelantopesos	4.2988934119265e-14	7.23543646390005e-05	1.31246800859229e-05
cpayroll2_trx_lag1	2.82037205064092e-14	1.38394065389861e-06	4.3748933619743e-06
cpagodeservicios_lag1	1.38789497748785e-14	6.77365928089067e-06	4.3748933619743e-06
Visa_madelantodolares_lag1	8.85147977854423e-15	9.00604596381254e-06	8.7497867239486e-06
Master_cadelantosefectivo_lag1	8.49248526477024e-15	2.15588745079682e-07	4.3748933619743e-06
cprestamos_hipotecarios_avg6	5.64318007097994e-15	2.60653747276984e-05	4.3748933619743e-06
cliente_vip_avg6	2.6487961975111e-16	4.79163372128714e-06	4.3748933619743e-06
vm_madelantopesos_delta1	1.39331840873857e-16	3.47723782386585e-07	4.3748933619743e-06
