Feature	Gain	Cover	Frequency
azar_under	0.443570255094563	0.0599649717477845	0.00764408376761985
ctrx_quarter_normalizado_lag1	0.0834247085146828	0.00541475709032376	0.00259610392107844
ctrx_quarter	0.0523010275288211	0.0191427135519959	0.00688448299071172
ctrx_quarter_normalizado	0.0205119569584746	0.026122243846314	0.0037210822868791
mcuentas_saldo	0.0186122394129885	0.0095835651989786	0.00939405011442088
cpayroll_trx	0.0167332469284716	0.0197979145322331	0.00272110151727851
mprestamos_personales	0.0132306228247446	0.0124689090812978	0.00476913905501817
mpasivos_margen	0.00888700013755666	0.00929076744378183	0.0107017172746678
mcomisiones_mantenimiento_tend6	0.00825028391639962	0.0158926158867412	0.00875944693371281
mcaja_ahorro	0.00614442549851826	0.00645035668992155	0.00991327089863656
mpayroll	0.00605593518354999	0.0141457255449596	0.00244226072575527
vm_msaldototal	0.00587416204303928	0.00145083076167963	0.001846118343878
mtarjeta_visa_consumo	0.0054666794314458	0.00472159800668603	0.00291340551143247
mcaja_ahorro_lag1	0.0050944187413028	0.00392539761879798	0.00619218861175747
mcomisiones_avg6	0.00474757764076768	0.0072350172011868	0.00770177496586604
mprestamos_personales_lag1	0.00459646319406336	0.00271211798526563	0.00204803753773966
ccomisiones_mantenimiento_tend6	0.00438629378273969	0.0215258300805714	0.00595180861906502
mpayroll_sobre_edad	0.00405637026893358	0.0106445525271465	0.00209611353627815
mrentabilidad_annual_avg6	0.00391209996862561	0.00580161974389599	0.00719216938135805
vm_status01_avg6	0.00385679994206731	0.00167777882975653	0.000807676775446626
mactivos_margen	0.00346267163126084	0.00144021918509513	0.00389415588161766
ctarjeta_visa_transacciones	0.00294514089627538	0.00179113363259739	0.00166342954943174
mactivos_margen_avg6	0.00289267044863754	0.00226512022554318	0.00548066383338782
ctrx_quarter_tend6	0.0027470604484903	0.00194577649585693	0.00663448779831157
mcaja_ahorro_avg6	0.00264220469494744	0.00197418758693711	0.00611526701409588
numero_de_cliente	0.00261616255187203	0.00288419415291399	0.00871137093517432
cpayroll_trx_avg6	0.00250894446967407	0.00454567237465869	0.00242303032633988
mrentabilidad	0.00246584128377401	0.00182826563412904	0.00491336705063364
mrentabilidad_annual	0.00238029320744189	0.0039260108078141	0.00595180861906502
chomebanking_transacciones_tend6	0.00210963764853969	0.00256598311960474	0.00527874463952616
mrentabilidad_annual_lag1	0.00208465902544258	0.0021143183101485	0.0055575854310494
mcuenta_corriente_lag1	0.00207458049520607	0.00195241937686489	0.00570181342666487
ccallcenter_transacciones_avg6	0.0019270444080706	0.00473438129436928	0.0023268783292629
cliente_edad	0.00191458160652784	0.00266058455836931	0.00825945654891252
azar_sampling	0.0018797046629953	0.00268977065223374	0.0115382396492375
cliente_antiguedad_lag1	0.00186785473247689	0.00184462585773965	0.0041922270725563
mactivos_margen_delta1	0.00185751231864478	0.00325997682162552	0.00552873983192631
mrentabilidad_annual_delta1	0.00179438503178778	0.00196132765062684	0.00753831657083518
Visa_Fvencimiento_avg6	0.00178872932784026	0.00101596903456788	0.00393261668044845
mcuentas_saldo_delta1	0.00177810072865903	0.00161788218600147	0.00467298705794119
mrentabilidad_annual_tend6	0.00177519345506153	0.00183049696082658	0.00769215976615834
ctrx_quarter_lag1	0.00175884175921045	0.00625931424534406	0.00456721986115652
mcuentas_saldo_tend6	0.00167738100099868	0.00168437912819392	0.00599026941789581
vm_msaldopesos	0.00167429203830931	0.00171135092838904	0.00158650795177016
mcuenta_corriente_tend6	0.00166592593986678	0.00227325349652087	0.00636526220649603
ccomisiones_mantenimiento_avg6	0.00166151894571571	0.00316878198850606	0.00254802792253995
mrentabilidad_tend6	0.00164247423175064	0.00159358457123776	0.00613449741351128
ccomisiones_otras_avg6	0.0016009175738538	0.011876951734862	0.00502874944712602
cliente_antiguedad	0.00159730886341567	0.00230813713832675	0.00599988461760351
vm_Fvencimiento	0.00157410561147323	0.0012537501085962	0.00447106786407954
mcomisiones_otras_avg6	0.00147929714508162	0.00421430332704522	0.002769177515817
cproductos_tend6	0.00140761204791056	0.00459987147047231	0.00283648391377089
Master_Fvencimiento	0.00137415632434718	0.00132649817214742	0.00551912463221861
mcomisiones_mantenimiento_delta1	0.00137249697738076	0.00348260701704724	0.00396146227957155
mpasivos_margen_avg6	0.00137213734611295	0.00425301088368773	0.00869214053575893
mpasivos_margen_lag1	0.00135775836777932	0.00313285081546432	0.00829791734774331
chomebanking_transacciones_delta1	0.00135347403191414	0.0012086381333409	0.0032595527009096
mtransferencias_recibidas_avg6	0.00134031041187792	0.000951354241994347	0.00361531509009442
tcallcenter_tend6	0.00132687707295426	0.00460235829259324	0.0023172631295552
cdescubierto_preacordado_avg6	0.00131906167449563	0.00360446981748676	0.000990365569892887
mcomisiones_lag1	0.00129527438265688	0.00154105471219024	0.00385569508278687
mcuenta_corriente_delta1	0.00128178373467111	0.00186273196674339	0.00621141901117286
vm_mpagominimo	0.00125178997954634	0.0024302895002461	0.00250956712370916
Visa_Fvencimiento	0.00123873984589292	0.00114535191696896	0.00368262148804831
Master_fechaalta	0.00123053773281486	0.00112828482268699	0.00477875425472587
mcomisiones_mantenimiento	0.00121744043290691	0.00218302102949615	0.00298071190938636
Visa_msaldototal	0.00118328580586423	0.000704911873113342	0.0018749639430011
mcomisiones_tend6	0.00118240964533714	0.00222626788816076	0.00598065421818811
Visa_fechaalta_avg6	0.00115845111575364	0.00100449729005798	0.00163458395030865
mcuentas_saldo_lag1	0.00115738230995097	0.00196175347633248	0.0055768158304648
cliente_edad_lag1	0.00114450386053501	0.00562983313772746	0.00517297744274149
mcuenta_debitos_automaticos	0.00113479234204016	0.00579612659229326	0.00119228476375454
mpasivos_margen_delta1	0.00111840418775912	0.00182146093935294	0.00385569508278687
ctrx_quarter_delta1	0.00111725336142747	0.00248436084834803	0.00443260706524875
mcuenta_corriente_avg6	0.00111005234222285	0.00217686358979263	0.0065191054018192
cmobile_app_trx_tend6	0.00110801552231123	0.00182714997078027	0.00329801349974039
mrentabilidad_avg6	0.00110617377579868	0.00143315047838154	0.00456721986115652
mcaja_ahorro_tend6	0.00107192765386287	0.00100821049021115	0.0037210822868791
thomebanking_avg6	0.00106620344299977	0.0016668180760934	0.00333647429857118
mactivos_margen_tend6	0.00104157530821098	0.00194437127102833	0.00616334301263437
ctransferencias_recibidas_tend6	0.00102828015654963	0.00132577426844783	0.00388454068190996
thomebanking_tend6	0.00102474536393085	0.00192204097102466	0.00339416549681737
mcuentas_saldo_avg6	0.00102404714291318	0.00386826032561546	0.00495182784946443
mttarjeta_visa_debitos_automaticos_tend6	0.00101997647755526	0.00192059316362549	0.00221149593277052
Master_mfinanciacion_limite_tend6	0.00101412067271952	0.00147098083407043	0.00378838868483298
Visa_fechaalta	0.00100985412278847	0.00183348625728016	0.00449029826349493
ctrx_quarter_avg6	0.00100692641711273	0.00439513447120151	0.00496144304917213
Visa_status_tend6	0.00100618361472035	0.000587801287548747	0.000240379992692448
vm_Fvencimiento_avg6	0.00100594513369847	0.000801293263327474	0.00375954308570989
mcuenta_corriente	0.0010055885181379	0.00159378045106235	0.00527874463952616
ccajas_consultas_tend6	0.00100404212220703	0.011559209109829	0.0023364935289706
vmr_mpagospesos_tend6	0.000995526348427707	0.00260021098982393	0.00244226072575527
ccomisiones_otras	0.000975901545977487	0.00760789573858587	0.0023364935289706
cliente_edad_avg6	0.000970173930699411	0.00228728019526459	0.00357685429126363
vmr_msaldototal	0.00096483179803497	0.000408571248045662	0.00155766235264706
ctransferencias_recibidas_avg6	0.000962583924860599	0.000840631042014323	0.00335570469798658
Visa_cconsumos_avg6	0.000957404996001782	0.00145417775172595	0.00218265033364743
ccomisiones_otras_tend6	0.000954212612857817	0.00202179490082745	0.00485567585238746
ccallcenter_transacciones_tend6	0.000939676084695712	0.0050206724327839	0.00229803273013981
vm_cconsumos_avg6	0.000937972457838854	0.000301569764732916	0.00117305436433915
mcomisiones	0.000933962219104979	0.00205157715067978	0.00423068787138709
Visa_mfinanciacion_limite_tend6	0.000929194788917918	0.00130375907946634	0.00306724870675564
mprestamos_personales_tend6	0.000926337581966551	0.00265395871038958	0.00159612315147786
vm_status01_delta1	0.000919331506867134	0.00188580320347486	0.000221149593277052
Visa_mpagospesos_tend6	0.00091759292085458	0.0015830666763085	0.00294225111055557
chomebanking_transacciones	0.000914997853291229	0.00163888390980354	0.00322109190207881
Visa_fechaalta_lag1	0.000906677626801967	0.000868224547739673	0.00194227034095498
chomebanking_transacciones_lag1	0.000905315430073391	0.00106960604045005	0.00290379031172477
Visa_mfinanciacion_limite_delta1	0.000902584905991772	0.000744973555499776	0.00337493509740197
mrentabilidad_lag1	0.000897573432334405	0.000792512737277216	0.00362493028980212
mcomisiones_delta1	0.000890751686364092	0.00143711065744397	0.00421145747197169
mv_status07_avg6	0.000886355688473386	0.00219410101435686	0.00123074556258534
Visa_mpagado_avg6	0.000876162364942423	0.000469370642296673	0.00172112074767793
cprestamos_personales	0.000873475172938883	0.00337247997305511	0.00116343916463145
Visa_mpagominimo_tend6	0.000865416846377333	0.000608743395752029	0.00224034153189362
vmr_msaldopesos2_avg6	0.000850520109256047	0.000828495009403637	0.00197111594007808
Master_mfinanciacion_limite_delta1	0.000847578695814134	0.000832863981143484	0.00391338628103306
chomebanking_transacciones_avg6	0.000837165299428823	0.00147540942140907	0.00395184707986385
mtransferencias_recibidas_tend6	0.000836088011806897	0.00155735532020207	0.00334608949827888
mcomisiones_mantenimiento_avg6	0.00081553692667315	0.00394829000873309	0.00359608469067903
Visa_msaldototal_lag1	0.000815042927862637	0.000559194316643978	0.00110574796638526
vmr_mpagominimo_avg6	0.000812415039936881	0.00141661992448867	0.00205765273744736
Visa_mpagospesos	0.00080764524041421	0.0010935970607057	0.00220188073306283
ccaja_seguridad_avg6	0.000807411273575035	0.00331789763410642	0.000499990384800292
vmr_msaldototal_avg6	0.000800132044635596	0.000421465250412385	0.00109613276667756
vmr_mpagominimo_delta1	0.000797130714135638	0.000369659295064451	0.00128843676083152
ctrx_quarter_normalizado_avg6	0.000792668641844099	0.00291296293758691	0.00304801830734024
mrentabilidad_delta1	0.000783487084691342	0.00159946948248968	0.00498067344858753
tcallcenter_avg6	0.000780592694639039	0.00112469937024551	0.00104805676813907
ctrx_quarter_normalizado_delta1	0.000773540100796685	0.00108347944193974	0.00169227514855484
ctarjeta_visa_debitos_automaticos_avg6	0.000772596236438681	0.000844097263258217	0.0014134343570316
vmr_Master_mlimitecompra	0.000768991230595732	0.0010691716982303	0.00224034153189362
Master_Fvencimiento_lag1	0.00076798122574425	0.00148747732190685	0.00331724389915579
mv_status07	0.000762769907220377	0.00343402882054805	0.000961519970769793
Master_mfinanciacion_limite	0.000757936180311053	0.00064016081631401	0.0037114670871714
cmobile_app_trx_avg6	0.000757648518624344	0.000981800779947472	0.00327878310032499
vm_mpagospesos_avg6	0.000757359304156403	0.000290813407408497	0.00113459356550836
vm_fultimo_cierre_avg6	0.000755381860023378	0.000689531048625693	0.00149997115440088
cproductos_avg6	0.000747803949753346	0.00281624088680826	0.00341339589623277
cdescubierto_preacordado	0.000744330061015448	0.00226705347424678	0.00160573835118555
Master_fechaalta_lag1	0.000740104437269509	0.00124863168361443	0.00302878790792485
mttarjeta_visa_debitos_automaticos_delta1	0.000728429705283613	0.00171000531915922	0.00181727274475491
vm_Fvencimiento_lag1	0.000722542588135394	0.00110592897314098	0.00282686871406319
mcaja_ahorro_dolares_avg6	0.000720241202749193	0.00147141517629018	0.00251918232341686
mprestamos_personales_avg6	0.00071538025639408	0.00122684644051398	0.00167304474913944
ccaja_ahorro	0.000710024809632596	0.00455205124372915	0.00110574796638526
ctrx_quarter_normalizado_tend6	0.000698962307764136	0.00176388930395067	0.00366339108863291
Visa_mpagado_tend6	0.000698183305260758	0.000907357930087816	0.00182688794446261
mactivos_margen_lag1	0.000688553621221192	0.00118503035622032	0.00450952866291033
Visa_cconsumos_tend6	0.000682755523337968	0.000820693882476347	0.00268264071844772
vm_mfinanciacion_limite_tend6	0.000680020459237419	0.000802741070726643	0.00267302551874002
Visa_mlimitecompra_avg6	0.000676941230922034	0.000365750215086693	0.000865367973692814
Master_Fvencimiento_avg6	0.000671093721519259	0.00134851336112891	0.00521143824157228
vm_status05_delta1	0.000664783797385105	0.00231971108100599	0.000374992788600219
ctarjeta_debito_transacciones_tend6	0.000661084627630297	0.00167965246286133	0.0023076479298475
mtransferencias_emitidas_avg6	0.000658857972410435	0.000616646720848673	0.00151920155381627
mtransferencias_recibidas_delta1	0.000657812387593622	0.00105960765288167	0.0023364935289706
Visa_mfinanciacion_limite	0.000652763951407317	0.000706947319986292	0.00354800869214054
Master_fultimo_cierre_lag1	0.000649322930678145	0.000872235825886784	0.00162496875060095
vm_mpagospesos_tend6	0.000642017114570848	0.00125507868479779	0.00206726793715505
mautoservicio_tend6	0.000640539869690011	0.0014213125237648	0.00207688313686275
mpasivos_margen_tend6	0.000637148800562188	0.00133153994850217	0.00411530547489471
vm_fechaalta	0.000635541910389725	0.00155202398236748	0.00320186150266341
Visa_mconsumospesos_delta1	0.00063203976588833	0.00134329273797778	0.00178842714563181
ctransferencias_recibidas	0.000625751489377731	0.000326531667597422	0.000855752773985116
mcaja_ahorro_dolares_delta1	0.000621230741746078	0.00121907086312903	0.00167304474913944
vm_mpagominimo_lag1	0.000618418415222988	0.000446401603734553	0.0014134343570316
vmr_Master_mlimitecompra_avg6	0.000606437386152226	0.000752945012709322	0.00122113036287764
vm_fechaalta_lag1	0.000605141734817661	0.000849411568064581	0.00172112074767793
mcomisiones_otras_lag1	0.000600156584759444	0.0017559689458258	0.00268264071844772
Master_mlimitecompra_avg6	0.000588480024587203	0.000170015171233075	0.000778831176323532
mautoservicio_lag1	0.000585904462033828	0.00043714415289398	0.000932674371646699
mcaja_ahorro_delta1	0.000585829281453739	0.0012678279064246	0.00331724389915579
ctarjeta_debito_transacciones_avg6	0.000581911238873488	0.000871750384582357	0.00182688794446261
Visa_fultimo_cierre_lag1	0.000573631235755008	0.000600269464209831	0.0018653487432934
Master_mconsumospesos_lag1	0.000572859635795115	0.000636507231759635	0.000442299186554105
mautoservicio	0.000572708811150344	0.00113147851547927	0.00127882156112382
mextraccion_autoservicio_avg6	0.00056994612593065	0.000413383078519373	0.00121151516316994
vm_mpagominimo_avg6	0.000567138294935608	0.000893595243281592	0.00181727274475491
vmr_msaldopesos2_delta1	0.000566510464454973	0.00128781616504725	0.00228841753043211
vmr_msaldopesos_delta1	0.000565849014146497	0.00299261789408357	0.00120189996346224
ctarjeta_visa_transacciones_tend6	0.0005532658189765	0.00110722348328612	0.00206726793715505
Visa_mpagominimo	0.000543927204364176	0.00082357246424646	0.00215380473452434
vmr_mpagospesos	0.000537716268358604	0.000359993051546466	0.00128843676083152
mautoservicio_avg6	0.000532008307851363	0.00101977591637628	0.00196150074037038
mcaja_ahorro_dolares_tend6	0.000529926298237741	0.00143401916282104	0.00191342474183189
mcuenta_debitos_automaticos_avg6	0.000525758328795046	0.000506034235552115	0.000874983173400512
mcuenta_debitos_automaticos_lag1	0.000525540920430221	0.00122097856229029	0.000778831176323532
mcomisiones_otras_delta1	0.000524922017483215	0.000784967105773308	0.00216341993423203
ccallcenter_transacciones	0.00052256046493349	0.00362774545055694	0.000855752773985116
Visa_mpagospesos_lag1	0.00052111966433839	0.000725368540012197	0.0018557335435857
mcaja_ahorro_dolares_lag1	0.000520714477288122	0.000623178887173161	0.00150958635410857
vmr_msaldopesos2	0.000518277951690982	0.000732113619189505	0.00199996153920117
Master_fechaalta_avg6	0.000517896597036401	0.00120962604897798	0.0023268783292629
Visa_mlimitecompra	0.000516863022521912	0.000329665744790919	0.0013749735582008
mtarjeta_visa_descuentos_avg6	0.000508887147428371	0.000652330914981147	0.000528835983923386
Visa_mpagospesos_delta1	0.000506463202677595	0.00265952851061932	0.00211534393569354
vmr_mpagominimo_tend6	0.000505589074137695	0.000947981702405693	0.00201919193861657
Master_mpagominimo_avg6	0.000498807040855504	0.000247055557897124	0.000538451183631084
vm_mlimitecompra_tend6	0.000496896734122016	0.00104903865886773	0.00220188073306283
ctarjeta_visa_transacciones_avg6	0.000494004131010447	0.000674175773680383	0.00122113036287764
vmr_mconsumospesos	0.00049218811990414	0.000656427358269386	0.000942289571354397
active_quarter_avg6	0.00049174575887827	0.000880164700525766	0.00296148150997096
vm_mconsumospesos_delta1	0.000490777556048205	0.000841891486103012	0.000865367973692814
catm_trx_tend6	0.00048929411549708	0.00294079490570741	0.00143266475644699
vm_status04_tend6	0.000487429744194057	0.00137964122021105	0.000596142381877272
Visa_cconsumos_lag1	0.000484709728289232	0.000736286711104759	0.00155766235264706
Visa_Fvencimiento_tend6	0.000481837597564249	0.000582504015770608	0.000990365569892887
vmr_Master_mlimitecompra_lag1	0.000481548279560422	0.000649980357086025	0.0013845887579085
vmr_msaldopesos2_lag1	0.000477503179615979	0.00174307494345908	0.00168265994884714
ccaja_seguridad	0.000476794085439938	0.004132340395224	0.000423068787138709
mpagomiscuentas_avg6	0.000473153994530491	0.0028988766232444	0.000730755177785043
mv_status07_delta1	0.0004719556860093	0.00300772619011961	0.00144227995615469
cpayroll_trx_lag1	0.00047110587136757	0.00138383986166865	0.000663448779831157
Visa_cconsumos_delta1	0.000462416587341774	0.00200643110936803	0.00161535355089325
Master_mlimitecompra	0.000462193829545909	0.000401834685382467	0.00151920155381627
vmr_mconsumospesos_avg6	0.000459399919346452	0.000331343498071133	0.00120189996346224
vmr_mpagospesos_delta1	0.000458828896156415	0.000595278786939752	0.00142304955673929
vm_fechaalta_avg6	0.000452026468730097	0.000734932585360829	0.00154804715293937
ctarjeta_visa_debitos_automaticos_tend6	0.000451842062998044	0.00157205482356069	0.0018365031441703
cextraccion_autoservicio_avg6	0.00045092576171575	0.000333166032091264	0.00111536316609296
ctarjeta_visa_transacciones_lag1	0.00045069126368715	0.000395881642017646	0.000798061575738928
Visa_mfinanciacion_limite_avg6	0.000448344327850087	0.000331973720115477	0.0013749735582008
Visa_mconsumototal_tend6	0.000447807519339833	0.000545525311492994	0.00114420876521605
cliente_antiguedad_avg6	0.000442340898806279	0.00121896866495968	0.00219226553335513
ccajas_consultas_avg6	0.000439183232114381	0.00159245187486076	0.000971135170477491
cprestamos_personales_avg6	0.000436252936955497	0.000771093704283618	0.00108651756696987
ctarjeta_debito_avg6	0.000436249278906692	0.00106493899071626	0.0023076479298475
Master_mpagospesos_tend6	0.000436202267917851	0.00285373909844676	0.000961519970769793
mtransferencias_emitidas_delta1	0.00043478128191714	0.00199844261913026	0.00106728716755447
Visa_Fvencimiento_lag1	0.000433245480690566	0.000765387639828068	0.0028076383146478
vmr_mpagominimo	0.000432877316506912	0.00146836626423781	0.00228841753043211
cproductos	0.000429878640456858	0.00298840221959775	0.00242303032633988
mautoservicio_delta1	0.000429270075680627	0.00055642644955733	0.00107690236726217
mtransferencias_emitidas_tend6	0.000428596224681755	0.000962510875482066	0.00199034633949347
vm_mpagospesos_delta1	0.000427429169029418	0.0013296237328268	0.00133651275937001
vmr_msaldopesos2_tend6	0.000426881853258965	0.000782429184567705	0.00243264552604758
Visa_mconsumospesos	0.000426236082005432	0.000576636137546915	0.00160573835118555
cprestamos_personales_tend6	0.000424567290433618	0.00224903253038418	0.00126920636141613
mtransferencias_recibidas	0.00042354627699562	0.00068181508683953	0.00240379992692448
vm_mlimitecompra	0.000419367273487171	8.9781091776741e-05	0.00055768158304648
vm_status04	0.000419001925278368	0.00150026060959011	0.00027884079152324
vm_mfinanciacion_limite_delta1	0.000416185507697242	0.000695220080053018	0.00235572392838599
Visa_msaldopesos_tend6	0.000415939347930394	0.000596956540219966	0.0014038191573239
Visa_mpagominimo_lag1	0.000405252613186575	0.000714143774411576	0.00160573835118555
tcuentas_avg6	0.000405204379956191	0.00118906718390977	0.000846137574277418
vm_Fvencimiento_tend6	0.000404770603418397	0.00155769598076658	0.00102882636872368
Visa_fultimo_cierre_avg6	0.000403420410201767	0.000595525765849022	0.00166342954943174
mextraccion_autoservicio_tend6	0.000402054436919787	0.0017341496366689	0.00134612795907771
mcuenta_debitos_automaticos_tend6	0.000399013111711227	0.000837232952883331	0.00112497836580066
Master_fultimo_cierre	0.000397984371207048	0.000318722024156019	0.0014134343570316
Master_fultimo_cierre_avg6	0.000397073716574357	0.000530076354892443	0.00145189515586239
vm_cconsumos_tend6	0.00039647348869026	0.000728672947487949	0.00174996634680102
ccaja_ahorro_avg6	0.000391400632553659	0.00285118414421293	0.000865367973692814
ccomisiones_otras_delta1	0.000389371039552824	0.00228227248496629	0.00108651756696987
vm_mconsumototal_avg6	0.000388048792613813	0.000241264328300445	0.00050960558450799
ccajas_depositos_avg6	0.000386162231063012	0.000501145756451389	0.000288455991230938
Visa_msaldototal_avg6	0.00038583895716989	0.000325867379496627	0.00126920636141613
cprestamos_personales_lag1	0.000383766911291619	0.000516569163509602	0.00050960558450799
mttarjeta_visa_debitos_automaticos_lag1	0.000381958291909642	0.000768496167479226	0.00100959596930828
Visa_msaldopesos_delta1	0.000376150205101406	0.00151400626336811	0.00134612795907771
mtransferencias_emitidas_lag1	0.000376051445500843	0.000532094768737168	0.000644218380415761
mcaja_ahorro_dolares	0.000375786889717653	0.000860176441903113	0.00181727274475491
cproductos_lag1	0.000374834652319029	0.00178954956097242	0.00134612795907771
vm_mpagominimo_tend6	0.000374675479446878	0.000795306153906202	0.00213457433510894
mpayroll_lag1	0.000371878927492699	0.00201590147306142	0.000942289571354397
vmr_Visa_mlimitecompra	0.000370336664094919	0.000504552362096494	0.0018749639430011
matm_tend6	0.000369679608718424	0.00149679438834621	0.00126920636141613
ctransferencias_emitidas_tend6	0.000367490741746565	0.0013296918649397	0.00172112074767793
mtarjeta_visa_consumo_delta1	0.000366152634577358	0.000653906470092008	0.00107690236726217
ctarjeta_debito_transacciones_lag1	0.000364082582639536	0.000265374579753676	0.00103844156843138
mpagomiscuentas_tend6	0.000361485357047938	0.000527504367630389	0.000673063979538855
vmr_mconsumospesos_tend6	0.000361091040814594	0.000605626351586758	0.0014038191573239
ccuenta_debitos_automaticos_tend6	0.000358127235184261	0.00139413632723098	0.00105767196784677
mtarjeta_visa_consumo_tend6	0.000357964794263769	0.000300837344519218	0.00143266475644699
vm_mpagospesos_lag1	0.000357918100202243	0.000339383087393581	0.00107690236726217
Visa_cconsumos	0.000354774430019768	0.000670820267119954	0.00132689755966231
ctarjeta_visa_transacciones_delta1	0.000352173618944237	0.00154563659678291	0.00078844637603123
matm_avg6	0.00035024705749771	0.000759170584525751	0.000778831176323532
mttarjeta_visa_debitos_automaticos	0.00034997526304711	0.000538286274497146	0.00104805676813907
mttarjeta_visa_debitos_automaticos_avg6	0.000349791850170792	0.000980676600084588	0.00142304955673929
vmr_mpagado_tend6	0.000346321368813824	0.000427213897438499	0.00117305436433915
vm_fechaalta_tend6	0.000345322535439738	0.000330185252151797	0.000634603180708063
mcomisiones_otras	0.000342914557447495	0.000847938211123073	0.00163458395030865
Master_mconsumospesos_tend6	0.000342800380302307	0.000560301463478637	0.000451914386261803
mpayroll_sobre_edad_tend6	0.000341122253781736	0.000748763404279955	0.000634603180708063
vmr_msaldototal_lag1	0.000340977515701586	0.000232321988482045	0.000951904771062095
vmr_mpagado_avg6	0.000340472480943287	0.000655958949993184	0.00127882156112382
cliente_edad_tend6	0.000339116600728935	0.000489997639477783	0.00235572392838599
cpagomiscuentas_lag1	0.000336359099215471	0.00041362154091453	0.000461529585969501
vmr_Visa_mlimitecompra_tend6	0.000334423841806014	0.000933307748589403	0.000855752773985116
vmr_msaldototal_tend6	0.000333128886527731	0.000397763791636567	0.00144227995615469
vm_fultimo_cierre_lag1	0.000332692633969382	0.000778349774307692	0.0018653487432934
mpagomiscuentas	0.000332092434546333	0.000296068096616071	0.000519220784215688
ccajas_consultas	0.000331508327985416	0.00180986144713136	0.000403838387723313
ctarjeta_debito_transacciones_delta1	0.000330594118151188	0.00111590181116703	0.00133651275937001
Visa_mconsumospesos_tend6	0.00032883077918003	0.00102233938712422	0.00241341512663218
ccallcenter_transacciones_delta1	0.000322287779818793	0.0045392679560459	0.00125959116170843
vm_mpagominimo_delta1	0.00031791061744335	0.000400880835801838	0.000894213572815907
mtransferencias_emitidas	0.000315766818409795	0.00249533011852526	0.000894213572815907
Visa_mpagominimo_delta1	0.000310742528881473	0.000604936513943625	0.00162496875060095
Master_fultimo_cierre_tend6	0.000308194300276235	0.000893399363456999	0.00118266956404685
active_quarter	0.000307456721504715	0.000432153475623901	0.000740370377492741
mtarjeta_visa_consumo_lag1	0.000305018070609892	0.000260758629104559	0.000855752773985116
ctarjeta_debito	0.000304920317164191	0.000252710523267998	0.00102882636872368
vmr_mpagospesos_lag1	0.000304202657976081	0.000301748611529284	0.00110574796638526
cpagomiscuentas_avg6	0.00030253641005982	0.000326565733653873	0.00088459837310821
Master_mpagominimo_tend6	0.000300896784440656	0.000410913289426672	0.000663448779831157
Visa_mconsumospesos_avg6	0.00030049887166108	0.000644683085307887	0.00197111594007808
ccomisiones_otras_lag1	0.000299807830556311	0.00148296356942709	0.00204803753773966
ctarjeta_visa_debitos_automaticos	0.000297977899987189	0.000553581933843667	0.000730755177785043
vm_Finiciomora_tend6	0.000296257614567877	0.000566211924272894	0.00023076479298475
Visa_status_lag1	0.000296079514358199	0.00164989576255134	0.000134612795907771
mpayroll_sobre_edad_avg6	0.000295994482714833	0.00139853084851316	0.000807676775446626
Visa_mlimitecompra_delta1	0.000292821915332075	0.00056185146904716	0.00159612315147786
vmr_msaldototal_delta1	0.000292698217741478	0.00166790818989984	0.000999980769600585
Visa_mpagominimo_avg6	0.000292188479841375	0.00114178349755571	0.00193265514124728
Visa_msaldototal_tend6	0.000291022277020116	0.000495678154390996	0.00143266475644699
cdescubierto_preacordado_tend6	0.000287557242056885	0.00274108264976314	0.000259610392107844
vm_mfinanciacion_limite	0.00028559393635961	0.000248699245120887	0.00194227034095498
Visa_status	0.00028522496759179	0.00378052319722578	0.000548066383338782
Visa_mpagospesos_avg6	0.000283910187509118	0.000651828440648494	0.00175958154650872
Visa_mconsumosdolares_tend6	0.000283302707295749	0.000691430231272839	0.000971135170477491
mplazo_fijo_dolares_tend6	0.000281803572133022	0.000435287552817398	0.000384607988307917
ccuenta_debitos_automaticos_avg6	0.000280891034462675	0.000452576076466306	0.000692294378954251
vm_msaldototal_tend6	0.000280775984610086	0.000710319859574946	0.00111536316609296
vm_mconsumospesos_avg6	0.000275984932664423	0.000671705984587682	0.00118266956404685
vmr_Visa_mlimitecompra_avg6	0.000274330451557854	0.000433328754571463	0.00124997596200073
mcomisiones_otras_tend6	0.000274251615297445	0.000889600998162707	0.00245187592546297
catm_trx_avg6	0.000273648846380838	0.000264565510912963	0.000798061575738928
Master_mlimitecompra_delta1	0.000273390725576109	0.000301569764732916	0.00144227995615469
Master_msaldodolares_avg6	0.000270434330961694	0.00339648802633899	0.000269225591815542
Visa_fultimo_cierre_tend6	0.000269528376263326	0.00242352738804056	0.00132689755966231
mpayroll_tend6	0.000269452566211899	0.00132292123622006	0.000932674371646699
vmr_msaldopesos_tend6	0.000267826229550616	0.00123205854715099	0.00152881675352397
vmr_Master_mlimitecompra_tend6	0.000267757299118769	0.000591088661996273	0.00116343916463145
mtarjeta_master_consumo	0.000264546552977362	0.0012959920185955	0.000374992788600219
Master_mconsumospesos_delta1	0.000264115911637188	0.000614704955630963	0.000394223188015615
mplazo_fijo_dolares_delta1	0.000263149735456372	0.000717720710338937	0.00050960558450799
Master_mpagominimo_delta1	0.00026171150008166	0.000121062248112917	0.000384607988307917
vm_msaldototal_avg6	0.000261617155234072	0.000343368815998354	0.00126920636141613
Visa_mfinanciacion_limite_lag1	0.000261482630553896	0.000370485396933389	0.00124036076229303
vmr_msaldopesos_lag1	0.000260432698382795	0.000494988316747862	0.000769215976615834
Visa_msaldototal_delta1	0.000257008961392124	0.00076376098563253	0.00134612795907771
ccajas_transacciones_tend6	0.000255994356961253	0.0020641390089961	0.00114420876521605
Master_msaldopesos_delta1	0.000255142317061423	0.000450932389242542	0.00032691679006173
mcuenta_debitos_automaticos_delta1	0.000254551831357648	0.00103596580970464	0.00102882636872368
vm_mpagado_tend6	0.000251575023359678	0.000930812409954364	0.00103844156843138
cseguro_accidentes_personales_avg6	0.000250075125733231	0.000106584174121221	0.000307686390646334
mpagomiscuentas_lag1	0.000249573165599466	0.000124920229005999	0.000413453587431011
Master_msaldototal_tend6	0.000249378268828022	0.000892215567995325	0.000874983173400512
vmr_mconsumospesos_delta1	0.000249362799190817	0.00108175910608896	0.00111536316609296
vm_mconsumospesos_tend6	0.000249299329031164	0.000697638770061043	0.00105767196784677
mv_status07_tend6	0.000246828470184972	0.00339307290417977	0.00111536316609296
mpagomiscuentas_delta1	0.000245274865869836	0.000769092323467119	0.000711524778369647
cproductos_delta1	0.000244945044534344	0.00129867472054102	0.000528835983923386
cextraccion_autoservicio_delta1	0.000243739188496017	0.000290310933075844	0.000519220784215688
ctarjeta_debito_transacciones	0.000241281476051575	0.000611562361923354	0.00113459356550836
Master_mpagospesos_avg6	0.000240152764154677	0.00419861590804951	0.000903828772523605
ccomisiones_mantenimiento_delta1	0.000239960844014487	0.00222581651291279	0.000865367973692814
Visa_mconsumosdolares_delta1	0.000238791728932069	0.000317538228694345	0.000480759985384897
vmr_mpagospesos_avg6	0.000234328622885896	0.000601904634919481	0.00114420876521605
vm_fultimo_cierre	0.000234236104806655	0.000347090532665631	0.000961519970769793
thomebanking_delta1	0.000234096682154403	0.000364736749907274	0.000615372781292668
Visa_msaldopesos_lag1	0.000230938623416845	0.00132459047298616	0.00121151516316994
Master_msaldototal_avg6	0.000228884210063707	0.000495337493826485	0.000615372781292668
vm_mconsumospesos	0.00022846600400407	0.000275832859084148	0.000798061575738928
ccajas_otras_avg6	0.000227735906944892	0.000594112024506303	0.000548066383338782
vmr_mpagominimo_lag1	0.000227406894348797	0.000429947698468696	0.00122113036287764
vmr_msaldopesos	0.000226289149042997	0.000436326567539155	0.00115382396492375
vm_mpagado	0.000225465341021545	0.000272639166291862	0.000259610392107844
vm_cconsumos_lag1	0.000225110901719445	0.000312402770684349	0.000432683986846407
ccajas_consultas_delta1	0.00022248581831906	0.00256091579370765	0.00050960558450799
Master_cconsumos_lag1	0.000221796603945841	0.00107647886733905	0.000298071190938636
ccomisiones_mantenimiento	0.000219197834502255	0.0020055453919003	0.000605757581584969
vm_msaldototal_delta1	0.000218766748620863	0.000972279317169404	0.000826907174862022
tcallcenter_delta1	0.000218573733496601	0.00173738591203175	0.000451914386261803
vm_cconsumos_delta1	0.000216514758822038	0.000342593813214092	0.000663448779831157
ccajas_extracciones_tend6	0.000215509066036305	0.00141661992448867	0.000807676775446626
mtarjeta_visa_descuentos_tend6	0.000214103991965471	0.000313322554208528	0.000365377588892521
vmr_mpagado_lag1	0.000213723071217386	0.000794565217178392	0.000605757581584969
vm_mfinanciacion_limite_avg6	0.00021335212623901	0.000602815901929547	0.00104805676813907
cprestamos_personales_delta1	0.000213175909070672	0.00343501673618513	0.000490375185092594
mextraccion_autoservicio_lag1	0.000211233425912304	0.000105289663976081	0.000413453587431011
mtarjeta_visa_consumo_avg6	0.000210364199134657	0.000207726295724387	0.000759600776908136
cextraccion_autoservicio_tend6	0.000204754591204305	0.000841891486103012	0.000913443972231303
ctransferencias_recibidas_lag1	0.000203771767823852	0.00222203518064672	0.000990365569892887
mprestamos_personales_delta1	0.000203047721385977	0.000460539017161738	0.000701909578661949
matm_other_tend6	0.000202542126610042	0.000627803354336392	0.000769215976615834
matm_other_lag1	0.000202125456331949	0.000448743645115562	0.000374992788600219
Visa_msaldopesos_avg6	0.000201498957518163	0.000407089374590042	0.000692294378954251
mpayroll_avg6	0.000201047580878721	0.00106793680368395	0.000749985577200439
mtransferencias_recibidas_lag1	0.000198301068285468	0.000328013541053043	0.0013845887579085
vm_status01_tend6	0.00019714715061903	0.0016267138111364	0.000644218380415761
Master_mfinanciacion_limite_lag1	0.000195596906194646	0.000374913984272025	0.00122113036287764
Master_mfinanciacion_limite_avg6	0.000194719173113542	0.000558785523966565	0.0013942039576162
Master_mconsumototal_avg6	0.000194525840195244	6.30392374626671e-05	0.000134612795907771
vmr_mpagado_delta1	0.000194171581522093	0.00157348559793164	0.000692294378954251
ctarjeta_master_debitos_automaticos_tend6	0.000193609974703542	0.00125794023353968	0.000461529585969501
ctransferencias_emitidas	0.000193069585424899	0.00118996993440572	0.000576911982461876
Master_mlimitecompra_tend6	0.000192735175015404	0.000735877918427346	0.00113459356550836
ctarjeta_master_transacciones_avg6	0.000192301826462686	0.00070792671910926	0.000336531989769428
cmobile_app_trx_lag1	0.000192235013141338	0.000305504394253012	0.000730755177785043
ctarjeta_visa_debitos_automaticos_lag1	0.000192111669767517	0.000327093757528865	0.00055768158304648
ctarjeta_visa_debitos_automaticos_delta1	0.000189969889937772	0.0040756885433459	0.000711524778369647
Master_cconsumos_avg6	0.0001898163948158	0.000363288942508105	0.000423068787138709
mcomisiones_mantenimiento_lag1	0.000189249032079779	0.000613035718864862	0.00167304474913944
vm_msaldopesos_avg6	0.000189117601860844	0.000758378548713264	0.00088459837310821
vmr_Visa_mlimitecompra_lag1	0.000189049210468479	0.000659118576729019	0.00117305436433915
Visa_mconsumototal_avg6	0.000188375142830331	0.000267367444056062	0.000634603180708063
thomebanking	0.000187828584409569	0.000139866711273897	0.000567296782754178
Master_status	0.000187363009653156	0.000372648591518031	0.000394223188015615
ctransferencias_emitidas_avg6	0.000185603514937858	0.000465802222883426	0.00133651275937001
Visa_mconsumospesos_lag1	0.000183480073452275	0.000842751654028401	0.00146151035557009
ccajas_otras_tend6	0.000182291771755588	0.00209731083146531	0.000624987981000365
vm_msaldopesos_tend6	0.000181498275753481	0.00215983907808122	0.00128843676083152
ctarjeta_debito_tend6	0.000179002691712747	0.00320358046517081	0.000711524778369647
ccajas_transacciones_avg6	0.000177469229051471	0.000331317948528795	0.000769215976615834
Master_msaldototal	0.000176117958694624	0.000816716670385686	0.000721139978077345
Master_mpagospesos_lag1	0.000175079567949916	0.000736499623957578	0.000624987981000365
ccallcenter_transacciones_lag1	0.000171225884067385	0.000380892577179185	0.000163458395030865
cpayroll_trx_delta1	0.000167656610808454	0.00724010156011212	0.000605757581584969
vm_mlimitecompra_delta1	0.000167593061285614	0.000243231643060494	0.00088459837310821
cpagomiscuentas_tend6	0.000166420420177174	0.000877643812348389	0.000932674371646699
Master_msaldototal_delta1	0.000165586710840774	0.000397397581529718	0.000490375185092594
Visa_msaldodolares_tend6	0.000163917468060422	6.28092915816225e-05	0.000221149593277052
mextraccion_autoservicio	0.000163833152157597	0.000643363025620408	0.000480759985384897
Master_Fvencimiento_tend6	0.000162600085082646	0.000452252448930021	0.00108651756696987
Visa_fultimo_cierre	0.000161928620553872	0.000482111347409365	0.00122113036287764
cdescubierto_preacordado_lag1	0.000161026098042088	0.000332186632968297	0.000365377588892521
ctarjeta_debito_lag1	0.000158438696921525	0.000549511040097767	0.000673063979538855
ccaja_ahorro_lag1	0.000158341488365424	0.000909776620095841	0.00050960558450799
mcaja_ahorro_adicional_tend6	0.000158181403434863	0.00135804334042109	0.000471144785677199
Visa_msaldopesos	0.000157236228174003	0.00150055868758405	0.00143266475644699
Visa_mlimitecompra_tend6	0.000155811210832602	0.000688662364186191	0.00147112555527778
vm_msaldopesos_lag1	0.000155806833712457	0.000619337939308306	0.000913443972231303
active_quarter_tend6	0.000155473471630221	0.000671390873565509	0.00135574315878541
vmr_mconsumosdolares_tend6	0.000155361986676756	0.000503572962973527	0.000490375185092594
ctarjeta_visa_descuentos_avg6	0.000153941440407945	0.000479207216096913	0.000355762389184823
ctarjeta_master_debitos_automaticos_delta1	0.000153254261242504	0.00330455225649172	0.000432683986846407
ccajas_depositos_tend6	0.000153134986956928	0.00113845354053762	0.000442299186554105
ctarjeta_visa_descuentos_tend6	0.000151677646663239	0.000399194566007511	0.000432683986846407
matm_other_avg6	0.000150852897283844	0.000416568254797546	0.000567296782754178
Master_mpagospesos_delta1	0.000149079704680391	0.000837386250137361	0.000432683986846407
Visa_mpagado_lag1	0.00014834118329344	0.000908856836571663	0.000576911982461876
ctransferencias_emitidas_lag1	0.000147972878289115	0.000240668172312552	0.000490375185092594
Visa_Finiciomora_avg6	0.000147528210604487	0.000300505200468821	9.61519970769793e-05
vm_status04_delta1	0.000145061258257183	0.00321571649778149	0.000394223188015615
Master_mpagominimo	0.000143320843930231	0.000939303374524788	0.000374992788600219
Master_mpagado_delta1	0.000141677678222002	0.000970933707939588	0.000384607988307917
Master_cconsumos_tend6	0.000138938922016413	0.000239543992449667	0.000374992788600219
vm_mpagado_avg6	0.000137848154306537	0.000392168441864482	0.00110574796638526
vmr_mconsumospesos_lag1	0.000137022992504932	0.000489035273383041	0.000673063979538855
vm_fultimo_cierre_tend6	0.000137014772049131	0.000834345854599105	0.00101921116901598
Master_cconsumos	0.00013686583012293	0.00300955724065386	0.000480759985384897
Master_mconsumospesos	0.000136146677375632	0.000195973506248775	0.000259610392107844
Master_mconsumospesos_avg6	0.000135053689759523	0.000328396784188117	0.000442299186554105
cseguro_vida_tend6	0.000135002431286507	0.000354959791705823	0.000221149593277052
vm_mconsumosdolares_avg6	0.000134894792959183	0.000341674029689914	0.000336531989769428
vmr_mconsumototal_avg6	0.000134373552486847	0.000127347435528136	0.000432683986846407
Visa_mconsumosdolares_lag1	0.000132984324897454	9.59044654238171e-05	0.000317301590354032
cpagomiscuentas_delta1	0.000132000706253334	0.000587426560927785	0.000298071190938636
cextraccion_autoservicio	0.00013151703544696	0.000155962922947017	0.000365377588892521
Master_mpagado_avg6	0.000130932098282743	0.000451026070897783	0.000394223188015615
Master_mpagado_tend6	0.000130918981658482	0.000515385368047928	0.000644218380415761
cplazo_fijo_tend6	0.00012950587234885	0.000583628195633493	0.000336531989769428
mttarjeta_master_debitos_automaticos_tend6	0.000129445782219358	0.000208714211361468	0.000249995192400146
vmr_msaldopesos_avg6	0.000128851280241537	0.000309243143948515	0.000721139978077345
mplazo_fijo_dolares	0.000127921941000365	0.000928189323607633	0.000249995192400146
Visa_delinquency_tend6	0.000127758662679864	0.0012695652753036	0.000624987981000365
Visa_mconsumototal_delta1	0.000127074429612085	0.000365724665544355	0.000605757581584969
Visa_mconsumototal_lag1	0.000125814102571167	9.7735515958061e-05	0.000451914386261803
mtarjeta_visa_descuentos_lag1	0.000125220101959466	0.000176632502698692	0.000173073594738563
vm_mconsumosdolares_tend6	0.000124396962230221	0.000294271112138278	0.000451914386261803
vm_status02	0.000124188736298776	0.00316462592961903	0.000307686390646334
mpayroll_delta1	0.000123875106039866	0.000480084417050528	0.000442299186554105
Master_mpagospesos	0.000122694538957828	0.000269658386352395	0.000451914386261803
vmr_msaldodolares_avg6	0.000121949904327246	0.000220909859570943	0.000124997596200073
vmr_mconsumototal_lag1	0.000121078358617349	7.88373711418413e-05	0.00023076479298475
cforex_tend6	0.000119236053994525	0.000202846333137774	0.000403838387723313
Visa_mpagosdolares_avg6	0.000118251617887987	0.000298342005884179	0.00027884079152324
cseguro_accidentes_personales_tend6	0.000117125815876192	0.00192005662323639	0.000317301590354032
Master_msaldopesos_avg6	0.000116714293755863	0.000526499418965083	0.00032691679006173
Master_msaldopesos	0.000116454017196911	0.000343581728851173	0.000413453587431011
vm_mpagospesos	0.000115519661425846	0.000872951213072257	0.00133651275937001
vm_mconsumosdolares	0.000112840619432096	0.000323644569313196	0.000288455991230938
foto_mes	0.000112438777546891	0.000253706955419191	0.00131728235995462
ctransferencias_recibidas_delta1	0.00011132999920305	0.00128194828682356	0.00104805676813907
vm_mconsumospesos_lag1	0.000110517148979742	0.000115594646052524	0.000701909578661949
cplazo_fijo_delta1	0.000109667731573685	0.000344339698607208	0.000192303994153959
vm_msaldopesos_delta1	0.000109249689221375	0.00109131463492348	0.000653833580123459
vm_mpagado_delta1	0.000109027748787162	0.000943238004044884	0.000432683986846407
vm_status05_avg6	0.000109004666792756	0.000181086639579666	0.00032691679006173
mforex_sell_tend6	0.00010898071431172	0.000255333609614729	0.000413453587431011
catm_trx_other_tend6	0.000108734005126088	0.00110913118244738	0.000663448779831157
cseguro_vivienda_avg6	0.000108442616602265	7.52689517285939e-05	0.000144227995615469
vm_mfinanciacion_limite_lag1	0.000108018037718793	0.000195539164029024	0.000759600776908136
ctransferencias_emitidas_delta1	0.000107091704108836	0.000634361070203218	0.000615372781292668
vm_status03_delta1	0.000106792898382847	0.00218375344970985	0.000221149593277052
catm_trx_delta1	0.000106483790339468	0.00042138860178537	0.000384607988307917
ccajas_consultas_lag1	0.000106019741023416	0.00295833040826559	0.000336531989769428
mcajeros_propios_descuentos_avg6	0.000105141427997768	0.000265408645810127	0.000153843195323167
vm_mlimitecompra_avg6	0.00010424410229397	0.00016830335189641	0.000480759985384897
vmr_msaldodolares2_delta1	0.000103574851648751	0.000390584370239508	0.00027884079152324
matm	0.000101738711690181	0.00050580428967107	0.000423068787138709
vm_cconsumos	0.000101690464247998	0.000378933778933249	0.000480759985384897
vmr_mconsumototal_tend6	0.000101470957446967	0.000137090327673136	0.000480759985384897
Master_mconsumototal	0.000101241331688904	2.84621901648519e-05	0.000124997596200073
mcaja_ahorro_adicional	0.000101162405238891	9.88767288491712e-05	0.000124997596200073
Master_fultimo_cierre_delta1	0.000100854322001267	0.000128096888770059	0.00055768158304648
mcajeros_propios_descuentos_tend6	9.97028072178823e-05	0.000916419501103796	0.000221149593277052
vmr_Visa_mlimitecompra_delta1	9.94992148914835e-05	0.00064056109247731	0.000240379992692448
vmr_mconsumosdolares	9.83956260235597e-05	0.000106107249330906	0.000153843195323167
active_quarter_delta1	9.72298478375868e-05	0.000453666190272739	0.000384607988307917
matm_other_delta1	9.71628498853844e-05	0.000336649286363384	0.000576911982461876
ccuenta_debitos_automaticos	9.6480740355638e-05	0.000365375488465731	0.000298071190938636
vm_status05	9.63564304585126e-05	0.00088020728309633	0.000144227995615469
cmobile_app_trx	9.59547779270496e-05	0.000292925502908462	0.000682679179246553
cextraccion_autoservicio_lag1	9.58617640166894e-05	0.000205673815823211	0.000432683986846407
catm_trx_other	9.54368488178765e-05	0.000376472506354661	0.000163458395030865
cmobile_app_trx_delta1	9.29135335807298e-05	0.000356007322941693	0.000269225591815542
Visa_mconsumosdolares_avg6	9.29123740754265e-05	0.000317929988343532	0.000999980769600585
vm_msaldodolares_tend6	9.27673295369455e-05	7.78835215612119e-05	0.000153843195323167
catm_trx_other_delta1	9.20998362873339e-05	0.000923104964682314	0.000480759985384897
matm_lag1	9.08583160045563e-05	8.04810583656045e-05	0.000269225591815542
vm_msaldototal_lag1	9.03327047495108e-05	0.000402039081721174	0.00102882636872368
ccheques_depositados_tend6	8.88509206392198e-05	0.000990836801421113	0.000182688794446261
mcheques_depositados_tend6	8.80526227699123e-05	0.00116327917917633	0.000288455991230938
Master_cconsumos_delta1	8.76212543831715e-05	0.000207419701216328	0.000269225591815542
vmr_mconsumosdolares_avg6	8.64899076418014e-05	0.000665872172420439	0.000374992788600219
vm_status06	8.52273016233345e-05	0.000860755564862781	9.61519970769793e-05
ctarjeta_master_descuentos_lag1	8.4801461606384e-05	0.00378411716618137	0.000173073594738563
cseguro_vida_avg6	8.43434280911879e-05	0.00023896486949	0.000365377588892521
vm_status05_tend6	8.29157157069248e-05	0.000245437420215699	0.000249995192400146
mpagodeservicios_tend6	8.14932123177155e-05	0.0012098389618308	0.000201919193861657
vm_status02_tend6	8.11843222925995e-05	0.000465580793516494	0.000346147189477125
matm_delta1	8.07107841048335e-05	0.000185617425087656	0.000548066383338782
mttarjeta_master_debitos_automaticos_lag1	7.96468589772444e-05	4.58699450113382e-05	0.000115382396492375
Visa_mpagosdolares_delta1	7.90451403503336e-05	0.000359158433163415	0.000221149593277052
Master_Finiciomora	7.88197097264548e-05	0.00353479621553025	0.000221149593277052
ctarjeta_master_debitos_automaticos_lag1	7.83458530801398e-05	1.12503151429591e-05	3.84607988307917e-05
vm_msaldodolares_avg6	7.82442825740523e-05	5.27853544709012e-05	0.000115382396492375
Master_mlimitecompra_lag1	7.68147838917379e-05	0.000209105971010655	0.00050960558450799
vm_status06_tend6	7.67575267917841e-05	0.00145298543975016	0.000365377588892521
vm_mpagado_lag1	7.62772780100578e-05	0.000278234516063947	0.000269225591815542
vmr_mconsumototal_delta1	7.54251520042057e-05	0.000162512122299732	0.000394223188015615
ccajeros_propios_descuentos_tend6	7.4825010159523e-05	0.000302378833573628	0.000221149593277052
vm_Finiciomora_avg6	7.37317968413071e-05	0.000359958985490015	0.000182688794446261
mtarjeta_master_consumo_avg6	7.18934257433558e-05	0.000801863869773029	0.000394223188015615
Visa_mpagado_delta1	7.18821679895371e-05	0.000571475129994581	0.000721139978077345
catm_trx_other_lag1	7.13068799919107e-05	0.00104236171180333	0.000249995192400146
ccaja_seguridad_delta1	7.06940907612646e-05	0.00127887382522885	0.000144227995615469
ccaja_ahorro_tend6	6.9272185355218e-05	0.00178108414594433	0.000211534393569354
mextraccion_autoservicio_delta1	6.91778397074051e-05	0.000218184575054859	0.000528835983923386
ccuenta_debitos_automaticos_lag1	6.86825263779101e-05	6.25026970735631e-05	0.000240379992692448
mtarjeta_master_consumo_delta1	6.86141069630704e-05	0.000419889695301524	0.000221149593277052
cpayroll_trx_tend6	6.83852954817354e-05	0.000466568709153574	0.000432683986846407
ctarjeta_master_descuentos_avg6	6.82790793976718e-05	0.00125482318937441	0.000211534393569354
cforex_sell_tend6	6.77534267356635e-05	0.000377392289878839	0.000201919193861657
cforex_buy_avg6	6.58501894138837e-05	0.00278608391033497	0.000259610392107844
vmr_mpagado	6.56265843193784e-05	5.78782299103331e-05	0.00023076479298475
ccaja_seguridad_tend6	6.55053162279785e-05	0.000559867121258886	0.000134612795907771
Master_mconsumototal_tend6	6.53836158852158e-05	0.000278379296803864	0.000221149593277052
vm_mconsumosdolares_delta1	6.40186956746267e-05	8.90146055065924e-05	0.000124997596200073
vm_status01	6.38891040299487e-05	0.00681976900607673	0.00088459837310821
vm_mconsumototal_delta1	6.36585648451462e-05	0.000309575287998912	0.000413453587431011
Master_delinquency_avg6	6.3356112959204e-05	6.15232979505954e-05	6.73063979538855e-05
ccajas_otras_delta1	6.31964365735603e-05	0.00360739949834155	0.000336531989769428
mttarjeta_master_debitos_automaticos_delta1	6.21615607140407e-05	0.000710345409117284	0.00032691679006173
ctarjeta_master_transacciones_tend6	6.13152561590649e-05	0.000160272279088075	0.000317301590354032
ctarjeta_master_debitos_automaticos_avg6	6.10449538111609e-05	8.49096457042409e-05	0.000105767196784677
Master_fechaalta_tend6	6.0604672936776e-05	0.000166991808723045	0.00055768158304648
Master_status_avg6	6.01655584041182e-05	0.000155128304563967	0.000201919193861657
Master_mpagado_lag1	6.00757485875348e-05	0.00106839669544604	0.000288455991230938
vmr_mconsumototal	5.98199878669932e-05	0.000142549413219417	0.000538451183631084
Visa_msaldodolares_delta1	5.96272285038503e-05	0.000599170833889284	0.000192303994153959
Visa_mpagosdolares	5.93190391272116e-05	4.55718670173915e-05	0.000134612795907771
vmr_mpagosdolares_tend6	5.90573093799615e-05	0.000171301164864102	0.000182688794446261
ctarjeta_master_avg6	5.86243892756174e-05	2.94586223160451e-05	0.000115382396492375
vmr_msaldodolares2	5.82037891847434e-05	7.4834609508843e-05	0.000124997596200073
Visa_mpagado	5.80999954318902e-05	0.000214071098738395	0.000269225591815542
Visa_fechaalta_tend6	5.74691403385949e-05	0.000149686252045912	0.000423068787138709
matm_other	5.72226176984822e-05	0.000309881882506972	0.00023076479298475
vm_mlimitecompra_lag1	5.67501415279472e-05	0.000148774985035846	0.000480759985384897
mpayroll_sobre_edad_delta1	5.63620089913017e-05	0.000172936335573753	0.000192303994153959
Visa_Fvencimiento_delta1	5.62609977225568e-05	0.000170849789616126	0.000346147189477125
catm_trx_other_avg6	5.55981282461983e-05	0.000246885227614869	0.000499990384800292
Master_mconsumosdolares_tend6	5.55683495045247e-05	0.000136366423973551	7.69215976615834e-05
vm_status06_delta1	5.49396120801486e-05	0.000855092082977794	0.000211534393569354
mplazo_fijo_dolares_avg6	5.47485924572445e-05	0.00024288246598187	0.000201919193861657
mpayroll_sobre_edad_lag1	5.46349340088009e-05	0.00121880685119154	0.000576911982461876
ccajas_transacciones_delta1	5.45436502645624e-05	0.000128761176870854	0.000201919193861657
mtarjeta_master_descuentos_avg6	5.41950336318504e-05	0.000141527431525885	3.84607988307917e-05
cpagomiscuentas	5.37174428860674e-05	0.000119146032437546	0.000374992788600219
mttarjeta_master_debitos_automaticos_avg6	5.34145418708299e-05	9.83401884600672e-05	0.000144227995615469
mpagodeservicios_avg6	5.25104756187559e-05	0.000337645718514577	0.000105767196784677
Master_Finiciomora_avg6	5.19771755329561e-05	0.000245914345006014	5.76911982461876e-05
vm_mpagosdolares_tend6	5.17221710305421e-05	7.53115342991577e-05	0.000153843195323167
tcuentas_tend6	5.15423475927108e-05	0.000338693249750447	0.000192303994153959
vmr_msaldodolares2_avg6	5.15310040008305e-05	0.00031573272770244	0.000201919193861657
cpagodeservicios_tend6	5.10578085247943e-05	0.000981187590931354	0.000163458395030865
mtarjeta_visa_descuentos	4.96064047972529e-05	0.000934176433028905	0.000269225591815542
ctarjeta_debito_delta1	4.94494225939884e-05	0.000216072479554894	0.000249995192400146
Master_msaldopesos_tend6	4.92074775152532e-05	0.0011236262894673	0.000365377588892521
vm_msaldodolares_delta1	4.9165353435835e-05	0.000145453544531869	0.000115382396492375
mforex_sell_avg6	4.89891546450584e-05	0.000263807541156927	0.00027884079152324
Master_mpagosdolares_lag1	4.87521057154433e-05	0.00010695038422807	5.76911982461876e-05
ccajas_extracciones_avg6	4.85919744681129e-05	0.000104139934570858	0.000221149593277052
Master_msaldopesos_lag1	4.85682774905453e-05	0.00017665805224103	0.000317301590354032
vm_status02_avg6	4.74174380421123e-05	0.00041118581787828	0.000394223188015615
cforex_avg6	4.73449762374525e-05	0.000428244395646143	0.00023076479298475
mtarjeta_visa_descuentos_delta1	4.6464489671323e-05	0.000597441981524394	0.000259610392107844
Visa_msaldodolares_avg6	4.61314926034409e-05	0.000701488234440012	0.000240379992692448
Visa_mpagosdolares_tend6	4.60718794972505e-05	0.000861777546556312	0.00032691679006173
mcajeros_propios_descuentos_lag1	4.57262741999976e-05	0.000753924411832289	0.000153843195323167
Visa_mpagosdolares_lag1	4.53555308388372e-05	0.000242729168727841	0.000173073594738563
mtarjeta_master_descuentos_delta1	4.48721443876855e-05	4.52226899387682e-06	1.92303994153959e-05
Master_mpagado	4.46175898207006e-05	0.000128446065848682	0.000115382396492375
vmr_mpagosdolares	4.32384850466166e-05	9.50442974984281e-06	2.88455991230938e-05
ccomisiones_mantenimiento_lag1	4.29658811130567e-05	0.000559347613898007	0.000355762389184823
vmr_mconsumosdolares_delta1	4.28524752761122e-05	0.000167375051858119	0.000211534393569354
mcheques_emitidos_tend6	4.26633686977617e-05	0.000956276787151523	0.000105767196784677
vmr_msaldodolares_delta1	4.26391221588727e-05	0.00010664378972001	0.000134612795907771
cinversion1_tend6	4.18959639390896e-05	7.19986103092931e-05	9.61519970769793e-05
mforex_sell_delta1	4.15728846622536e-05	0.000355768860546536	0.000144227995615469
cseguro_auto	4.14088750383817e-05	9.87234315951415e-05	3.84607988307917e-05
vmr_mpagosdolares_avg6	4.13498113220827e-05	7.78835215612119e-05	8.65367973692814e-05
vm_mconsumototal	4.13120100809808e-05	2.48511881810406e-05	0.00023076479298475
mcheques_emitidos_delta1	4.12101443211035e-05	0.00246784732748338	0.000249995192400146
ctarjeta_master_descuentos_tend6	4.09840058830777e-05	0.000270688884560039	0.000115382396492375
Visa_delinquency_lag1	4.02928663718797e-05	3.24734683119629e-05	4.80759985384897e-05
ccheques_depositados_avg6	3.99574976738155e-05	0.000255972348173186	0.000134612795907771
vmr_msaldodolares2_tend6	3.98216534947715e-05	0.000561808886476596	0.000192303994153959
Master_mconsumosdolares_avg6	3.88366955181532e-05	0.00169413905336714	0.000124997596200073
cseguro_auto_lag1	3.82150115538763e-05	4.14754237291528e-06	1.92303994153959e-05
Visa_mlimitecompra_lag1	3.79213445245029e-05	0.000435491949156104	0.000490375185092594
Visa_fultimo_cierre_delta1	3.77965922705233e-05	3.93973942856388e-05	0.000307686390646334
Master_delinquency_tend6	3.73637583484355e-05	0.000280176281281657	0.000173073594738563
ctarjeta_master_transacciones	3.64546442075229e-05	0.00086066188320754	0.00023076479298475
Master_msaldodolares	3.63676645990401e-05	0.000167076973864172	0.000134612795907771
mcaja_ahorro_adicional_avg6	3.622611335195e-05	0.000101397617026549	0.000115382396492375
vm_status06_avg6	3.55425957865209e-05	0.00016562064995089	0.00023076479298475
vmr_mpagosdolares_lag1	3.5302652239658e-05	0.000144874421572201	8.65367973692814e-05
mplazo_fijo_dolares_lag1	3.47649263118639e-05	0.00108528494293165	0.000163458395030865
mtarjeta_master_consumo_tend6	3.46539762608282e-05	0.000916615380928389	0.000240379992692448
ccajeros_propios_descuentos_avg6	3.46166124908941e-05	0.000110212209133258	9.61519970769793e-05
cliente_edad_delta1	3.44901208135182e-05	9.80080444096694e-05	0.000221149593277052
thomebanking_lag1	3.39431299789028e-05	3.57012271606999e-05	0.00032691679006173
Visa_Finiciomora_lag1	3.32821808171128e-05	0.000392006628096339	0.000115382396492375
vm_mpagosdolares_avg6	3.28590313482171e-05	6.25112135876759e-06	3.84607988307917e-05
Master_cadelantosefectivo_tend6	3.2316054377387e-05	6.2289784220744e-05	9.61519970769793e-06
Master_mpagominimo_lag1	3.22732362790376e-05	7.4800543452392e-05	0.000182688794446261
mcaja_ahorro_adicional_delta1	3.11119505550445e-05	0.00133041576863929	0.000240379992692448
Master_Fvencimiento_delta1	3.02360313579487e-05	0.000163380806739233	0.000480759985384897
minversion1_pesos_delta1	3.01622303584678e-05	0.000407694047092048	9.61519970769793e-05
ccajas_otras	3.00014629109722e-05	0.000843100831107024	0.000124997596200073
Master_mconsumototal_delta1	2.94625150846064e-05	0.000368058190411252	0.000144227995615469
cpayroll2_trx_tend6	2.94341076652716e-05	2.14871651064995e-05	1.92303994153959e-05
vm_mconsumototal_tend6	2.93561701098667e-05	0.000121786151812502	0.000269225591815542
Visa_msaldodolares	2.93448103848043e-05	0.000389962664709276	0.000163458395030865
vmr_msaldodolares_tend6	2.90741682393905e-05	0.000511885080747583	0.000192303994153959
vm_status03_tend6	2.88757750243348e-05	0.000271225424949143	0.00027884079152324
vm_Finiciomora	2.85375934730078e-05	0.000124315556503992	0.000124997596200073
mttarjeta_master_debitos_automaticos	2.80574703211399e-05	9.30003341113652e-05	8.65367973692814e-05
Visa_mconsumosdolares	2.76495854430724e-05	0.000298657116906351	0.000374992788600219
ctarjeta_master_delta1	2.74157821970836e-05	0.00213902471758962	0.000201919193861657
Visa_mconsumototal	2.73327792278959e-05	0.000238649758467827	0.000596142381877272
mv_status07_lag1	2.73066241785573e-05	0.000556698978008938	0.000548066383338782
vm_msaldodolares_lag1	2.65430756450489e-05	1.55170887134531e-05	4.80759985384897e-05
minversion2_avg6	2.64490783172554e-05	7.58140086318107e-05	3.84607988307917e-05
cinversion2	2.64068502326022e-05	9.82635398330523e-05	7.69215976615834e-05
vm_status01_lag1	2.63918315006588e-05	0.00063612398862456	0.000115382396492375
vm_fultimo_cierre_delta1	2.63189207253661e-05	5.69243803297037e-05	0.000221149593277052
vmr_msaldodolares2_lag1	2.61507494625076e-05	0.000368705445483822	6.73063979538855e-05
mforex_buy_avg6	2.60285236164998e-05	0.000178897895452686	6.73063979538855e-05
catm_trx	2.54694159837177e-05	0.000536089013856053	0.00032691679006173
Master_status_tend6	2.5221568747378e-05	0.000715966308431708	0.000394223188015615
vmr_Master_mlimitecompra_delta1	2.51516736598435e-05	0.000342738593954009	0.000163458395030865
mcheques_depositados_avg6	2.49745892128509e-05	0.000448573314833307	0.000173073594738563
Master_msaldototal_lag1	2.48927326863913e-05	7.1359871750836e-05	0.00027884079152324
vm_mpagosdolares_delta1	2.48926566045108e-05	0.000239424761252089	9.61519970769793e-05
tcallcenter	2.48051233904471e-05	0.000371728807993852	0.000288455991230938
mprestamos_hipotecarios_delta1	2.4719717810341e-05	0.000487919610034269	8.65367973692814e-05
ctarjeta_visa_avg6	2.46242982405976e-05	0.000986859589330453	0.000173073594738563
cplazo_fijo	2.45777724480959e-05	0.000142873040755702	4.80759985384897e-05
vm_mpagosdolares	2.43822946868776e-05	1.34646088122773e-05	1.92303994153959e-05
ctarjeta_master_transacciones_delta1	2.43615000272494e-05	0.000193495200641961	0.000134612795907771
cplazo_fijo_lag1	2.41774760743047e-05	8.05491904785066e-05	3.84607988307917e-05
ctarjeta_master_descuentos_delta1	2.36923318888782e-05	0.00222364480181403	0.000153843195323167
mcaja_ahorro_adicional_lag1	2.29255331316656e-05	0.000175073980616056	0.000105767196784677
tcuentas	2.22528405046821e-05	0.000178719048656319	0.000211534393569354
mtarjeta_master_descuentos	2.17577837464779e-05	0.000183181702051406	6.73063979538855e-05
cinversion1	2.15829349146504e-05	5.85936170958052e-06	9.61519970769793e-06
Master_mconsumototal_lag1	2.14138384260523e-05	1.61728603001358e-05	8.65367973692814e-05
mpayroll2_delta1	2.12062815036165e-05	0.000206329587409894	3.84607988307917e-05
ctarjeta_visa	2.08476356598441e-05	2.01585889049086e-05	0.000105767196784677
vm_madelantopesos_tend6	2.07983333946218e-05	6.69483174404251e-05	1.92303994153959e-05
mcheques_emitidos_avg6	2.07797625152726e-05	0.000538303307525372	4.80759985384897e-05
minversion1_pesos_tend6	2.06638622619871e-05	0.000143835406850444	7.69215976615834e-05
Master_msaldodolares_tend6	2.02897141609651e-05	0.000905850507089857	0.000153843195323167
ctarjeta_master_debitos_automaticos	2.00919615746356e-05	0.000342474582016514	0.000144227995615469
mcajeros_propios_descuentos_delta1	2.00551038279027e-05	0.000150725266767669	4.80759985384897e-05
Visa_cadelantosefectivo_avg6	2.00421787511041e-05	0.000473475602099024	3.84607988307917e-05
vm_mconsumototal_lag1	1.99034275945989e-05	0.000118030369088774	0.000240379992692448
cforex_sell_avg6	1.97313861108375e-05	9.83912875447437e-05	0.000124997596200073
vm_Fvencimiento_delta1	1.97280389189973e-05	0.000202437540460362	0.000249995192400146
ccajas_extracciones	1.92348846243025e-05	0.000359626841439617	7.69215976615834e-05
Visa_delinquency_avg6	1.90572562725004e-05	0.000275866925140599	0.000298071190938636
vm_status02_lag1	1.833904886069e-05	0.000368185938122943	5.76911982461876e-05
active_quarter_lag1	1.74877640967874e-05	7.37700452447477e-05	0.000499990384800292
mcheques_depositados_delta1	1.74680971590246e-05	0.00027808973532403	6.73063979538855e-05
ctarjeta_master_tend6	1.73442871228357e-05	0.000239475860336765	0.000182688794446261
ctarjeta_visa_descuentos_delta1	1.62612509417989e-05	0.000248929191001932	0.000105767196784677
Master_status_delta1	1.62544731758104e-05	0.000193043825393985	0.000105767196784677
vmr_msaldodolares_lag1	1.59957991420808e-05	1.23319124352799e-05	3.84607988307917e-05
cseguro_vivienda_tend6	1.57568481781574e-05	0.000158415679011493	8.65367973692814e-05
Master_cadelantosefectivo_avg6	1.57443006398358e-05	4.89784726624964e-05	9.61519970769793e-06
vmr_mpagosdolares_delta1	1.57236986930365e-05	9.47291864762559e-05	7.69215976615834e-05
ccaja_seguridad_lag1	1.5686659155265e-05	0.000131631242126855	9.61519970769793e-05
vmr_mconsumosdolares_lag1	1.54641355239436e-05	0.00015427665315269	7.69215976615834e-05
mforex_sell	1.52869595931052e-05	0.000119665539798424	2.88455991230938e-05
Master_mpagosdolares_tend6	1.51070786807354e-05	5.78952629385586e-05	6.73063979538855e-05
ctarjeta_master	1.51023957764951e-05	4.72666533258312e-06	6.73063979538855e-05
Master_madelantopesos_tend6	1.50291939418406e-05	6.54323779283534e-05	2.88455991230938e-05
mcheques_depositados_lag1	1.48644453804809e-05	7.12491570673701e-05	4.80759985384897e-05
vm_msaldodolares	1.45447426553638e-05	5.96155987893366e-06	2.88455991230938e-05
mprestamos_prendarios	1.4386618288351e-05	0.00027654824626962	6.73063979538855e-05
cseguro_accidentes_personales	1.38316558695794e-05	1.91791897819409e-05	0.000115382396492375
ccajas_otras_lag1	1.37763320385398e-05	0.000391512670277799	7.69215976615834e-05
vm_status04_avg6	1.35775357660214e-05	5.2436177392278e-05	0.000298071190938636
Master_madelantopesos_avg6	1.35188956630525e-05	6.01180731219896e-05	1.92303994153959e-05
ccajas_depositos_delta1	1.30211384431953e-05	7.54648315531874e-05	5.76911982461876e-05
mprestamos_prendarios_delta1	1.30020265517686e-05	0.000167468733513359	7.69215976615834e-05
cforex_buy_tend6	1.25600868350928e-05	0.000383328300215435	0.000105767196784677
ctarjeta_visa_descuentos	1.24497997171959e-05	0.000124835063864871	8.65367973692814e-05
ccajas_depositos	1.23246624078495e-05	0.00040233715971512	9.61519970769793e-05
cseguro_vida_delta1	1.22284343565179e-05	0.000695722554385671	7.69215976615834e-05
minversion2_tend6	1.21832112708102e-05	0.000398223683398656	0.000105767196784677
vm_mconsumosdolares_lag1	1.20195047479748e-05	0.000239297013540397	8.65367973692814e-05
mprestamos_prendarios_avg6	1.20046253594565e-05	6.24260484465482e-05	4.80759985384897e-05
mpayroll2_avg6	1.16976002124484e-05	1.25874078586628e-05	1.92303994153959e-05
cseguro_accidentes_personales_delta1	1.15700726925744e-05	0.000104966036439796	1.92303994153959e-05
Master_mpagosdolares_delta1	1.1403301959409e-05	1.66157190339994e-05	1.92303994153959e-05
ccheques_emitidos_avg6	1.1324540586875e-05	0.000559884154287111	4.80759985384897e-05
mprestamos_hipotecarios	1.12757195014532e-05	3.838392910622e-05	2.88455991230938e-05
Visa_Finiciomora	1.09257840973342e-05	0.000116420747921462	6.73063979538855e-05
cinversion1_avg6	1.08575531144537e-05	0.000670718068950601	0.000115382396492375
mcheques_depositados	1.05991981918252e-05	0.000263279517281936	4.80759985384897e-05
ccheques_emitidos_rechazados_tend6	1.05075441422315e-05	5.95985657611111e-05	2.88455991230938e-05
ccajeros_propios_descuentos_delta1	1.03351944726146e-05	0.000219445019143548	6.73063979538855e-05
mforex_buy_tend6	1.02415300082226e-05	0.000497134478304278	0.000115382396492375
vm_status03_avg6	1.00980199893002e-05	9.80335939520077e-05	0.000240379992692448
tcallcenter_lag1	9.32061904844319e-06	1.90344090420239e-05	6.73063979538855e-05
Visa_status_delta1	9.20287223774132e-06	0.000200563907355554	2.88455991230938e-05
ccuenta_debitos_automaticos_delta1	9.192483181439e-06	5.4335360039424e-05	9.61519970769793e-05
mprestamos_prendarios_lag1	9.16727069841846e-06	6.2255718164293e-05	7.69215976615834e-05
cplazo_fijo_avg6	8.91280297981182e-06	7.00909111480344e-05	0.000201919193861657
mtarjeta_master_consumo_lag1	8.83180715379151e-06	4.27529008460671e-05	9.61519970769793e-05
cpagodeservicios_avg6	8.40520541606771e-06	5.67540500474485e-05	3.84607988307917e-05
cinversion2_avg6	8.32574300369959e-06	0.000816869967639716	0.000105767196784677
Master_status_lag1	8.17093734064972e-06	6.9818382696426e-05	5.76911982461876e-05
ctarjeta_master_descuentos	8.03447683043222e-06	4.85441304427456e-07	9.61519970769793e-06
Visa_madelantopesos	7.73452037055442e-06	1.45973051892747e-05	3.84607988307917e-05
cprestamos_prendarios_lag1	7.47646813762169e-06	2.35140954653369e-05	1.92303994153959e-05
vmr_madelantopesos_tend6	7.15904643871869e-06	0.000150350540146707	9.61519970769793e-06
Visa_Finiciomora_tend6	7.1157383015742e-06	9.92003563854562e-05	7.69215976615834e-05
Master_fechaalta_delta1	7.0481284436098e-06	3.34699004631561e-05	0.000124997596200073
minversion2_lag1	7.00705698876026e-06	2.20492550379418e-05	2.88455991230938e-05
Visa_msaldodolares_lag1	6.93622764857587e-06	0.000123140277556431	0.000105767196784677
minversion1_pesos_lag1	6.83182620482847e-06	1.62495089271506e-05	2.88455991230938e-05
cseguro_vivienda_lag1	6.67609220108979e-06	2.10357898585231e-06	2.88455991230938e-05
cseguro_accidentes_personales_lag1	6.53627465789414e-06	3.60589207534359e-05	8.65367973692814e-05
catm_trx_lag1	6.39605140394729e-06	3.6953154735276e-05	0.000144227995615469
vmr_madelantopesos_avg6	6.04814475002269e-06	0.000269070746878615	4.80759985384897e-05
ccajeros_propios_descuentos	5.9963382088326e-06	3.41256720498388e-05	3.84607988307917e-05
mcheques_emitidos_rechazados_lag1	5.95495667462202e-06	4.42432908158006e-05	1.92303994153959e-05
Master_msaldodolares_lag1	5.90944881127242e-06	0.000384333248880741	0.000115382396492375
vmr_madelantopesos_delta1	5.74666706546739e-06	0.000184348464484854	2.88455991230938e-05
cforex_delta1	5.64945594771882e-06	6.43081980654687e-05	6.73063979538855e-05
ccajas_extracciones_delta1	5.64571863769683e-06	3.78303556888905e-05	5.76911982461876e-05
Master_mpagosdolares_avg6	5.48213293854002e-06	3.14600031325442e-05	3.84607988307917e-05
Visa_delinquency	5.26527598577016e-06	0.000117357564473866	6.73063979538855e-05
mcajeros_propios_descuentos	5.23819887655348e-06	5.65496537087422e-05	3.84607988307917e-05
cseguro_auto_delta1	5.15256703876866e-06	9.88767288491712e-06	9.61519970769793e-06
mplazo_fijo_pesos_avg6	5.10376705888365e-06	2.2543212856482e-05	1.92303994153959e-05
mprestamos_hipotecarios_lag1	5.05346938903209e-06	1.10714683465911e-05	9.61519970769793e-06
cinversion2_lag1	4.97745914852899e-06	0.000168865441827852	2.88455991230938e-05
vmr_msaldodolares	4.90764433632896e-06	2.16745284169803e-05	3.84607988307917e-05
ccheques_emitidos_rechazados_avg6	4.83478420347485e-06	2.58902029027976e-06	1.92303994153959e-05
cpayroll2_trx_delta1	4.75706647703229e-06	6.03054364324704e-05	1.92303994153959e-05
vm_mpagosdolares_lag1	4.74588560391126e-06	3.07446159470722e-05	3.84607988307917e-05
ctarjeta_master_lag1	4.69735909070158e-06	9.19783524178337e-07	9.61519970769793e-06
cseguro_auto_avg6	4.57155885431314e-06	2.86154874188816e-05	2.88455991230938e-05
mprestamos_hipotecarios_tend6	4.10049306936789e-06	6.64288100795465e-06	9.61519970769793e-06
tcuentas_delta1	3.91684495408794e-06	1.57640676227232e-05	9.61519970769793e-06
cseguro_vivienda	3.84808193627917e-06	4.50779091988513e-05	7.69215976615834e-05
ctarjeta_master_transacciones_lag1	3.80693401156854e-06	0.00010614983190147	9.61519970769793e-05
vm_madelantopesos_avg6	3.78638434521083e-06	4.79394579407394e-05	2.88455991230938e-05
Visa_madelantopesos_avg6	3.77011018194746e-06	0.000279835620717146	3.84607988307917e-05
Visa_madelantopesos_delta1	3.73434959701536e-06	8.1179412522851e-05	1.92303994153959e-05
minversion2_delta1	3.49564666853402e-06	5.42161288418453e-05	5.76911982461876e-05
cseguro_auto_tend6	3.43849333228801e-06	8.87505935690967e-05	3.84607988307917e-05
cprestamos_prendarios_tend6	3.42374700594143e-06	3.86223915013774e-05	2.88455991230938e-05
cdescubierto_preacordado_delta1	3.30877754609081e-06	0.000409933890303704	4.80759985384897e-05
vm_cadelantosefectivo_avg6	3.27809623191196e-06	3.51732032857086e-06	9.61519970769793e-06
mplazo_fijo_pesos_tend6	3.1811994269699e-06	1.61728603001358e-05	9.61519970769793e-06
cforex_sell_delta1	2.95308527269375e-06	0.000242277793479864	4.80759985384897e-05
ccajas_depositos_lag1	2.75790263405624e-06	0.00044759391571034	8.65367973692814e-05
cseguro_vida	2.66525157908677e-06	5.60642124043147e-05	9.61519970769793e-05
mcheques_emitidos	2.11004597172802e-06	8.64085521880871e-05	4.80759985384897e-05
ccajas_transacciones_lag1	2.03864615448797e-06	1.71778089654417e-05	2.88455991230938e-05
Visa_status_avg6	2.0030057148681e-06	6.05268657994022e-05	0.000201919193861657
cprestamos_prendarios	1.96992639872286e-06	2.4442395503628e-06	9.61519970769793e-06
Visa_madelantopesos_tend6	1.83251193839884e-06	0.000139798579160994	1.92303994153959e-05
vm_Finiciomora_lag1	1.70468426782988e-06	4.77350616020331e-05	7.69215976615834e-05
ccajas_extracciones_lag1	1.5262415807259e-06	0.000125746330874937	5.76911982461876e-05
mpagodeservicios_delta1	1.51629314994141e-06	1.40266987437196e-05	1.92303994153959e-05
Master_mconsumosdolares	1.46636734804526e-06	9.45333066516624e-07	1.92303994153959e-05
ctarjeta_visa_descuentos_lag1	1.12123693776001e-06	4.27529008460671e-06	9.61519970769793e-06
Master_mpagosdolares	1.06257894099354e-06	3.57097436748127e-05	4.80759985384897e-05
Master_msaldodolares_delta1	9.36048137465685e-07	3.36572637736369e-05	3.84607988307917e-05
cseguro_vida_lag1	9.31243015685936e-07	4.74369836080864e-06	1.92303994153959e-05
cprestamos_hipotecarios_avg6	9.13457580101825e-07	1.07052582397423e-05	9.61519970769793e-06
mforex_sell_lag1	9.10662023344414e-07	1.7526986044065e-05	2.88455991230938e-05
Master_Finiciomora_tend6	9.0059455032594e-07	4.62191220899614e-05	2.88455991230938e-05
ccheques_emitidos_tend6	8.17513243295168e-07	3.02165920720809e-05	3.84607988307917e-05
ccheques_emitidos_rechazados_lag1	7.09302872452564e-07	9.12970312888127e-06	9.61519970769793e-06
ctarjeta_visa_delta1	6.8936661900392e-07	0.00010281987488338	1.92303994153959e-05
cseguro_vivienda_delta1	5.1384503593211e-07	0.000201713636760777	9.61519970769793e-06
minversion2	5.090179302522e-07	0.000269632836810057	3.84607988307917e-05
mtarjeta_master_descuentos_lag1	4.80214056068127e-07	5.65496537087422e-06	9.61519970769793e-06
cpagodeservicios_delta1	4.76839556370944e-07	4.75051157209885e-05	2.88455991230938e-05
mprestamos_prendarios_tend6	4.70220080016453e-07	7.10106946722127e-05	3.84607988307917e-05
mtarjeta_master_descuentos_tend6	4.53366644673558e-07	9.93706866677114e-05	2.88455991230938e-05
Master_delinquency_delta1	4.18239652048823e-07	2.61967974108571e-05	2.88455991230938e-05
ccheques_depositados	3.05765491322553e-07	1.19231197578673e-05	9.61519970769793e-06
mforex_buy_delta1	2.53135277653932e-07	3.81965657957393e-05	9.61519970769793e-06
ccajas_transacciones	2.28286485266315e-07	2.47319569834619e-05	7.69215976615834e-05
mpagodeservicios_lag1	2.17906348187947e-07	1.68115988585929e-05	9.61519970769793e-06
ccheques_emitidos_lag1	2.11737889404165e-07	5.66348188498698e-06	1.92303994153959e-05
ccheques_depositados_lag1	1.77795452396318e-07	9.36816552403862e-06	2.88455991230938e-05
Visa_madelantopesos_lag1	1.22778195126835e-07	1.48868666691086e-05	9.61519970769793e-06
Visa_cadelantosefectivo_delta1	1.22241778266314e-07	7.52348856721428e-05	1.92303994153959e-05
ccaja_ahorro_delta1	1.21438392709971e-07	5.20273847148654e-05	9.61519970769793e-06
vm_fechaalta_delta1	8.20164640420997e-08	0.000181853125849815	4.80759985384897e-05
cforex	5.56465860795126e-08	2.7167680019712e-06	9.61519970769793e-06
vm_status04_lag1	4.45173121022341e-08	0.000717856974564741	0.000115382396492375
Visa_cadelantosefectivo_lag1	4.37806921474484e-08	1.7705832840433e-05	9.61519970769793e-06
minversion1_pesos	4.33316257762238e-08	7.17090488294592e-06	9.61519970769793e-06
ccheques_emitidos	4.25173026238026e-08	4.56485156444064e-06	1.92303994153959e-05
ctarjeta_visa_tend6	3.92321886180324e-08	1.95198503464514e-05	5.76911982461876e-05
ccheques_depositados_delta1	3.50947627183598e-08	6.54068283860151e-06	2.88455991230938e-05
Visa_delinquency_delta1	2.90787641752147e-08	1.17102069050483e-05	2.88455991230938e-05
minversion1_pesos_avg6	2.38755034359045e-08	7.93568785027198e-05	1.92303994153959e-05
cinversion1_lag1	2.05666926653008e-08	5.05880938298085e-06	1.92303994153959e-05
cprestamos_prendarios_delta1	1.17430961585743e-08	1.87107815057389e-05	9.61519970769793e-06
cforex_buy_delta1	7.92966800445863e-09	0.000147361243693127	9.61519970769793e-06
Visa_fechaalta_delta1	7.29377854246631e-09	6.98950313234408e-05	3.84607988307917e-05
tcuentas_lag1	7.24783751702702e-09	1.22126812377012e-05	5.76911982461876e-05
vm_status06_lag1	6.28013810867168e-09	0.000521943083914755	7.69215976615834e-05
Visa_cadelantosefectivo_tend6	5.44568887855959e-09	5.84232868135499e-06	9.61519970769793e-06
Master_delinquency	2.40113180963959e-09	6.37035255634626e-06	1.92303994153959e-05
Master_mconsumosdolares_lag1	1.69075837224832e-09	7.40936727810327e-06	2.88455991230938e-05
vm_cadelantosefectivo	1.14498251118699e-09	3.89289860094368e-05	9.61519970769793e-06
vm_status02_delta1	4.61976917388256e-10	0.000189586120664203	2.88455991230938e-05
vmr_madelantopesos	4.13137649563909e-10	3.83243135074307e-05	9.61519970769793e-06
vm_status05_lag1	1.91232814525826e-10	0.000199005385272918	4.80759985384897e-05
Visa_madelantodolares	4.94082762385613e-11	2.72528451608396e-07	9.61519970769793e-06
vm_Finiciomora_delta1	4.51126331473209e-12	9.98987105427027e-06	6.73063979538855e-05
ctarjeta_visa_lag1	4.37104739706798e-12	1.8566000765822e-06	9.61519970769793e-06
Visa_cadelantosefectivo	9.56789945366811e-13	1.16591078203717e-05	9.61519970769793e-06
Visa_Finiciomora_delta1	4.49433024645636e-14	1.30302665925264e-06	9.61519970769793e-06
Master_mconsumosdolares_delta1	2.64180035968617e-14	5.45056903216792e-07	9.61519970769793e-06
cprestamos_prendarios_avg6	1.1864198381477e-14	1.17527894756121e-06	9.61519970769793e-06
Master_delinquency_lag1	1.96788827624431e-15	4.3689717398471e-06	1.92303994153959e-05
vm_status03	5.98662651880193e-18	3.32144050397733e-07	9.61519970769793e-06
