Feature	Gain	Cover	Frequency
ctrx_quarter_lag1	0.125520106125647	0.00423993158563154	0.00515681747193454
azar_under	0.116114797687809	0.0144192447673872	0.00362569589475683
mpasivos_margen	0.0435113437807298	0.00784226030506033	0.00595300069206695
cpayroll_trx	0.0259684324257304	0.0039135527987033	0.000808432192749833
mprestamos_personales	0.0212889152437373	0.00957401117980838	0.00155561952241256
mcaja_ahorro_lag1	0.0200431418414733	0.00463008050700452	0.00625310052119379
mcuentas_saldo_lag1	0.017932197784353	0.00473905215575798	0.00596524966468438
ctrx_quarter_normalizado_avg6	0.0154914032731025	0.00721532591536472	0.00970731079930671
mcomisiones_mantenimiento_tend6	0.012902953570537	0.00640873985230244	0.00237630068777981
ctrx_quarter_normalizado	0.0105405467052565	0.00837954119500078	0.00901524384642238
mpayroll_sobre_edad	0.00989222080465838	0.00532219655265197	0.00216806815328364
ctrx_quarter_normalizado_lag1	0.00973121732676152	0.00353286325983331	0.00488734007435126
mcomisiones_otras_avg6	0.00805958560761732	0.00401291187657315	0.0040605344226753
mactivos_margen	0.00750790513142599	0.00457938609504802	0.00388904880603139
mcaja_ahorro	0.00677201056766107	0.00815032213847784	0.00687779812468229
ctarjeta_debito_transacciones	0.00656880121881235	0.0022176808311008	0.00194146215986134
vm_msaldototal	0.00623348489264309	0.00103107269282693	0.00173935411167388
mtarjeta_visa_consumo	0.00600794533511876	0.00356827713082343	0.00360732243583069
vm_status01_avg6	0.00558128762693383	0.00212455323771384	0.000367469178522651
ctarjeta_visa_transacciones	0.00521721680994632	0.00157346898047722	0.00195371113247876
vm_msaldopesos	0.00518129350493888	0.0013755167666406	0.00289688202402024
mpayroll_sobre_edad_lag1	0.00477225880203715	0.00172500511498738	0.00168423373489549
mcuentas_saldo_delta1	0.00469447027203069	0.00331313641189493	0.0031602349352948
vm_status01_delta1	0.00457913463326396	0.00134362622840463	0.000146987671409061
ctrx_quarter_tend6	0.00455123389756131	0.004044561690211	0.00487509110173384
mcuenta_corriente	0.0044265505504956	0.00342372200965845	0.00447087500535893
mrentabilidad_annual	0.00437782639168562	0.00696046421812949	0.00675530839850808
mpayroll_sobre_edad_avg6	0.00432351317855912	0.00277920925328723	0.00267640051690664
mrentabilidad_annual_lag1	0.00428097107642178	0.00391298381328958	0.00488121558804255
cliente_edad_lag1	0.00386845044243079	0.00517952346016312	0.0061489842539457
Master_Fvencimiento	0.00386070502180326	0.00294544053030929	0.00556103356830946
cpayroll_trx_lag1	0.00379684280127356	0.00182642676498195	0.000851303596910809
mcaja_ahorro_avg6	0.00373458560819354	0.00431784976122883	0.00603261901408019
mcomisiones_avg6	0.00359169151046704	0.00435807812418114	0.00595912517837566
mrentabilidad_tend6	0.00356395501749211	0.00432454628186716	0.00417689966254081
vm_Fvencimiento_avg6	0.00336028430282604	0.00273515118081953	0.00357670000428714
ctrx_quarter_normalizado_delta1	0.0033512890120304	0.00195054765037556	0.00287238407878539
mcuentas_saldo	0.003318576476269	0.00774475042978505	0.00491183801958611
cliente_antiguedad	0.00327076634892909	0.00424251390404762	0.00571414572602723
Master_fechaalta	0.00326914547228905	0.0022150219184944	0.00470360548508994
cliente_edad_avg6	0.00316616830050659	0.00412270964837921	0.00396254264173592
ctrx_quarter_normalizado_tend6	0.00309619140656539	0.00373101790117289	0.00611223733609343
azar_sampling	0.00308203373695016	0.00357154332593869	0.00632659435689832
mcomisiones_mantenimiento_delta1	0.00292935250488123	0.00514561958892478	0.00347870822334777
mactivos_margen_avg6	0.00292130207743085	0.00390872736471391	0.00396866712804464
mrentabilidad_annual_delta1	0.00290058185566724	0.00316988339196518	0.00471585445770736
cprestamos_personales	0.00286289866362842	0.00439699344387104	0.000655320035032062
mcuentas_saldo_tend6	0.00285297376645283	0.00172854486078232	0.00377268356616589
Master_mfinanciacion_limite	0.00282912930372152	0.0012785977608334	0.0028785085650941
tcallcenter_tend6	0.00280427839116178	0.00502352844957433	0.00132288904268155
vm_mpagospesos	0.00275092488793765	0.000990816974806644	0.00224156198898817
mrentabilidad	0.00273851820278037	0.00342769396552726	0.00450762192321119
ccomisiones_mantenimiento_tend6	0.00269575954992649	0.0095819605625596	0.00241304760563208
mactivos_margen_tend6	0.00266628319196507	0.00231485697454688	0.00489958904696869
mcomisiones_tend6	0.00255888475489813	0.00402828542477062	0.00529768065703489
vm_Fvencimiento	0.00255448483770619	0.00294112937159768	0.00385842637448784
cliente_antiguedad_lag1	0.00254051039010711	0.00358960314181053	0.00539567243797427
ccomisiones_mantenimiento_delta1	0.00253493907885809	0.00253554124986411	0.000753311815971435
vmr_mpagominimo_avg6	0.00253463422180954	0.00143806139404042	0.00192921318724392
mpasivos_margen_lag1	0.00249437025366298	0.00381565995247648	0.00634496781582445
ctrx_quarter_delta1	0.0024868451733047	0.00245467419793997	0.00355832654536101
vm_fechaalta	0.00246510547427514	0.0030615080836934	0.00431163836133244
cliente_antiguedad_avg6	0.00241940063553576	0.00317241100024534	0.00466073408092896
ctransferencias_recibidas_tend6	0.00236451683692836	0.00189009295016842	0.00322760428469062
ctrx_quarter	0.00236278589372303	0.00689181941057302	0.00611836182240215
mttarjeta_visa_debitos_automaticos_tend6	0.00234479171506122	0.003171366036649	0.00189859075570037
mcaja_ahorro_delta1	0.00230886503717201	0.00219373967561605	0.00324597774361675
numero_de_cliente	0.00229753808149888	0.00325017051644842	0.00405440993636659
ctrx_quarter_avg6	0.0022968232471731	0.00659849101676255	0.00768010583112342
ccomisiones_otras_lag1	0.00229475633774446	0.00210507642932131	0.00251103938657145
ccomisiones_otras_avg6	0.00227941441620487	0.00609467084595936	0.0070492837413262
mpasivos_margen_avg6	0.00224820052285904	0.0050228008047664	0.00775972415313666
mcuenta_corriente_delta1	0.00220825503452742	0.00367000515757922	0.00379718151140073
mactivos_margen_delta1	0.00220703548001018	0.00611836033481881	0.00370531421677007
vm_status04	0.00214818532031555	0.000731862959403542	0.000159236644026482
Visa_mconsumospesos	0.00213257660232036	0.000968861797256305	0.00243754555086692
mcuenta_corriente_lag1	0.00213054669942303	0.00375234391215999	0.00380330599770944
mpayroll_tend6	0.0021170795126236	0.002218512425167	0.0019169642146265
mcuentas_saldo_avg6	0.00208228744233914	0.00489030926857489	0.00613673528132828
mcaja_ahorro_dolares	0.00205384179668961	0.00262941290109977	0.002033329454492
vm_mpagominimo	0.00204979115350453	0.00196308174251805	0.00284176164724184
vm_msaldototal_avg6	0.00204146225737771	0.00109852481942003	0.002033329454492
mcomisiones_otras_lag1	0.00199438111959242	0.00226585857680433	0.00369918973046136
Visa_mfinanciacion_limite_tend6	0.00197277901508103	0.00248287727301398	0.00247429246871919
cproductos	0.00194984153882617	0.00214359783603249	0.00189246626939166
Visa_mlimitecompra_delta1	0.00193541743983447	0.00168161997719167	0.00281113921569828
mrentabilidad_annual_tend6	0.00190323155675762	0.00336721738126575	0.00513844401300841
vm_Fvencimiento_lag1	0.0018936010694704	0.00222315184469421	0.00281726370200699
cdescubierto_preacordado	0.00188360919292288	0.00289561600951414	0.000661444521340773
mcaja_ahorro_dolares_delta1	0.00187942727977313	0.00146457392591406	0.00145150325516447
Visa_fechaalta_avg6	0.0018723117354616	0.00222802651780593	0.00233342928361884
mprestamos_personales_avg6	0.00185032015009355	0.00394955206814791	0.000937046405232761
mrentabilidad_annual_avg6	0.00184628206825317	0.005653395302556	0.00608773939085859
Visa_mpagominimo	0.00183755805994564	0.00103001131618981	0.00188634178308294
cpayroll_trx_tend6	0.0018369320706702	0.00123476399992303	0.00108403407664182
Master_fechaalta_avg6	0.00182615098999948	0.00233107305883774	0.0041156547994537
vm_fechaalta_avg6	0.00180542252238308	0.00172280029650924	0.00194146215986134
chomebanking_transacciones_lag1	0.001785102250961	0.00207112878997423	0.00388292431972268
mcomisiones_mantenimiento_avg6	0.00177979172733344	0.00425109245336208	0.00391354675126624
mcuenta_corriente_tend6	0.00174708817520132	0.00481484757808103	0.00426264247086276
ctarjeta_visa_transacciones_tend6	0.00174529382102989	0.0016930434535747	0.00222318853006204
ccaja_seguridad_avg6	0.00172550909041102	0.00261325699795844	0.00014086318510035
mrentabilidad_delta1	0.00172336003966509	0.00296745588900915	0.00369918973046136
mactivos_margen_lag1	0.00172312637487205	0.00307800866069111	0.00425039349824533
mautoservicio_tend6	0.00171776230041123	0.00107180438902984	0.00177610102952615
mcomisiones_lag1	0.00169862874181588	0.0019626276483898	0.00384617740187042
mautoservicio_avg6	0.00167857327756596	0.00193205562442984	0.00312961250375125
Visa_fechaalta	0.00166368702161663	0.00228825690645574	0.00334396952455613
Master_mfinanciacion_limite_tend6	0.00164628071407539	0.0018777394014745	0.0027070229484502
mtransferencias_recibidas	0.00162731142766498	0.00223679108158257	0.00315411044898609
mpasivos_margen_tend6	0.00162168779346778	0.00276037255348514	0.00299487380495961
Visa_mfinanciacion_limite_delta1	0.00161522452366698	0.00134540977883608	0.00290913099663766
ctarjeta_debito_avg6	0.00161053306087885	0.001462637187102	0.00194146215986134
vm_fechaalta_lag1	0.00160475185991611	0.00103296566353025	0.00206395188603556
thomebanking_avg6	0.00158188485350836	0.00396602529007765	0.00270089846214149
mcomisiones_mantenimiento	0.00157989480440991	0.00267099260440966	0.00294587791448992
vm_mfinanciacion_limite_tend6	0.00155312888828811	0.00120971769969242	0.00261515565381954
chomebanking_transacciones_delta1	0.00154029213851435	0.00124746769348692	0.00230893133838399
ccomisiones_otras_tend6	0.00153152634647082	0.00356156966815791	0.0045688667862983
cproductos_avg6	0.00152870202411506	0.00257663403296418	0.00348483270965648
Master_mlimitecompra_tend6	0.00152703267941989	0.00117427100262074	0.00193533767355263
mcomisiones	0.00152552101754565	0.00166465436403852	0.00317860839422093
cmobile_app_trx_avg6	0.00150083619269831	0.00137606933901353	0.00308061661328156
mttarjeta_visa_debitos_automaticos	0.00148545782175245	0.000997294654901237	0.0016903582212042
cmobile_app_trx_tend6	0.00147877645147426	0.00170734468310787	0.00206395188603556
chomebanking_transacciones	0.0014726865465559	0.00266082746115311	0.00341746336026066
Visa_mfinanciacion_limite	0.00145494875353148	0.0014064608195249	0.00223543750267946
Visa_mpagospesos_tend6	0.00145351860490555	0.00153132029175362	0.00223543750267946
Visa_mconsumospesos_tend6	0.00144085590678299	0.00144417798723784	0.00268252500321536
mcaja_ahorro_dolares_tend6	0.00141189912113758	0.00184044350180825	0.0016903582212042
vmr_mpagospesos_tend6	0.0014107699721545	0.00213164914234449	0.00233342928361884
thomebanking_tend6	0.00138289176803442	0.00549191833634661	0.00159849092657353
ccallcenter_transacciones_avg6	0.00134315833580125	0.00197373380598441	0.00200270702294845
mprestamos_personales_tend6	0.00134028284370395	0.00669741241354492	0.00121877277543346
cpagomiscuentas_avg6	0.00133927585245762	0.000865744133047785	0.00171485616643904
mcomisiones_mantenimiento_lag1	0.00132627201682505	0.00231856632176321	0.00189246626939166
vmr_mpagominimo_lag1	0.00130967296386296	0.000641202793147208	0.00161686438549967
Master_Fvencimiento_lag1	0.00130243623474424	0.00231856632176321	0.00311736353113383
mtransferencias_emitidas	0.00129991118782881	0.00134780608278999	0.00175772757060002
vm_msaldopesos_lag1	0.0012836137647411	0.000927210970769704	0.00129226661113799
mrentabilidad_lag1	0.0012787223435627	0.00186180233887691	0.00339296541502582
mtransferencias_emitidas_avg6	0.00127506756984956	0.0012303981310755	0.00198433356402232
mcuenta_corriente_avg6	0.00126084704028609	0.00488721267488102	0.00436063425180213
vm_cconsumos_avg6	0.00125232909550924	0.000813452185122009	0.00147600120039932
Master_fultimo_cierre	0.00125221666710326	0.000905228438151398	0.00127389315221186
Visa_cconsumos_lag1	0.00125088126789803	0.000639446597783724	0.00134738698791639
vm_status01	0.00125031304092856	0.00277254555873046	0.000232730479731013
mcuenta_debitos_automaticos	0.00124146311681611	0.00396023695769583	0.00118815034388991
Visa_mpagominimo_tend6	0.00123023450492808	0.00119108342739328	0.00240079863301466
mtransferencias_recibidas_avg6	0.00122312175824383	0.00227883582104789	0.00480772175233802
cliente_edad	0.0012213786768149	0.00359281462678986	0.00417689966254081
mpayroll	0.00120572568726292	0.00300758030270319	0.001016664727246
chomebanking_transacciones_tend6	0.00120272783136213	0.00132801195560905	0.00285401061985926
Master_Fvencimiento_avg6	0.00119103788787456	0.00359313194557827	0.0051874399034781
Visa_mfinanciacion_limite_lag1	0.0011883424708327	0.00181268357883531	0.00280501472938957
Visa_mpagado_tend6	0.00118353845798642	0.000883705470674938	0.00194146215986134
ccomisiones_otras	0.00118286642361222	0.00153205340757513	0.00243142106455821
Visa_mpagominimo_avg6	0.00117888054996562	0.00167468820296883	0.0024252965782495
Master_mlimitecompra_lag1	0.00116401231465092	0.00108996815415995	0.00205170291341814
Visa_msaldopesos_avg6	0.00115903822796868	0.00100742697207623	0.00165973578966064
Visa_mlimitecompra_lag1	0.0011575976604435	0.00154564887635475	0.00244367003717563
Visa_mlimitecompra	0.0011308344530088	0.0014680261354915	0.00241304760563208
mcuenta_debitos_automaticos_avg6	0.00112263347738604	0.00057357012310552	0.000979917809393737
Visa_mconsumototal_tend6	0.00111361257654766	0.00154396927518157	0.00171485616643904
mcomisiones_otras_delta1	0.00111360890091629	0.00178970532174301	0.00306836764066414
vm_mpagominimo_avg6	0.00110928069453516	0.0014632991797468	0.00262128014012825
ctransferencias_emitidas_tend6	0.00110513336118071	0.00127125566059105	0.00200883150925716
vmr_msaldopesos_delta1	0.00109475201742635	0.00192457674884766	0.00160461541288224
vmr_Visa_mlimitecompra_lag1	0.00109382552951229	0.00143904617648723	0.00188021729677423
mcaja_ahorro_dolares_lag1	0.00109155457813258	0.00185360676051399	0.00213744572174009
Visa_mpagospesos	0.00108422574005862	0.00185013266688218	0.00344808579180421
Visa_mconsumospesos_avg6	0.00107705905548521	0.00166615889277671	0.00238854966039723
vmr_msaldopesos2_avg6	0.0010699485505475	0.00170829116845953	0.00229668236576657
cprestamos_personales_lag1	0.00106763957433698	0.00302863276301062	0.000722689384427881
chomebanking_transacciones_avg6	0.00106496384552574	0.00163265440553069	0.0023150558246927
Visa_msaldototal_avg6	0.00105819985510533	0.000838733738937139	0.00150049914563416
mpayroll_lag1	0.00104602028049695	0.00163772056411818	0.00150049914563416
Master_mfinanciacion_limite_lag1	0.00104569198014353	0.000970038065178888	0.00230280685207528
Visa_mlimitecompra_avg6	0.00104386416961969	0.00127318145737593	0.00161686438549967
Visa_msaldototal	0.00103948360003451	0.00125701461220742	0.00244367003717563
Visa_Fvencimiento_avg6	0.00103676091656055	0.00210946965323682	0.00279276575677215
vm_mpagospesos_delta1	0.00103087096779737	0.000825887799019821	0.00151274811825158
vm_mlimitecompra	0.00101380517402517	0.000602041277845606	0.00115752791234635
vm_mpagominimo_delta1	0.00100362763278682	0.000674800287624315	0.00146375222778189
ccallcenter_transacciones_tend6	0.00099258571336586	0.00377138851047864	0.00134738698791639
mv_status07_delta1	0.000990627321301232	0.00355285434350362	0.000545079281475266
vmr_Master_mlimitecompra	0.000987687730873817	0.00125974464799053	0.00135963596053381
Visa_msaldototal_tend6	0.000987454103304562	0.000941731040846604	0.00165361130335193
vmr_msaldopesos2_lag1	0.000985227017560264	0.0013657236523084	0.00207620085865298
cextraccion_autoservicio_avg6	0.000984209300571678	0.00110920423795436	0.00204557842710943
Visa_cconsumos_avg6	0.000979177197162341	0.0020641806027106	0.00243142106455821
mautoservicio	0.000973207169282591	0.00256957642542869	0.00323372877099933
Visa_Fvencimiento_lag1	0.000965440703402278	0.00228136342932805	0.00284176164724184
cdescubierto_preacordado_lag1	0.000964717287895281	0.00135207894440644	0.000398091610066206
Visa_mpagominimo_delta1	0.0009540713455563	0.00112715463355433	0.00200270702294845
ctarjeta_debito_transacciones_avg6	0.000950336107124809	0.00253247201123821	0.00273764537999375
vmr_Master_mlimitecompra_lag1	0.000948266231591061	0.00156596274982707	0.00137188493315123
mtarjeta_visa_consumo_lag1	0.000945087343041602	0.000713463940688917	0.00121264828912475
mcomisiones_otras_tend6	0.000944913740924773	0.00239484319328248	0.00275601883891989
vm_msaldopesos_tend6	0.000933400786815953	0.00105744297834715	0.00184347037892197
ccuenta_debitos_automaticos_avg6	0.000928407715923384	0.00103004414227137	0.00151274811825158
mtransferencias_recibidas_delta1	0.000921890197677119	0.00112521789474226	0.00246204349610176
vm_cconsumos_tend6	0.000913582820774125	0.000716090027213752	0.00177610102952615
vm_mconsumospesos	0.000910600902853599	0.000665247897890228	0.00132288904268155
Visa_fechaalta_lag1	0.000908602203191534	0.00193514674711012	0.00271927192106762
mcaja_ahorro_dolares_avg6	0.000906091411495473	0.0028445331555925	0.00273152089368504
ctransferencias_emitidas_avg6	0.000898981494586161	0.000755350020760035	0.00176997654321744
mcaja_ahorro_tend6	0.000897390022381562	0.00164522132375474	0.00267027603059793
Visa_cconsumos	0.000894784220197592	0.000673361411049249	0.0012983910974467
vm_mconsumototal_avg6	0.000894780986812044	0.000868452284776521	0.00121264828912475
Master_mlimitecompra_avg6	0.000893766781761792	0.00115690600547527	0.00196596010509618
Visa_mconsumospesos_lag1	0.000890136456244696	0.000813430301067635	0.00188021729677423
cprestamos_personales_avg6	0.000886884021324764	0.00116033085998474	0.00071656489811917
vm_mpagospesos_tend6	0.0008847272742711	0.00192861435687959	0.00176997654321744
mpayroll_sobre_edad_tend6	0.000858991437976467	0.00189312936271276	0.00184959486523068
Visa_mconsumosdolares_avg6	0.000852592705464452	0.000760049621436771	0.00141475633731221
Visa_mpagado_avg6	0.000842922852345533	0.0011936383907414	0.00249266592764532
vm_mlimitecompra_tend6	0.000841465156221626	0.00156937119129576	0.00244367003717563
ccomisiones_mantenimiento_avg6	0.000838132060128312	0.00171917848551041	0.00154949503610385
mpasivos_margen_delta1	0.000837097177568836	0.00202745915947166	0.00346033476442163
Visa_mlimitecompra_tend6	0.000827851294626873	0.00116947839471292	0.00216194366697493
vm_mfinanciacion_limite_delta1	0.000825962771569897	0.00128367486144809	0.00184959486523068
mcomisiones_delta1	0.000825310120750162	0.00188705653762408	0.00229055787945786
mpagomiscuentas_avg6	0.00082175823167756	0.00135921861714584	0.00128001763852057
vm_status02_avg6	0.000819599851737639	0.000940341403393879	0.000281726370200699
Visa_mfinanciacion_limite_avg6	0.0008091630637854	0.00111759677280665	0.00153724606348643
vmr_msaldopesos2	0.000804013514440706	0.00113217702403307	0.00194758664617005
Master_fechaalta_lag1	0.000802089068202754	0.0013761787592854	0.00241304760563208
Visa_cconsumos_delta1	0.000797946226255904	0.00131043905994703	0.0019169642146265
Master_msaldototal	0.000792745511671015	0.000963861290831932	0.000826805651675966
vm_msaldopesos_delta1	0.000789580605157505	0.000749868065139442	0.000943170891541472
vmr_mconsumototal_tend6	0.000787559443535266	0.000874503225810829	0.00137188493315123
cprestamos_personales_tend6	0.000780354068724681	0.00217557591048595	0.000606324144562375
catm_trx_avg6	0.000780289350767986	0.000754168281823859	0.00110240753556795
mtransferencias_emitidas_lag1	0.000780042397759523	0.0008698802193244	0.00123102174805088
vmr_msaldototal_avg6	0.000777190449431218	0.000681934489350117	0.00145150325516447
vmr_msaldototal_delta1	0.000777037711345021	0.00111523876594789	0.00139025839207736
mttarjeta_visa_debitos_automaticos_delta1	0.000776078604946484	0.001097058587777	0.00136576044684252
Visa_msaldopesos	0.000773754000735323	0.00137236546281079	0.00223543750267946
matm_tend6	0.00077079363194087	0.00104574048027085	0.00136576044684252
mcuenta_debitos_automaticos_lag1	0.000769469797642888	0.00140750031210765	0.000722689384427881
ctarjeta_debito_transacciones_tend6	0.000768614276343944	0.0011794520524937	0.00185571935153939
vm_fultimo_cierre_lag1	0.000755511674313568	0.000893219563313871	0.00144537876885576
vmr_msaldototal_tend6	0.000749152121470263	0.000716806729994488	0.00148212568670803
vm_mpagospesos_avg6	0.000740484741344196	0.00132053855104046	0.002033329454492
Visa_msaldototal_lag1	0.000733480348252717	0.00084181939060382	0.00208232534496169
Visa_mconsumosdolares_tend6	0.000733130496314171	0.00118658078320591	0.00149437465932545
mtarjeta_visa_consumo_delta1	0.000729135561395419	0.000668317136516129	0.00134126250160768
Master_mconsumototal_avg6	0.000726820147344547	0.000634796236229329	0.000692066952884327
ctarjeta_visa_debitos_automaticos_avg6	0.000722914334371604	0.00123370809429951	0.00134126250160768
mtransferencias_recibidas_tend6	0.000720694920792807	0.00205525737953976	0.00277439229784602
Visa_msaldototal_delta1	0.000717103022484137	0.000972368716969679	0.00179447448845228
Visa_cconsumos_tend6	0.000706021892193398	0.0015778840884471	0.00219256609851849
vmr_Visa_mlimitecompra_avg6	0.000705394371276471	0.00104093145932225	0.0012432707206683
vm_mlimitecompra_delta1	0.0007038880158257	0.00114389593515015	0.00167810924858677
ctransferencias_recibidas_lag1	0.000700585266364491	0.000825515770095469	0.00149437465932545
mrentabilidad_avg6	0.000695067565732008	0.00291324361531209	0.00317860839422093
ctarjeta_visa_transacciones_avg6	0.000691266054452741	0.000948569807838362	0.00162298887180838
mprestamos_personales_lag1	0.000689367324538754	0.00528446844291184	0.00109628304925924
ccajas_transacciones_tend6	0.000688624401963	0.00202800078981741	0.000979917809393737
vm_mconsumosdolares_avg6	0.000680745600660769	0.00072374944624452	0.000881926028454364
Master_mlimitecompra_delta1	0.000677048330218423	0.00151452428002186	0.00263965359905438
mpayroll_delta1	0.00067377328684032	0.00117332451726908	0.00114527893972893
Master_mpagado_tend6	0.000673584189019273	0.000443617137221342	0.000820681165367255
ctarjeta_visa_debitos_automaticos_lag1	0.000668931060409936	0.000323276722220779	0.000594075171944953
ccaja_ahorro	0.0006668022814373	0.00170304993743704	0.000422589555301049
Visa_mconsumototal_avg6	0.000666349579567021	0.000753763426817947	0.00162911335811709
mttarjeta_visa_debitos_automaticos_lag1	0.000662301939623601	0.000725653358975026	0.00104728715878956
cextraccion_autoservicio_lag1	0.000659458754305847	0.000498830606405998	0.000869677055836942
vm_msaldototal_tend6	0.000658618876727686	0.000887600832353443	0.00147600120039932
Visa_fultimo_cierre	0.000658530409967735	0.000799490158431636	0.00154949503610385
ccajas_consultas_delta1	0.000658491659107484	0.00115549448396817	0.000361344692213941
vm_cconsumos	0.000653870881181026	0.000412104098923323	0.0011269054808028
catm_trx_other_tend6	0.000653088512311348	0.00103467261977139	0.000722689384427881
vm_mfinanciacion_limite	0.000652610338454594	0.000757582194306144	0.00169648270751291
cextraccion_autoservicio	0.000646404411901693	0.00044695445551332	0.000538954795166556
Master_Fvencimiento_tend6	0.000646269576503278	0.000707577130062412	0.000808432192749833
mv_status07_avg6	0.000645788243253118	0.00286756065180715	0.001016664727246
ccaja_ahorro_lag1	0.000644778689635367	0.00138909035136584	0.000440963014227182
vm_status02_tend6	0.000641213053669044	0.000631759823684989	0.000238854966039723
vmr_mconsumosdolares_avg6	0.00063793312954959	0.00058934305529531	0.000967668836776315
Master_msaldototal_tend6	0.000635916717673598	0.00121136994579763	0.000888050514763074
foto_mes	0.000633785836282638	0.000417525873394388	0.000734938357045303
tcallcenter_avg6	0.000632862531398676	0.000688023727479578	0.000979917809393737
vmr_msaldototal	0.000632830750989245	0.00108247286553698	0.0023701762014711
ccallcenter_transacciones	0.000630042161248883	0.00161341285072268	0.000563452740401399
vm_Fvencimiento_tend6	0.000629018067608887	0.00142880443904037	0.000979917809393737
vmr_msaldopesos2_delta1	0.000628935111028433	0.00111396949079422	0.00144537876885576
Visa_msaldopesos_lag1	0.000627868892178975	0.000717463251625697	0.00139025839207736
vm_status05_avg6	0.000627849191288233	0.000247415647734609	0.000422589555301049
cliente_edad_tend6	0.000627296511236197	0.000697669124444753	0.001524997090869
vm_mconsumospesos_delta1	0.000619547293468347	0.000547642989686368	0.00142088082362092
ctarjeta_debito_transacciones_lag1	0.000615627499187886	0.00115732727352196	0.00222318853006204
mtransferencias_emitidas_tend6	0.000613478720090044	0.00105450504404749	0.00161686438549967
vm_mconsumospesos_tend6	0.000612957721469217	0.0008213413867237	0.00153112157717771
vmr_Master_mlimitecompra_tend6	0.000612071934473809	0.00227986437160345	0.000986042295702448
vmr_Master_mlimitecompra_avg6	0.000609552150425353	0.00133378934596369	0.00148212568670803
cpayroll_trx_avg6	0.000609082025005463	0.00477720153354481	0.00330722260670386
vmr_mpagado_avg6	0.000606572949268956	0.00105197196475374	0.00189246626939166
vmr_msaldopesos	0.000603097613862536	0.000916816044942232	0.0016903582212042
vm_status06_tend6	0.000602830175577853	0.000929229774785671	0.000177610102952615
Visa_mconsumototal	0.000597160146553635	0.00100604280563709	0.0019720845914049
Master_mfinanciacion_limite_delta1	0.000595463712497327	0.00114948731104261	0.00210069880388782
matm_avg6	0.000592179338275805	0.000936675824286297	0.00159849092657353
cproductos_tend6	0.000588633125559356	0.00725049906175673	0.00136576044684252
Visa_mpagospesos_delta1	0.000587997874059421	0.000786250305535593	0.00184959486523068
Visa_mpagado_delta1	0.000584568571972675	0.000931872274351286	0.000704315925501749
vm_status05_tend6	0.000583599036501712	0.000752444912541936	0.000238854966039723
vmr_mpagospesos_lag1	0.000582292997088005	0.000737284733874607	0.00141475633731221
vmr_mconsumospesos_avg6	0.000580185416285021	0.000767605091209265	0.0016352378444258
vm_fultimo_cierre_avg6	0.000580010424491447	0.000940149917918109	0.00145762774147318
vm_mlimitecompra_avg6	0.000578319688512279	0.000957733755607317	0.00123714623435959
mautoservicio_lag1	0.000577424345793263	0.0014082881380651	0.0021435702080488
vmr_msaldopesos_avg6	0.000574523810295885	0.000874902609803147	0.00178222551583486
mextraccion_autoservicio_avg6	0.000573117630750685	0.000907367604466419	0.0018618438378481
vm_status06_delta1	0.000573088542014202	0.00101902552089425	0.000104116267248085
vm_mpagominimo_tend6	0.000572248698058896	0.00118763668882943	0.00131676455637283
mextraccion_autoservicio_tend6	0.000561069073219092	0.000730900061011102	0.00115140342603764
catm_trx_tend6	0.00055446468469555	0.0011694893367401	0.00162298887180838
Master_cconsumos_tend6	0.000553955529615767	0.000319944874942395	0.000600199658253664
ccajas_consultas_tend6	0.000550513376702295	0.00618902394639125	0.000826805651675966
ctarjeta_debito_lag1	0.000549169911475304	0.000553808822006137	0.000600199658253664
cproductos_lag1	0.000544476450105063	0.00286465554358905	0.00145150325516447
ctransferencias_recibidas	0.000541723607800918	0.0015027123616737	0.00121264828912475
active_quarter_avg6	0.000540721408982487	0.00279271171483576	0.00145762774147318
ccaja_seguridad	0.000539236713268013	0.0064266902479024	0.00021435702080488
mtarjeta_visa_consumo_avg6	0.00053861452805005	0.000864135655051324	0.00191083972831779
cextraccion_autoservicio_tend6	0.000537371432706894	0.000820673923065305	0.00123102174805088
vmr_mpagominimo_tend6	0.000535196964264157	0.00108674025613984	0.00187409281046552
vm_mpagominimo_lag1	0.000533776074696896	0.00115722332426369	0.00184347037892197
ctarjeta_debito_transacciones_delta1	0.000524969284683055	0.000698818037299368	0.00105953613140698
vmr_mpagospesos_avg6	0.00052460027465237	0.000645519422872405	0.00150049914563416
vmr_mconsumototal	0.00052210542070304	0.000790205848363626	0.00141475633731221
vm_mconsumototal_tend6	0.000522032527899468	0.000414987323087048	0.001016664727246
vmr_mconsumospesos_lag1	0.000521210700967004	0.000755596216371738	0.00153112157717771
vmr_msaldopesos2_tend6	0.000517992526679731	0.00150556823076945	0.00195371113247876
Master_cconsumos_lag1	0.000517859537124282	0.000383249973231698	0.000349095719596519
ccuenta_debitos_automaticos_tend6	0.000515272683496248	0.00208731204818352	0.00056957722671011
Master_status_tend6	0.000514813345946252	0.000302246145967726	0.000110240753556795
vm_mconsumosdolares_tend6	0.000512712182748537	0.000447528911940628	0.000471585445770736
matm	0.000511794389411405	0.000877977319442641	0.000765560788588857
Visa_mpagado_lag1	0.000510347893743497	0.000502332055105778	0.000581826199327531
ctransferencias_recibidas_delta1	0.000510125023323269	0.00070847437629173	0.000722689384427881
ccaja_seguridad_lag1	0.000509956650524272	0.000848833230030567	7.96183220132411e-05
ctarjeta_visa_debitos_automaticos_tend6	0.000509222200718537	0.000701203399226093	0.00093092191892405
thomebanking	0.000507170849356552	0.000669695831941667	0.000710440411810459
ctransferencias_recibidas_avg6	0.000505678028986359	0.00293191618470639	0.00322147979838191
vm_msaldopesos_avg6	0.000504153107220324	0.000900304525917332	0.00161073989919096
ctarjeta_debito	0.000503876468049765	0.00123919552093369	0.000967668836776315
vm_mpagado_avg6	0.000501005475684176	0.000808221896126712	0.00124939520697702
ccomisiones_mantenimiento	0.000497693556808179	0.00264752742710754	0.000967668836776315
vmr_Visa_mlimitecompra	0.00049417458682027	0.0010524151168548	0.00184959486523068
ctarjeta_visa_transacciones_delta1	0.000494140047097072	0.00104077279992804	0.00103503818617214
Visa_msaldopesos_tend6	0.000492390503110543	0.00158716292750151	0.0016903582212042
ctarjeta_visa_transacciones_lag1	0.000491958374247094	0.00103195899702906	0.00185571935153939
mpagomiscuentas_delta1	0.00048924158943527	0.000470901082011659	0.000698191439193038
Visa_fultimo_cierre_lag1	0.000484376557743515	0.000912619777516089	0.00132901352899026
ccajas_otras_avg6	0.000484231710312995	0.000711406839577796	0.000361344692213941
mtransferencias_recibidas_lag1	0.000482857940183492	0.000922653616446397	0.00181284794737841
Visa_mpagospesos_lag1	0.000482763444649792	0.000956590313766295	0.00218031712590106
mcuenta_debitos_automaticos_tend6	0.000482191624210118	0.00126998638543738	0.00116365239865506
vmr_mpagado_tend6	0.000481239766441789	0.000837710659395172	0.00153112157717771
Master_mfinanciacion_limite_avg6	0.000480550132721468	0.00124320577389766	0.00203945394080072
mcomisiones_otras	0.000480060013884442	0.00138512386651062	0.00277439229784602
vmr_Visa_mlimitecompra_tend6	0.000479875570718141	0.00138385459135695	0.000734938357045303
ccomisiones_mantenimiento_lag1	0.000478023427664441	0.00134326514150747	0.000741062843354014
Visa_mconsumosdolares_lag1	0.000477069685881354	0.000323665164185911	0.000514456849931712
vmr_mconsumototal_lag1	0.000476232463062029	0.000427007139951761	0.000937046405232761
mpagomiscuentas_lag1	0.000474994475242594	0.000439284094455365	0.000839054624293387
Master_mconsumototal_tend6	0.000473618252550374	0.000536728317567523	0.000900299487380496
vm_fultimo_cierre	0.000466666102646741	0.000522159008368282	0.00116365239865506
cpagomiscuentas_lag1	0.000464410566986617	0.000401342615185093	0.000698191439193038
Visa_mconsumototal_delta1	0.000463408893546131	0.000591236025998629	0.00134126250160768
Master_mpagospesos_lag1	0.00045986162308554	0.000782168929394912	0.000753311815971435
Visa_Fvencimiento	0.000456410649975964	0.00251113505822392	0.00308061661328156
Master_mpagominimo_avg6	0.000454786878269959	0.000499651258445009	0.000881926028454364
Visa_fechaalta_tend6	0.000454352422846931	0.00155879025100611	0.000894175001071785
vmr_mpagospesos	0.000452569623708151	0.000663984093750151	0.00127389315221186
mttarjeta_visa_debitos_automaticos_avg6	0.000448975521354305	0.00141602962229977	0.00160461541288224
vmr_msaldopesos_lag1	0.000448506508087627	0.00138670498943911	0.00143925428254705
Visa_fultimo_cierre_avg6	0.000444463011793946	0.00107676659835906	0.00137188493315123
Visa_Fvencimiento_tend6	0.000444390661376087	0.00158931850685732	0.000949295377850183
Master_cconsumos_avg6	0.000442333772957843	0.000723010859409411	0.000851303596910809
vm_msaldototal_lag1	0.000441815815475196	0.000855152250730951	0.00104728715878956
Master_mconsumospesos_avg6	0.000441771380431868	0.000580321353879783	0.000698191439193038
vmr_mpagominimo_delta1	0.000436035172025594	0.000767254946339287	0.00110240753556795
vm_mlimitecompra_lag1	0.000435696677287622	0.00041388217834118	0.000796183220132411
cpagomiscuentas_tend6	0.000434605118997982	0.000842568919466116	0.000992166782011159
Visa_msaldopesos_delta1	0.00042710493293178	0.00110448822423685	0.00159236644026482
mcuenta_debitos_automaticos_delta1	0.000425732316093378	0.000843203557042952	0.000924797432615339
ccajas_transacciones_avg6	0.000422323397350668	0.000554443459582972	0.000912548459997918
vm_mfinanciacion_limite_avg6	0.000422257698891801	0.00102695301959109	0.00145150325516447
vmr_mpagado_delta1	0.000416127144916724	0.000513558574999447	0.00056957722671011
Master_mpagospesos_tend6	0.000412771176057925	0.00148006783641059	0.000734938357045303
mtarjeta_visa_consumo_tend6	0.000412605574347857	0.000772725959932693	0.00162911335811709
vmr_mpagominimo	0.000411078234790113	0.00132131543497072	0.00151887260456029
Master_mpagado_avg6	0.000410709302413076	0.000495985679337427	0.000692066952884327
cdescubierto_preacordado_avg6	0.000409756065114218	0.00468347212866257	0.000508332363623001
mplazo_fijo_dolares_delta1	0.000405648618124222	0.0013200899279258	0.000263352911274567
mtarjeta_master_consumo	0.000405163421838907	0.00119347973134719	0.000336846746979097
vm_mconsumototal_delta1	0.00039953004907891	0.00037763124227127	0.000912548459997918
Master_msaldopesos	0.000399300119189776	0.000820712220160459	0.000698191439193038
vmr_msaldototal_lag1	0.00039418805693551	0.000695064921974292	0.00113915445342022
ccajas_extracciones_tend6	0.000392957548591595	0.0011304098866424	0.000514456849931712
Master_mlimitecompra	0.000389686375640444	0.00172966094755537	0.00301324726388574
vmr_mconsumospesos	0.000384200583403441	0.000558650669036301	0.00109628304925924
Master_msaldopesos_tend6	0.00038372743501323	0.000805234722704712	0.00093092191892405
ctarjeta_master_transacciones_tend6	0.000379385437437051	0.00150911344757798	0.000447087500535893
vmr_mpagospesos_delta1	0.000377797045772562	0.000423046126110135	0.00085742808321952
vmr_mpagado_lag1	0.000377708189772231	0.000473778835161791	0.000538954795166556
vm_cconsumos_delta1	0.000376822090979341	0.000651690726205767	0.000820681165367255
vm_mpagospesos_lag1	0.00037625138123778	0.000741694370830893	0.00213744572174009
Master_status_avg6	0.000375283444011573	0.000833328377506853	0.000202108048187458
mextraccion_autoservicio_delta1	0.000372637885614128	0.000617639137600407	0.000704315925501749
ccajas_extracciones_avg6	0.000372513950790724	0.000443037209780441	0.000526705822549134
vm_mconsumosdolares_delta1	0.000367683532790352	0.000215962790586117	0.000336846746979097
vm_mpagado_delta1	0.000365355615161703	0.000402152325196917	0.000532830308857845
Master_fultimo_cierre_lag1	0.000364992293291785	0.00134850637252995	0.0012983910974467
vm_msaldototal_delta1	0.000363846315333499	0.000919316298154419	0.00125551969328573
vm_mpagado_tend6	0.000361727123030849	0.00042690866170708	0.00114527893972893
ccaja_ahorro_avg6	0.000360049537983434	0.00133301246203342	0.000391967123757495
mpagomiscuentas	0.000359546718618504	0.000623810440933769	0.00115752791234635
vm_cconsumos_lag1	0.000359122132329718	0.000596504612089079	0.000839054624293387
Visa_mconsumospesos_delta1	0.00035847929525591	0.000959369588671746	0.002033329454492
ccajas_consultas_avg6	0.000357005904070664	0.00108356159724207	0.000624697603488507
matm_lag1	0.000354139684847135	0.000337435705400515	0.000636946576105929
vm_mfinanciacion_limite_lag1	0.000354115261613939	0.00108300355385554	0.00120039931650733
Visa_mconsumototal_lag1	0.000353194961508635	0.00041487790281518	0.000881926028454364
ccallcenter_transacciones_delta1	0.00035177049183909	0.00274990103346736	0.000863552569528231
vm_msaldodolares_avg6	0.000348415305469622	0.000668503150978305	0.000257228424965856
vm_status04_tend6	0.000343516417307943	0.000672185143126667	0.000220481507113591
Visa_mconsumosdolares	0.000343216079946427	0.000933584701606022	0.000624697603488507
cforex_sell_tend6	0.00034141679627637	0.000307033282861956	0.000349095719596519
Master_mconsumototal	0.000340624038956833	0.000247043618810257	0.000440963014227182
vm_mconsumototal	0.000339914879652653	0.00058604950511208	0.00119427483019862
mtarjeta_visa_descuentos_avg6	0.000338280177166324	0.000518695856763656	0.000226605993422302
cdescubierto_preacordado_delta1	0.000336050293715034	0.00191602555460116	9.18672946306629e-05
mpagomiscuentas_tend6	0.000334582688004077	0.000350834217690767	0.000710440411810459
Master_msaldototal_delta1	0.00033417421206916	0.000263872456623575	0.000471585445770736
ctarjeta_visa_descuentos_avg6	0.000330062174716605	0.000570829145295224	0.000324597774361675
Master_mpagospesos_avg6	0.000329959205748494	0.000927407927259066	0.000894175001071785
cmobile_app_trx	0.000323865742146124	0.000765662881383605	0.00078393424751499
Master_mpagominimo_lag1	0.000321274474599012	0.000145753273141935	0.000404216096374917
mtarjeta_master_consumo_tend6	0.000316771809559509	0.000708545499468445	0.000557328254092688
vm_fultimo_cierre_tend6	0.000306522367315986	0.0012819186660846	0.000765560788588857
cpagomiscuentas	0.000306298888574847	0.000322505309304109	0.000563452740401399
mtarjeta_visa_descuentos_tend6	0.000306093319597565	0.000284175388068705	0.000220481507113591
ctransferencias_emitidas_delta1	0.00030524533852257	0.000334727553671779	0.000379718151140073
mtransferencias_emitidas_delta1	0.000305081970110623	0.000881117681245257	0.0012432707206683
Visa_msaldodolares_tend6	0.000300147796347179	0.000406840983846466	0.000391967123757495
vm_mconsumospesos_avg6	0.000299182744288878	0.00110686811514998	0.00162298887180838
vmr_mconsumospesos_delta1	0.000297427667769436	0.000356835919602733	0.000630822089797218
ctransferencias_emitidas_lag1	0.000294159124526154	0.000403011274331081	0.000741062843354014
matm_other_tend6	0.000290524719619915	0.00116336727252908	0.000924797432615339
catm_trx_other_avg6	0.000288776164933399	0.000810328236360174	0.000655320035032062
matm_other_avg6	0.000288456859194342	0.00147176830878939	0.000912548459997918
cextraccion_autoservicio_delta1	0.000278829880450099	0.000291867633181034	0.000594075171944953
vmr_msaldodolares2_tend6	0.000273749419660733	0.000660252862479448	0.000398091610066206
Visa_Finiciomora_avg6	0.00027193417482133	0.00073070310452174	0.000134738698791639
Master_mconsumospesos_tend6	0.000269780743443789	0.000524681145634842	0.00056957722671011
vmr_mconsumototal_avg6	0.00026538765487963	0.000872035798680202	0.00134738698791639
Master_mconsumospesos_delta1	0.000263145512419526	0.000400160876248917	0.000630822089797218
ccomisiones_otras_delta1	0.00026249923238007	0.000841917868848501	0.000747187329662725
ccajas_otras_tend6	0.000260540040404099	0.00227187669175708	0.000318473288052965
mautoservicio_delta1	0.000256426243538355	0.000587214831007475	0.000912548459997918
Visa_mpagospesos_avg6	0.000255480352654731	0.00119557512955347	0.00212519674912267
cdescubierto_preacordado_tend6	0.000255310415431132	0.00384396697680876	0.000146987671409061
ctarjeta_visa_debitos_automaticos	0.000252028320024507	0.000272390824788508	0.000465460959462025
mplazo_fijo_dolares	0.000249943480524736	0.00220972597733599	0.000275601883891989
Master_msaldototal_avg6	0.000249055566346658	0.000664706267544481	0.000955419864158894
vmr_mconsumosdolares_tend6	0.00024801564241023	0.000377259213346918	0.000594075171944953
cplazo_fijo_avg6	0.000248014969795579	0.000305774949735473	0.000251103938657145
catm_trx	0.000247592339627051	0.00055501791601028	0.00028785085650941
Visa_mpagominimo_lag1	0.000245518526474445	0.000670883041891436	0.00165361130335193
Master_fultimo_cierre_avg6	0.000243978847557784	0.000905387097545606	0.000924797432615339
ccajas_consultas	0.000243881387741131	0.00156518039488321	0.000183734589261326
mextraccion_autoservicio	0.000238677702355883	0.000427078263128475	0.000845179110602098
Master_msaldototal_lag1	0.000238396844838277	0.000684270612154501	0.000581826199327531
Master_msaldopesos_delta1	0.00023765845790225	0.000608611965171287	0.000728813870736592
Master_mpagominimo_tend6	0.000237331987102387	0.000546619910144401	0.00085742808321952
ctransferencias_emitidas	0.000237067431706284	0.000836031058221996	0.000692066952884327
mplazo_fijo_dolares_tend6	0.000237053230505513	0.00052700632641204	0.000416465068992338
Master_mconsumospesos_lag1	0.000235757764516776	0.000277467925403189	0.000594075171944953
mtarjeta_master_consumo_avg6	0.000235213749058748	0.000280673939368925	0.000330722260670386
vm_fultimo_cierre_delta1	0.000235141748372376	0.000204654205488546	0.000410340582683627
Master_fultimo_cierre_tend6	0.000234590242775738	0.00335485836155825	0.0012983910974467
Visa_mpagosdolares_delta1	0.000234427241589165	0.000258412385057355	0.000330722260670386
Visa_mpagosdolares_tend6	0.000232277468981564	0.000719520352736817	0.00050220787731429
mplazo_fijo_dolares_lag1	0.000231511170282002	0.000490607672975108	0.000189859075570037
ccajas_transacciones	0.000230579770324707	0.000148538019060979	0.000134738698791639
vmr_mconsumototal_delta1	0.000222445962102314	0.000513657053244129	0.000673693493958194
Master_mpagospesos	0.000222335475239025	0.000500603214810261	0.000551203767783977
mprestamos_personales_delta1	0.000222319354112246	0.00106639355658596	0.000575701713018821
mv_status07	0.000220051729465112	0.000941785750982538	0.000538954795166556
Master_mpagominimo_delta1	0.000215142923122493	0.000202608046404612	0.000483834418388158
cpagomiscuentas_delta1	0.000214935826489283	0.000478620682191955	0.000391967123757495
vmr_mpagosdolares_avg6	0.000214451075258137	0.00046672669863989	0.000416465068992338
ctarjeta_master_transacciones	0.000213707291505637	0.000497730932673723	0.000257228424965856
ccajas_depositos_tend6	0.000212339711240521	0.00124606164299342	0.000447087500535893
cseguro_accidentes_personales_avg6	0.000207716015237318	0.000311935311041648	0.000379718151140073
mttarjeta_master_debitos_automaticos_tend6	0.000207248619913518	0.000365846678991073	0.00021435702080488
vmr_msaldodolares_tend6	0.000206635476480433	0.000597795771297123	0.000404216096374917
Visa_fultimo_cierre_delta1	0.000204360778102102	0.000240560467702071	0.00064307106241464
cplazo_fijo_tend6	0.000201925765181889	0.00111338409233972	0.000244979452348434
mcheques_depositados_avg6	0.00019083748589107	0.000494940715741086	0.000134738698791639
vm_status02	0.00019045127280802	0.000257454957678509	0.000116365239865506
vmr_msaldodolares2_delta1	0.000190310239710366	0.000534643861388435	0.000226605993422302
vmr_mconsumospesos_tend6	0.000186941856013934	0.000613678123758781	0.00132288904268155
Visa_status_avg6	0.000186287594439564	0.000589113272724387	0.000232730479731013
cplazo_fijo	0.000185995729989317	0.000138307223641309	4.89958904696869e-05
vm_mconsumototal_lag1	0.000184251719024262	0.000299603646402111	0.000557328254092688
Master_mconsumototal_lag1	0.000183275504867409	0.000222889093795369	0.000373593664831362
Visa_msaldodolares_avg6	0.000182320557231465	0.000568274181947103	0.000526705822549134
Visa_mpagosdolares_avg6	0.000181339391881385	0.000515845458681491	0.000563452740401399
vm_fechaalta_tend6	0.000180200597470251	0.000442386159162826	0.000508332363623001
mforex_sell_tend6	0.000178892927398034	0.000379551568042556	0.00042871404160976
vmr_msaldopesos_tend6	0.000177612379767481	0.00102510928801011	0.00181897243368712
cmobile_app_trx_lag1	0.00017737994292328	0.00108831590805474	0.000551203767783977
thomebanking_lag1	0.000176639185700517	0.000147312512016056	0.000373593664831362
catm_trx_delta1	0.000176498481329132	0.000399088557584609	0.000434838527918471
ccuenta_debitos_automaticos	0.00017408819489371	0.000415397649106553	0.000349095719596519
vmr_mpagosdolares_delta1	0.000171121797291295	0.000307230239351319	0.000134738698791639
mcajeros_propios_descuentos_avg6	0.000170207312060473	0.000494492092626427	0.000146987671409061
Master_mpagospesos_delta1	0.000169817096878349	0.000424085618692882	0.000508332363623001
mtarjeta_master_descuentos_tend6	0.000167240671054104	0.000231248802566094	6.12448630871086e-05
Master_mconsumosdolares_avg6	0.000166018012531702	0.000570632188805861	0.000306224315435543
Visa_status	0.000161058278164378	0.0022785841544226	0.000171485616643904
vm_mconsumospesos_lag1	0.000157409693121803	0.00042769648766453	0.00143925428254705
ccajas_otras_delta1	0.000157073357095926	0.000399405876373027	0.000110240753556795
Master_mconsumototal_delta1	0.000155495296363455	0.000361294795681359	0.000398091610066206
Master_msaldopesos_avg6	0.000155435194221336	0.00074850031174109	0.000649195548723351
Master_msaldopesos_lag1	0.000152165228245299	0.000993120271529468	0.000342971233287808
cforex_avg6	0.000151751959236331	0.000222041086688391	0.000263352911274567
mttarjeta_master_debitos_automaticos	0.000150829296491425	7.71139365990605e-05	0.000134738698791639
mcaja_ahorro_adicional_delta1	0.000149056586664248	0.000366891642587414	8.5742808321952e-05
Visa_msaldodolares_delta1	0.000148621060741819	0.000678482279772678	0.000391967123757495
vm_Fvencimiento_delta1	0.000148371938359934	0.000243624235314378	0.000318473288052965
matm_other_delta1	0.000148015057600264	0.000239231011398873	0.000257228424965856
Master_mconsumospesos	0.000146477668883626	0.00070768655033428	0.000587950685636242
ccallcenter_transacciones_lag1	0.00014504064842033	0.000694665537981973	0.00028785085650941
ccajas_consultas_lag1	0.000144649425017648	0.000355238383633458	0.000116365239865506
vmr_Master_mlimitecompra_delta1	0.000144502826885792	0.000280099482941618	0.000202108048187458
Master_mpagominimo	0.000142397548264224	0.000551970561438752	0.000575701713018821
ccajas_transacciones_delta1	0.000141805610012943	0.000162182726962934	0.000110240753556795
Visa_fultimo_cierre_tend6	0.000138939154817023	0.00590909953588462	0.00102278921355471
mplazo_fijo_dolares_avg6	0.000138492859796158	0.000680036047633205	0.000330722260670386
Master_cconsumos	0.00013477112468863	0.000333857662510427	0.000459336473153314
cproductos_delta1	0.000133997748946544	0.00106981841109543	0.000159236644026482
cforex_tend6	0.000128993304240005	0.000251879994826828	0.000293975342818121
vm_Finiciomora	0.000128464443709689	0.000304106290589484	7.96183220132411e-05
mtarjeta_master_consumo_delta1	0.00012759460028194	0.000182753738074141	0.000244979452348434
mttarjeta_master_debitos_automaticos_lag1	0.000127210476376811	0.000241818800828554	0.000189859075570037
vm_status04_avg6	0.00012696455201407	0.000497096295096888	0.000398091610066206
mcaja_ahorro_adicional_avg6	0.000123277630102065	0.00038566269022639	0.000171485616643904
mttarjeta_master_debitos_automaticos_delta1	0.000122768096686715	0.000245172532161312	0.000146987671409061
Visa_mconsumosdolares_delta1	0.000121801207936973	0.00019169884529936	0.000422589555301049
ctarjeta_visa_descuentos_tend6	0.000121585607080116	0.000635655185363494	0.000269477397583278
Visa_delinquency_tend6	0.000120556210057441	0.000512333067954524	0.000373593664831362
active_quarter	0.000119609158318286	0.00039867276055151	0.000581826199327531
matm_other	0.000119170114282211	0.000307066108943517	0.000361344692213941
mcheques_emitidos_tend6	0.000119122401305737	0.000285942525459375	7.34938357045303e-05
cpayroll_trx_delta1	0.000118839173062305	0.000932189593139704	0.000257228424965856
active_quarter_tend6	0.000116522332642861	0.00185045545668419	0.000587950685636242
Master_mpagosdolares	0.000115996054198254	8.76182826984004e-05	5.51203767783977e-05
vmr_msaldodolares2_avg6	0.000115652368336623	0.000615932181359264	0.000545079281475266
Master_fechaalta_tend6	0.000114189692269387	0.000504153902632382	0.000581826199327531
vm_status05_delta1	0.000108984897860478	0.00109122101627284	0.000116365239865506
vm_mpagosdolares_lag1	0.00010892631679286	0.00014715932363544	0.000122489726174217
ctarjeta_master_transacciones_avg6	0.000108507433856744	0.000284815496659134	0.000324597774361675
ctarjeta_visa_avg6	0.000108043200009803	0.00028379788813076	7.34938357045303e-05
cseguro_vida_tend6	0.000107654988425626	0.00047474173355423	0.000159236644026482
vm_status04_delta1	0.000107606667263188	0.00127740507987004	9.79917809393737e-05
ctarjeta_master_debitos_automaticos	0.000107233269711885	0.000106279910065509	7.96183220132411e-05
ccajeros_propios_descuentos_avg6	0.000107035368378837	0.000330099076171757	0.000244979452348434
Visa_mpagosdolares_lag1	0.000105803206515189	0.000755196832379419	0.000195983561878747
ctarjeta_master_debitos_automaticos_tend6	0.00010563664809941	0.00042342362604808	0.000251103938657145
thomebanking_delta1	0.000104980171766997	0.00112715463355433	0.000422589555301049
mforex_sell_avg6	0.000104388364400638	0.000395964608822774	0.000293975342818121
mcajeros_propios_descuentos_tend6	0.000104166377267041	0.000884695724135344	0.000116365239865506
Master_mpagosdolares_tend6	0.000102515354807723	0.000114995234719805	0.000159236644026482
tcallcenter	0.000101174117333646	0.000876314131310246	0.000177610102952615
Master_madelantopesos_avg6	0.000100500182544238	3.92818776006566e-06	2.44979452348434e-05
ctarjeta_visa_debitos_automaticos_delta1	9.96575816820911e-05	0.00031680451313978	0.000471585445770736
Master_cconsumos_delta1	9.66154423083633e-05	0.000160793089510208	0.000330722260670386
vm_mconsumosdolares_lag1	9.31767696391355e-05	0.000281664192829332	0.000220481507113591
mv_status07_lag1	9.26050759999402e-05	0.00109759474710915	0.000630822089797218
vmr_msaldodolares_avg6	9.15840715257489e-05	0.000443803151683518	0.000514456849931712
ccajeros_propios_descuentos_tend6	9.12537003316067e-05	0.000427368226848926	0.000244979452348434
Master_Fvencimiento_delta1	9.05460577255528e-05	0.000102214946965608	0.000189859075570037
Visa_fechaalta_delta1	9.02426562556684e-05	2.61733290308553e-05	0.000177610102952615
vm_mpagado_lag1	8.93247013765008e-05	0.000534239006382523	0.000489958904696869
Visa_Finiciomora_tend6	8.86200849529816e-05	0.000294953284847715	4.89958904696869e-05
Master_fechaalta_delta1	8.78582031012147e-05	6.42187575594021e-05	0.00021435702080488
cforex_sell_avg6	8.75136829067609e-05	0.000312810673216593	0.000318473288052965
mcaja_ahorro_adicional_tend6	8.73883540219322e-05	0.000480617602153549	0.00014086318510035
tcallcenter_delta1	8.6570076518482e-05	0.00159083397762269	0.000244979452348434
cplazo_fijo_delta1	8.55550759313934e-05	0.000199363735343722	7.96183220132411e-05
Visa_status_delta1	8.53838639365419e-05	0.000139292006088122	3.67469178522651e-05
Visa_delinquency_avg6	8.36048851138211e-05	0.000775215271117693	0.000251103938657145
vm_Finiciomora_tend6	8.27336593315507e-05	0.000228693839217973	0.000110240753556795
mpayroll_sobre_edad_delta1	7.92018464503364e-05	0.000342036827832569	0.000520581336240423
vmr_mpagosdolares_lag1	7.77666507016188e-05	0.000195780221440041	0.000165361130335193
cprestamos_personales_delta1	7.73861485186125e-05	0.00219260717580222	0.000220481507113591
vm_mpagosdolares_tend6	7.72818008170501e-05	0.00060858461010332	0.000275601883891989
ccuenta_debitos_automaticos_lag1	7.69003625764017e-05	0.000120181755606354	0.000257228424965856
mttarjeta_master_debitos_automaticos_avg6	7.6885265507441e-05	0.000270700281588146	0.000134738698791639
mv_status07_tend6	7.61337300260505e-05	0.00154893695552439	0.00056957722671011
Master_delinquency_avg6	7.56651097915197e-05	0.000633685620469867	0.000189859075570037
vm_msaldodolares_tend6	7.54977516656078e-05	0.000226735216351534	0.000202108048187458
vm_mpagado	7.5073713367064e-05	0.000182403593204163	0.000195983561878747
cseguro_vida	7.47692334030438e-05	0.000220301304365688	8.5742808321952e-05
Master_msaldodolares_tend6	7.4376203359782e-05	0.000108845815440817	9.18672946306629e-05
Master_mpagosdolares_avg6	7.3932811125473e-05	0.000171357616759076	0.000146987671409061
vm_mconsumosdolares	7.18876448553884e-05	0.000236522859670137	0.000269477397583278
ctarjeta_debito_tend6	7.10572176619745e-05	0.000681770358942315	0.000300099829126832
cliente_edad_delta1	7.01863467957009e-05	0.00021518043564226	0.000171485616643904
Master_delinquency_tend6	6.98649560700495e-05	0.000299565349306957	0.000110240753556795
vm_msaldodolares_delta1	6.85027660952223e-05	0.000113375814696157	0.000110240753556795
Master_mpagado	6.72608831918197e-05	0.00013940142635999	0.000220481507113591
cseguro_vida_avg6	6.68722632259893e-05	0.000839953774968468	0.000251103938657145
vm_status03_avg6	6.49931355190963e-05	5.11320930439744e-05	0.000183734589261326
active_quarter_delta1	6.4215468688945e-05	0.000468034270888714	0.000183734589261326
mextraccion_autoservicio_lag1	6.38102153968116e-05	0.000273709339064519	0.000618573117179797
mtarjeta_visa_descuentos_delta1	6.36790447347233e-05	9.58412161292899e-05	7.34938357045303e-05
mcheques_depositados	6.31574213442703e-05	0.000196540692329525	4.89958904696869e-05
matm_delta1	6.3008395868401e-05	0.000379130299995863	0.000606324144562375
Visa_msaldodolares	6.21957779598405e-05	0.000417837721169212	0.000281726370200699
Master_mconsumosdolares	6.19890442192089e-05	4.01681818027884e-05	0.00014086318510035
Master_fultimo_cierre_delta1	6.1817395110521e-05	0.000167878052113669	0.000532830308857845
vm_msaldodolares	6.05836629693083e-05	8.60699858514665e-05	9.79917809393737e-05
Visa_madelantopesos_avg6	5.91139075192947e-05	0.000434486015533947	7.96183220132411e-05
matm_other_lag1	5.90171733136718e-05	0.000492139556781262	0.000269477397583278
vmr_mpagosdolares_tend6	5.88724934696758e-05	0.000388950769396028	0.000244979452348434
ctarjeta_master_descuentos	5.85638682536166e-05	8.533687002995e-05	2.44979452348434e-05
ccajas_extracciones	5.80614485312732e-05	0.000154829684693396	4.89958904696869e-05
cinversion1_lag1	5.79573716562715e-05	1.03730417730982e-05	1.22489726174217e-05
vmr_mconsumosdolares	5.62021568231666e-05	0.000253887856815609	0.000324597774361675
ccheques_depositados_tend6	5.46548264394137e-05	0.000548069728746654	9.79917809393737e-05
cseguro_vivienda_avg6	5.46160161134498e-05	0.000125970087988178	0.000171485616643904
Visa_msaldodolares_lag1	5.40337075408168e-05	0.000422849169620772	0.000232730479731013
cforex_lag1	5.39675586454076e-05	2.19497065367457e-05	2.44979452348434e-05
vmr_msaldodolares2_lag1	5.31743939548704e-05	0.000426323263252585	0.000208232534496169
active_quarter_lag1	5.31629224136048e-05	0.00076697045363243	0.000832930137984677
vm_status05	5.20106731649287e-05	0.000160306169300395	0.000110240753556795
Visa_Fvencimiento_delta1	5.12054735537831e-05	0.000342846537844393	0.000232730479731013
mpayroll_avg6	5.09643878862811e-05	0.00153086072661177	0.00183122140630455
catm_trx_lag1	4.98544541808664e-05	0.000227025180071984	0.000300099829126832
ccajas_transacciones_lag1	4.97347396573686e-05	0.000117298531442629	0.000104116267248085
mforex_sell_delta1	4.9425099603921e-05	0.000349614181659437	7.96183220132411e-05
vmr_msaldodolares_lag1	4.88446366498684e-05	0.000110809909320849	0.000122489726174217
cforex_sell_delta1	4.85636976984484e-05	0.0001031340772493	4.89958904696869e-05
tcallcenter_lag1	4.84289724797433e-05	0.000255069595751784	0.000171485616643904
ccuenta_debitos_automaticos_delta1	4.83154985137685e-05	0.000318757664992626	0.00014086318510035
mcheques_emitidos	4.79635448263018e-05	0.000686491843673424	5.51203767783977e-05
Master_mpagosdolares_lag1	4.76775729933863e-05	0.000104430707470938	7.34938357045303e-05
catm_trx_other	4.69088067291592e-05	8.12007837533349e-05	0.000208232534496169
Master_mpagado_lag1	4.61767779803801e-05	0.000112806829282443	0.000177610102952615
cseguro_auto_avg6	4.5702478060983e-05	2.01880401596689e-05	3.06224315435543e-05
minversion1_pesos	4.54124872689838e-05	0.000215864312341435	5.51203767783977e-05
tcuentas_tend6	4.50542552725584e-05	0.000741880385293069	0.00014086318510035
vm_msaldodolares_lag1	4.50427737545563e-05	4.98409338359306e-05	8.5742808321952e-05
catm_trx_other_delta1	4.50003825783483e-05	0.000449963512989694	0.000208232534496169
mcaja_ahorro_adicional	4.48234107002374e-05	0.000125056428718079	4.2871404160976e-05
cplazo_fijo_lag1	4.48149782146015e-05	9.2919694870411e-05	9.79917809393737e-05
mcheques_depositados_delta1	4.27090173234808e-05	0.000204873046032282	5.51203767783977e-05
vmr_msaldodolares_delta1	4.22374054128729e-05	0.000124394436073277	0.000153112157717771
mprestamos_prendarios_delta1	4.2200280627189e-05	0.000452436411133913	7.96183220132411e-05
ctarjeta_master_transacciones_delta1	4.21496517016287e-05	0.000303477124026242	0.000153112157717771
ctarjeta_master_debitos_automaticos_delta1	4.20553613424128e-05	0.000222041086688391	4.2871404160976e-05
vmr_mconsumosdolares_lag1	4.19468295202693e-05	0.000370409504327974	0.000293975342818121
Master_msaldodolares_avg6	4.15114367117143e-05	0.000260753978875333	0.000116365239865506
cforex_delta1	4.149099096303e-05	6.87542278283358e-05	5.51203767783977e-05
vmr_madelantopesos_delta1	4.1431062049751e-05	0.000109617228357487	6.12448630871086e-06
vm_status02_lag1	4.09720831397402e-05	1.02690925148235e-05	2.44979452348434e-05
cmobile_app_trx_delta1	4.0745720309562e-05	0.000436647065903343	0.000312348801744254
Master_mpagado_delta1	4.0405672243379e-05	0.000198729097766887	0.000226605993422302
cseguro_accidentes_personales_tend6	4.03149354533895e-05	0.000812976206939382	0.00014086318510035
Visa_Finiciomora_lag1	3.94006928673385e-05	0.00047424387131723	5.51203767783977e-05
ccajas_depositos_avg6	3.91581860500741e-05	0.000501587997257075	0.000202108048187458
vm_mpagosdolares	3.89112007150353e-05	0.000164737690311054	7.96183220132411e-05
vmr_madelantopesos_tend6	3.68823881073657e-05	0.000108687156046608	1.22489726174217e-05
ccajas_otras	3.61708436504933e-05	7.11778868502148e-05	4.89958904696869e-05
vm_status01_tend6	3.56783459994982e-05	0.0026878050291822	0.000336846746979097
vm_Finiciomora_avg6	3.51997754430588e-05	0.001231306319332	0.00014086318510035
vmr_Visa_mlimitecompra_delta1	3.49146058054317e-05	0.000192169352468393	0.00014086318510035
ccajeros_propios_descuentos_delta1	3.46250044796057e-05	8.23442255943568e-05	2.44979452348434e-05
ccaja_seguridad_tend6	3.44335471095583e-05	7.37656762798959e-05	1.83734589261326e-05
ctarjeta_master_debitos_automaticos_lag1	3.43820706048233e-05	4.46981810581287e-05	6.73693493958194e-05
tcuentas_lag1	3.39962561505055e-05	4.48732534931177e-05	4.89958904696869e-05
ccheques_depositados_lag1	3.2602247917659e-05	8.52274497580819e-05	3.06224315435543e-05
cseguro_vida_lag1	3.25754320939941e-05	0.000172752725225394	7.96183220132411e-05
vm_fechaalta_delta1	3.25117052545733e-05	6.96241189896874e-05	0.000146987671409061
ctarjeta_visa_descuentos_delta1	3.22073515243063e-05	0.000301863175016188	4.2871404160976e-05
Visa_status_lag1	3.16022862678536e-05	0.00124328783910156	4.89958904696869e-05
vmr_mpagado	3.15096733094214e-05	0.000508530713507107	0.000349095719596519
vm_status01_lag1	3.14283550639614e-05	0.00212155512226465	9.79917809393737e-05
Master_msaldodolares_delta1	3.11966216457037e-05	8.2453645866225e-05	9.79917809393737e-05
mcaja_ahorro_adicional_lag1	3.07655506279844e-05	8.69179929584444e-05	6.12448630871086e-05
mforex_sell_lag1	3.05641215565335e-05	7.1166944823028e-05	6.12448630871086e-05
mcheques_depositados_tend6	3.04510977002784e-05	0.000225361991939589	7.96183220132411e-05
cforex_sell_lag1	3.03733318571218e-05	3.10480021425802e-05	1.83734589261326e-05
ccaja_ahorro_tend6	2.99943678251614e-05	0.00106238877463558	0.000104116267248085
cseguro_vivienda_lag1	2.9328920637269e-05	5.57441575032159e-05	9.18672946306629e-05
Master_Finiciomora	2.91853987165105e-05	0.000170017218428691	6.73693493958194e-05
Visa_mpagado	2.88198348006389e-05	0.000274283795491827	0.000367469178522651
ccajas_depositos_delta1	2.86569850867123e-05	0.000509236474260656	7.34938357045303e-05
Master_Finiciomora_tend6	2.84578066760734e-05	0.00014116856375066	3.67469178522651e-05
mcajeros_propios_descuentos_lag1	2.79011353604085e-05	0.00015091790997411	5.51203767783977e-05
mtarjeta_visa_descuentos	2.75266584224142e-05	0.00107000442555761	6.12448630871086e-05
vm_status03_tend6	2.69271405509741e-05	0.000939865425211252	0.000195983561878747
mforex_buy_delta1	2.69169449478801e-05	8.10257113183459e-05	1.22489726174217e-05
catm_trx_other_lag1	2.6697950662503e-05	0.000162549284873692	0.000177610102952615
vmr_mpagosdolares	2.66753496917303e-05	8.83623405471037e-05	9.18672946306629e-05
Visa_delinquency_lag1	2.66099263510775e-05	0.000346741899522899	0.000110240753556795
ctarjeta_master_tend6	2.6597312320677e-05	0.000167079284129032	5.51203767783977e-05
Master_mconsumosdolares_tend6	2.64403688377265e-05	0.000129307406280156	0.00014086318510035
ccajas_depositos	2.64269446052313e-05	9.13713980234771e-05	2.44979452348434e-05
vmr_msaldodolares2	2.539859245478e-05	0.000452080795250342	0.000153112157717771
Master_Finiciomora_avg6	2.52948393554496e-05	0.00104365602409176	9.79917809393737e-05
ccheques_depositados_avg6	2.52239674036638e-05	0.000248159705583312	7.34938357045303e-05
mtarjeta_master_descuentos_delta1	2.50460750911306e-05	0.000174700406064647	5.51203767783977e-05
ccheques_depositados_delta1	2.34043762150187e-05	0.000152608453174473	4.2871404160976e-05
mtarjeta_master_consumo_lag1	2.31798221036838e-05	0.000194822794061195	0.000202108048187458
ccheques_emitidos_rechazados_avg6	2.30794102347943e-05	0.000136151644285507	2.44979452348434e-05
cforex_buy_tend6	2.26368548968215e-05	0.000220859347752215	6.73693493958194e-05
Visa_delinquency	2.23907277467197e-05	5.38949549086446e-05	4.89958904696869e-05
ctarjeta_master_descuentos_tend6	2.23892332194602e-05	0.000176883340488416	0.000110240753556795
mcajeros_propios_descuentos	2.19166182027378e-05	0.000242010286304324	7.96183220132411e-05
cinversion1_tend6	2.10983639007872e-05	0.000304357957214781	2.44979452348434e-05
Visa_status_tend6	2.09527762620951e-05	0.000484616913090328	0.000195983561878747
tcuentas_avg6	2.05564911244376e-05	0.000658699094618921	0.00028785085650941
minversion2	2.01815349526869e-05	0.000627481491054945	4.2871404160976e-05
cforex	1.97484883367254e-05	6.59202427869514e-05	1.22489726174217e-05
cseguro_vivienda_tend6	1.92421679099875e-05	0.000423303263749025	7.96183220132411e-05
ccajeros_propios_descuentos	1.88357303336604e-05	7.00727421043467e-05	3.67469178522651e-05
vm_mpagosdolares_avg6	1.81080486070392e-05	0.000200146090287579	0.000269477397583278
vm_mpagosdolares_delta1	1.79560707575973e-05	0.000145764215169122	6.12448630871086e-05
mforex_buy	1.79487678637271e-05	7.04994811646324e-05	1.83734589261326e-05
vm_madelantopesos_avg6	1.78787881716556e-05	5.76644832745014e-05	1.22489726174217e-05
ccajas_otras_lag1	1.78293582893838e-05	0.000179706383502614	3.06224315435543e-05
vm_status06_avg6	1.78202270575333e-05	0.000102477555618092	0.000153112157717771
minversion2_lag1	1.71917876198414e-05	0.000132611898490573	3.67469178522651e-05
vmr_mconsumosdolares_delta1	1.62963596068817e-05	0.000121051646767706	0.000177610102952615
minversion2_tend6	1.59115186850694e-05	0.000207428009380403	3.67469178522651e-05
Visa_cadelantosefectivo_tend6	1.59066846128799e-05	0.000176959934678724	5.51203767783977e-05
cseguro_accidentes_personales	1.56124209126232e-05	0.000181785368668108	0.00014086318510035
ccajas_extracciones_delta1	1.54511472532604e-05	0.000249270321342774	6.12448630871086e-05
Master_cadelantosefectivo_avg6	1.52896970837874e-05	1.32234398552628e-05	6.12448630871086e-06
minversion2_delta1	1.51577120340733e-05	9.99390053107512e-05	6.12448630871086e-05
Visa_delinquency_delta1	1.49314125120386e-05	0.000177299137521515	8.5742808321952e-05
mprestamos_prendarios_tend6	1.47170782862654e-05	0.00111117380284799	8.5742808321952e-05
ctarjeta_master_debitos_automaticos_avg6	1.47130485214143e-05	0.000191731671380921	9.18672946306629e-05
tcuentas	1.4596757248103e-05	0.00050601404725414	0.00014086318510035
Master_delinquency_lag1	1.44893528067528e-05	4.02557180202829e-05	2.44979452348434e-05
mpagodeservicios_tend6	1.35586723869004e-05	7.16593360464345e-05	3.67469178522651e-05
vm_status06	1.29952808432283e-05	0.000245604742235191	0.00014086318510035
mtarjeta_visa_descuentos_lag1	1.20183973292874e-05	0.000115323495535409	4.89958904696869e-05
cseguro_accidentes_personales_lag1	1.14538334953787e-05	6.21343013803143e-05	0.000104116267248085
ctarjeta_master_descuentos_avg6	1.14415529160461e-05	9.22686442527957e-05	6.12448630871086e-05
Master_mconsumosdolares_lag1	1.12729552414213e-05	2.14299602453721e-05	8.5742808321952e-05
mcheques_depositados_lag1	1.12207459763756e-05	8.11734286853679e-05	3.67469178522651e-05
cseguro_vivienda	1.10059621025785e-05	0.000216520833972644	8.5742808321952e-05
Master_msaldodolares	1.06260184661664e-05	0.000223977825500457	6.73693493958194e-05
mtarjeta_master_descuentos_avg6	1.04360774913948e-05	2.31150324321412e-05	3.67469178522651e-05
Visa_mpagosdolares	1.02073956219246e-05	0.000577864868776344	0.000269477397583278
minversion1_pesos_tend6	9.9872865351591e-06	0.000354910122817854	6.12448630871086e-05
Master_mpagosdolares_delta1	9.9524937122159e-06	0.000142027512884825	0.000104116267248085
mcajeros_propios_descuentos_delta1	9.88345478389263e-06	0.00018294522354991	5.51203767783977e-05
cpagodeservicios_tend6	9.79583344902048e-06	0.000107844619953223	3.06224315435543e-05
cseguro_auto_tend6	9.17796079611191e-06	2.9926444355932e-06	6.12448630871086e-06
Visa_cadelantosefectivo_avg6	9.17521673926935e-06	0.000184154317554053	3.67469178522651e-05
cliente_vip_lag1	8.86887978012155e-06	1.72829319415702e-05	1.22489726174217e-05
cpayroll2_trx	8.73883999249007e-06	3.68965156739315e-05	6.12448630871086e-06
ccheques_emitidos_avg6	8.65701331845987e-06	0.000766450707341056	4.2871404160976e-05
minversion2_avg6	8.41931024193331e-06	0.000349258565775865	3.06224315435543e-05
ctarjeta_visa_descuentos	8.36396910986868e-06	0.000105929765195531	4.89958904696869e-05
Visa_madelantopesos_delta1	7.53540952092954e-06	0.000103166903330861	3.06224315435543e-05
cinversion2	7.41423557959061e-06	0.000167976530358351	1.22489726174217e-05
Master_delinquency_delta1	7.23754667698068e-06	3.0358654429811e-05	1.83734589261326e-05
cforex_buy_avg6	7.22691886808316e-06	0.000173781275780955	3.06224315435543e-05
cseguro_vivienda_delta1	7.13446058173595e-06	0.000169169211321713	1.22489726174217e-05
ccheques_emitidos_tend6	7.04291394230868e-06	8.59496235524115e-05	3.06224315435543e-05
cpagodeservicios	6.6953737520975e-06	4.12514424942828e-06	6.12448630871086e-06
cinversion2_avg6	6.55713924772145e-06	0.000293629299558111	3.06224315435543e-05
cprestamos_prendarios	6.44828028692206e-06	2.13916631502183e-05	1.22489726174217e-05
cseguro_auto_lag1	6.26530078030792e-06	4.23620582537443e-05	2.44979452348434e-05
cinversion1_avg6	5.82009575613871e-06	0.000549442953158599	6.12448630871086e-05
mcheques_depositados_rechazados_avg6	4.98117842785304e-06	4.8500535505546e-05	1.22489726174217e-05
cprestamos_prendarios_avg6	4.62058017502039e-06	0.000188514715387998	3.67469178522651e-05
mforex_buy_tend6	4.56501628471707e-06	0.000153040663248352	3.06224315435543e-05
ccajeros_propios_descuentos_lag1	4.25048535843525e-06	3.69074577011183e-05	3.67469178522651e-05
vmr_msaldodolares	4.19009474396744e-06	0.000100480635656498	0.000116365239865506
cseguro_vida_delta1	4.16076592713959e-06	5.57113314216554e-05	6.12448630871086e-06
Visa_madelantopesos_tend6	4.03543782111705e-06	0.000128689181744101	7.34938357045303e-05
ctarjeta_debito_delta1	3.94453484387989e-06	0.000150310627465242	3.06224315435543e-05
minversion1_pesos_lag1	3.86294176591212e-06	0.000195238591094294	3.06224315435543e-05
mcheques_emitidos_avg6	3.76993242385435e-06	0.000363362838819667	3.67469178522651e-05
Visa_madelantopesos	3.76444819892671e-06	8.78973043916641e-05	4.2871404160976e-05
vm_madelantopesos_tend6	3.44658668599562e-06	8.55064714513456e-05	1.22489726174217e-05
mcheques_emitidos_rechazados_tend6	3.41368772314052e-06	1.80871709398009e-05	1.22489726174217e-05
mforex_buy_avg6	3.346853200598e-06	0.000104014910437839	1.83734589261326e-05
cforex_buy_delta1	3.33484749102403e-06	0.000146010410780825	1.83734589261326e-05
Master_mconsumosdolares_delta1	3.28987949109048e-06	2.18402862648776e-05	2.44979452348434e-05
ccajas_extracciones_lag1	2.89040862684115e-06	0.000201716271188887	1.83734589261326e-05
tcuentas_delta1	2.67509115829471e-06	1.47170265662627e-05	6.12448630871086e-06
mcheques_emitidos_lag1	2.46255567571842e-06	0.000117665089353387	2.44979452348434e-05
Master_status_delta1	2.21314385020419e-06	0.000174290080045142	4.2871404160976e-05
Master_madelantopesos_tend6	2.17247910989587e-06	2.33229309486907e-05	2.44979452348434e-05
vm_cadelantosefectivo_delta1	1.9586779072208e-06	5.4250570792216e-05	1.22489726174217e-05
mprestamos_prendarios_avg6	1.93479106324777e-06	0.000292108357779144	1.83734589261326e-05
mpagodeservicios_avg6	1.93438065295686e-06	0.000186255186773921	3.67469178522651e-05
cseguro_accidentes_personales_delta1	1.75208165087033e-06	0.000122534291451519	1.83734589261326e-05
vm_cadelantosefectivo_avg6	1.7508874258084e-06	3.75311532507666e-05	6.12448630871086e-06
minversion1_pesos_delta1	1.48761128589765e-06	9.7323860813103e-05	1.22489726174217e-05
cforex_buy	1.48354917175374e-06	7.63206396280166e-05	1.22489726174217e-05
mcheques_emitidos_delta1	1.40662595315067e-06	6.91536118206545e-05	3.06224315435543e-05
vm_status04_lag1	1.36138308762282e-06	0.000282293359392574	5.51203767783977e-05
cinversion2_lag1	1.33850759920678e-06	0.000191261164211888	2.44979452348434e-05
mforex_sell	1.32508330030323e-06	8.26998414779282e-05	3.67469178522651e-05
ctarjeta_visa_descuentos_lag1	1.29275716311269e-06	5.33697376036776e-05	3.67469178522651e-05
mtarjeta_master_descuentos	1.22913583721921e-06	5.44201722136115e-05	2.44979452348434e-05
mplazo_fijo_pesos_delta1	1.12036187408663e-06	2.36347787235148e-06	6.12448630871086e-06
cpagodeservicios_avg6	1.09358541496334e-06	4.0567565795107e-05	1.83734589261326e-05
Visa_madelantopesos_lag1	1.02623872051422e-06	9.88612156328502e-06	3.67469178522651e-05
mpagodeservicios_delta1	1.00429813727836e-06	5.27898101627765e-05	1.83734589261326e-05
vm_status02_delta1	9.9293383115953e-07	0.000186271599814701	6.73693493958194e-05
Visa_Finiciomora_delta1	9.5537167005271e-07	8.64474857894115e-05	6.12448630871086e-06
Master_cadelantosefectivo_delta1	9.23566777301228e-07	5.88133961291167e-06	6.12448630871086e-06
Master_madelantopesos_lag1	8.85042337736259e-07	1.44434758865924e-05	4.2871404160976e-05
Master_madelantopesos_delta1	8.78048365962358e-07	5.08804264186777e-07	6.12448630871086e-06
cinversion1	8.76836816008154e-07	0.000969381543547679	4.2871404160976e-05
ccaja_seguridad_delta1	8.10831694891473e-07	3.07142703133825e-05	6.12448630871086e-06
ctarjeta_visa_tend6	7.36585932145617e-07	0.000122047371241706	7.96183220132411e-05
mcheques_emitidos_rechazados_delta1	7.08255346542814e-07	1.49960482595264e-05	6.12448630871086e-06
Master_madelantodolares_avg6	6.69076954863632e-07	1.38416643913177e-05	1.83734589261326e-05
ccheques_emitidos	6.01353585960857e-07	0.000227730940825533	1.22489726174217e-05
Visa_madelantodolares	5.95929132730179e-07	7.95813637296867e-05	0.000116365239865506
Master_delinquency	5.29127927111365e-07	2.30165541874599e-05	6.12448630871086e-05
mcheques_emitidos_rechazados_avg6	4.8286262074415e-07	0.000100743244308982	1.83734589261326e-05
Visa_madelantodolares_lag1	4.72550184557669e-07	1.2309780585164e-06	1.22489726174217e-05
cpagodeservicios_delta1	4.48436573786763e-07	0.000128371862955683	1.83734589261326e-05
ctarjeta_master_transacciones_lag1	4.26643221788113e-07	5.70134326568861e-05	0.000116365239865506
Master_cadelantosefectivo_lag1	3.67073959130685e-07	1.076148373823e-05	1.22489726174217e-05
ctarjeta_visa	3.49670301861412e-07	8.91282824501805e-05	9.79917809393737e-05
ctarjeta_master_descuentos_delta1	2.97710463693007e-07	1.19705777423728e-05	1.83734589261326e-05
Visa_Finiciomora	2.60850683329537e-07	0.0002407027140555	5.51203767783977e-05
cprestamos_prendarios_tend6	2.54553602140389e-07	0.000305337268648	3.06224315435543e-05
cinversion2_tend6	2.51170371682915e-07	0.000144401932784363	6.12448630871086e-06
mcheques_depositados_rechazados_tend6	2.44273681558082e-07	6.78788656533908e-05	6.12448630871086e-06
Master_status	2.41991137556082e-07	0.000266821332950421	4.2871404160976e-05
vm_status03_delta1	2.39326304842429e-07	3.92654645598764e-05	1.22489726174217e-05
minversion1_pesos_avg6	2.34989499043759e-07	0.000270361078745355	3.06224315435543e-05
ccheques_depositados_rechazados_avg6	1.94322021658693e-07	3.05282558512066e-06	6.12448630871086e-06
vm_status05_lag1	1.83637064931434e-07	9.80952737297733e-06	4.89958904696869e-05
cpayroll2_trx_avg6	1.66434967628398e-07	5.33970926716446e-06	6.12448630871086e-06
Master_status_lag1	1.51040317585017e-07	1.20909400414277e-05	1.83734589261326e-05
mprestamos_hipotecarios	1.36623137120807e-07	4.4769304234843e-05	1.83734589261326e-05
cprestamos_prendarios_lag1	1.18702202344935e-07	0.000198663445603766	1.83734589261326e-05
Master_cadelantosefectivo_tend6	9.23762909681805e-08	6.44485401303251e-06	1.22489726174217e-05
mtarjeta_master_descuentos_lag1	7.57116855323469e-08	1.46240193351748e-05	1.22489726174217e-05
ctarjeta_master_avg6	7.11817766782999e-08	7.54890455618189e-05	6.73693493958194e-05
ctarjeta_master	6.79290804938e-08	5.21934696810952e-05	7.34938357045303e-05
mprestamos_prendarios_lag1	6.22917417588079e-08	0.000241167750210939	2.44979452348434e-05
ccheques_emitidos_delta1	5.59930508110576e-08	6.38850257302043e-05	1.22489726174217e-05
Master_madelantodolares_lag1	3.90338367926402e-08	1.49358671099989e-06	1.22489726174217e-05
vm_status03	3.58578749093864e-08	3.95061891579862e-05	5.51203767783977e-05
Visa_madelantodolares_tend6	3.34710967155569e-08	3.02547051715363e-06	1.83734589261326e-05
cprestamos_hipotecarios_lag1	3.14123108327743e-08	9.59396943739712e-05	6.12448630871086e-06
Master_msaldodolares_lag1	2.5613896874992e-08	3.12011905231956e-05	4.2871404160976e-05
cseguro_auto_delta1	2.44309119814447e-08	0.000166171095872527	6.12448630871086e-06
cinversion1_delta1	2.32470063658328e-08	9.68369406032899e-06	1.83734589261326e-05
vm_Finiciomora_delta1	2.09827201154721e-08	0.000247782205645367	1.22489726174217e-05
ccheques_emitidos_lag1	1.696777912004e-08	0.000118234074767102	1.22489726174217e-05
mprestamos_hipotecarios_lag1	1.14108228448237e-08	4.86920209813153e-07	6.12448630871086e-06
mprestamos_prendarios	8.55262610992991e-09	2.05983661791744e-05	6.12448630871086e-06
ctarjeta_master_lag1	6.98965052837021e-09	1.78902144504383e-06	6.12448630871086e-06
Visa_cadelantosefectivo_lag1	6.5477395928069e-09	3.33184727838438e-06	1.22489726174217e-05
Master_Finiciomora_lag1	5.74459910691836e-09	2.30931483777676e-05	2.44979452348434e-05
Master_madelantopesos	3.26668982827401e-09	2.92699227247232e-06	1.83734589261326e-05
vmr_madelantopesos	1.7668634712042e-10	3.24704656768658e-05	1.22489726174217e-05
mpagodeservicios_lag1	1.76124243824804e-10	5.25107884695128e-05	1.22489726174217e-05
Visa_cadelantosefectivo_delta1	1.49616937920565e-10	4.48623114659309e-07	6.12448630871086e-06
vm_status06_lag1	1.07333578328889e-10	2.59326044327454e-06	6.12448630871086e-06
Master_madelantodolares	1.35067533823247e-11	1.66865914598889e-06	1.83734589261326e-05
ccajas_depositos_lag1	8.94171599726077e-12	2.17746341017567e-06	6.12448630871086e-06
mpayroll2_delta1	4.54455673624024e-12	9.23507094566968e-06	6.12448630871086e-06
minversion1_dolares_lag1	2.7279953412692e-12	2.71909375592289e-06	6.12448630871086e-06
ctarjeta_visa_lag1	2.47599580735673e-12	5.77191934104355e-06	1.83734589261326e-05
Master_cadelantosefectivo	1.22294507304263e-12	1.4115215070988e-06	6.12448630871086e-06
vm_cadelantosefectivo_tend6	8.99833835191377e-13	2.74043070893717e-05	6.12448630871086e-06
mplazo_fijo_pesos_lag1	6.30162191078749e-13	2.86681112294485e-06	1.22489726174217e-05
vm_Finiciomora_lag1	5.31791990572885e-13	2.12767718647567e-05	1.83734589261326e-05
Visa_madelantodolares_delta1	2.34396650461047e-13	1.3239852896043e-06	6.12448630871086e-06
vm_status03_lag1	2.98508963161722e-14	4.70507169032934e-07	6.12448630871086e-06
ctarjeta_visa_delta1	4.92996414752286e-15	3.20327845893933e-05	6.12448630871086e-06
Visa_madelantodolares_avg6	1.26331530018288e-15	1.15876067908343e-05	1.22489726174217e-05
