Feature	Gain	Cover	Frequency
ctrx_quarter_normalizado	0.0819639127177729	0.00408801425578041	0.00534375140329606
ctrx_quarter	0.0460197704463701	0.00506882712621995	0.00621491759845525
ctrx_quarter_normalizado_lag1	0.0405535366512586	0.00220284561550319	0.00313440208361399
mpasivos_margen	0.0218435380560448	0.00385762731816502	0.00665499124343257
mpayroll_sobre_edad	0.0161139168945286	0.00300729824688262	0.00167946472675019
mprestamos_personales_lag1	0.01501424605899	0.00341939420347367	0.00112263684943195
mcuentas_saldo	0.0136554690858648	0.00850916642000802	0.00625982307243253
cpayroll_trx	0.0129505731427338	0.00253526442862484	0.0014549373568638
mtarjeta_visa_consumo	0.0127454365520672	0.00245868806717604	0.00326911850554583
mprestamos_personales	0.0106477645237088	0.00779815028777836	0.00204768961336387
mcaja_ahorro	0.00863788875795626	0.00389875143587604	0.00618797431406889
mcaja_ahorro_lag1	0.00779588274806526	0.00217158684100533	0.00528088373972787
ccomisiones_mantenimiento_tend6	0.00773421375436155	0.00463819063585024	0.00189501100184112
mpayroll	0.00686598061516709	0.00277766202329865	0.0017782567695002
mcomisiones_otras_avg6	0.00656792886005711	0.00377106451078976	0.00453545287170506
mrentabilidad	0.00595155277798506	0.00305635359463772	0.00389779514122772
numero_de_cliente	0.00568710729296097	0.00567590259543676	0.00801113655754637
mcuenta_corriente_avg6	0.00563429219863544	0.00495622877037203	0.00589159818581885
vm_status01_avg6	0.00557803602023751	0.000858791833260819	0.000305357223045489
mcuentas_saldo_tend6	0.00531696865264644	0.00287074473061803	0.00489469666352328
mcomisiones_avg6	0.00527524985807527	0.00313042670621155	0.00433786878620504
mrentabilidad_annual	0.00507574868267719	0.00331853160612962	0.00445462301854596
mrentabilidad_annual_avg6	0.00505602986211213	0.00489814106346603	0.00624186088284162
mrentabilidad_annual_tend6	0.00493396733506558	0.00439637921514617	0.00648435044231892
cliente_edad_lag1	0.00472639898112662	0.00421623793142238	0.00619695540886434
cliente_edad_avg6	0.00451765877471524	0.00459563630890904	0.00642148277875073
mcomisiones_otras_tend6	0.00444147875328477	0.00191108646279158	0.00350262697022767
mrentabilidad_annual_lag1	0.00431730970989983	0.00244172171518152	0.00443666082895505
mcomisiones_mantenimiento_tend6	0.00431047001722415	0.00398685189468593	0.00368224886613678
cliente_edad	0.00429656559709621	0.00484370301475655	0.00669989671740985
mactivos_margen	0.00411098201363118	0.00453636244006585	0.00409537922672774
chomebanking_transacciones_avg6	0.0039848157533221	0.00323766200767962	0.00599937132336432
mtransferencias_recibidas_avg6	0.00381348776930783	0.00418956003205594	0.0062867663568189
cliente_antiguedad	0.00381158332927632	0.00359605267139557	0.00526292155013696
Master_Fvencimiento	0.00377673965015477	0.00297304920234588	0.00559522205756882
mcaja_ahorro_avg6	0.00368502544288273	0.00613326686905356	0.00574790066909156
Master_Fvencimiento_avg6	0.00366414957892034	0.00351850196264122	0.00519107279177332
ctransferencias_recibidas_avg6	0.00364149620189594	0.00357056753398746	0.00570299519511428
mcuenta_corriente_tend6	0.00361642499949151	0.00381452994762474	0.00478692352597782
mrentabilidad_tend6	0.00359815952583915	0.00360763386661389	0.00532578921370515
mactivos_margen_tend6	0.00347853190860795	0.00336608399093324	0.00471507476761417
ctrx_quarter_tend6	0.00347530937243928	0.0030857241491367	0.00495756432709147
Visa_Fvencimiento_lag1	0.00341266874332292	0.0023924725109918	0.00462526381965962
ctrx_quarter_delta1	0.00338471386530701	0.00173114103085763	0.00368224886613678
mcuentas_saldo_lag1	0.00336515751124022	0.00308422133967408	0.00452647177690961
Visa_fechaalta_avg6	0.0033480540058891	0.00165612058601822	0.0029098747137276
cliente_antiguedad_lag1	0.00333791597679031	0.0032842349800452	0.00462526381965962
mactivos_margen_avg6	0.00328372055911126	0.00443640205026151	0.00437379316538686
ctarjeta_visa_transacciones	0.00327427126388694	0.00483757067419279	0.00322421303156855
ctrx_quarter_normalizado_tend6	0.00325478986710606	0.00275459111222466	0.0044456419237505
mrentabilidad_annual_delta1	0.00324706123318041	0.00341860481024864	0.00492163994790965
mcuentas_saldo_avg6	0.00324631630354594	0.00279556818760443	0.00474201805200054
ccomisiones_mantenimiento_avg6	0.00319472084047072	0.00585085733697372	0.00295478018770488
vm_Fvencimiento_avg6	0.0031850650095178	0.00312242149453526	0.00409537922672774
mcomisiones_mantenimiento	0.00316628079858558	0.00425939608355262	0.00264044186986394
Visa_fechaalta_lag1	0.00315679915170885	0.00205158633122583	0.00361040010777314
Master_Fvencimiento_lag1	0.0031480875602925	0.00413419567805518	0.00505635636984148
cpayroll_trx_avg6	0.00312792844822882	0.00243100312737612	0.00152678611522745
thomebanking_avg6	0.00309890141126267	0.00199837297015828	0.00382594638286407
mrentabilidad_avg6	0.00308023944205862	0.00323545944248827	0.00381696528806862
mpasivos_margen_avg6	0.00307831801417789	0.0030672333457498	0.00583771161704612
Visa_Fvencimiento_avg6	0.00307826354484474	0.00293363142033049	0.00467016929363689
Master_fechaalta_avg6	0.00302990265873756	0.00333720966592999	0.00452647177690961
azar	0.00301712141555384	0.00388474465614769	0.00587363599622794
mcuentas_saldo_delta1	0.00300629875867247	0.00345134030110232	0.0037181732453186
vm_fechaalta_avg6	0.00295950541916925	0.00217844564436008	0.00310745879922763
cliente_antiguedad_avg6	0.002949038275972	0.00382780504594074	0.00457137725088688
mcomisiones_tend6	0.00294853720380504	0.00206575350681655	0.00399658718397773
mcuenta_corriente	0.00294238442904756	0.0038800231852173	0.00379002200368225
vm_Fvencimiento_lag1	0.00294192280988761	0.00322341808765715	0.00394270061520499
mactivos_margen_lag1	0.00293468691996245	0.00226093562474214	0.0035565135390004
mpasivos_margen_lag1	0.00288356544839135	0.00223242997998903	0.00447258520813687
vm_msaldopesos	0.00285581813388728	0.00375916559362398	0.00247878216354574
mcomisiones_mantenimiento_avg6	0.00284610508744511	0.00439054264762238	0.00344874040145494
ccomisiones_otras_avg6	0.00283492658387265	0.00312563539784827	0.0049126588531142
Master_fechaalta	0.00280901861487589	0.00213875634054514	0.00450850958731869
chomebanking_transacciones_tend6	0.00278873683566981	0.00283903423839487	0.00408639813193228
mcaja_ahorro_dolares_avg6	0.00270200287289444	0.00273307811311528	0.00396964389959136
cmobile_app_trx_avg6	0.00270171508864669	0.00179006571253634	0.00385288966725044
vm_Fvencimiento	0.00266502978128582	0.00251926812624769	0.00357447572859132
mprestamos_personales_tend6	0.00261400938038048	0.00458082754986886	0.00147289954645471
Visa_fechaalta	0.00261141120995695	0.00236158103534432	0.00373613543490952
Visa_Fvencimiento	0.00259887550281252	0.00235065677246182	0.00384390857245498
mcuenta_corriente_lag1	0.00255718337893892	0.00321839562506542	0.00362836229736405
Visa_cconsumos_avg6	0.00254142504857832	0.00217390314144454	0.00337689164309129
mactivos_margen_delta1	0.00253407270626174	0.00281669546919981	0.00345772149625039
mcomisiones_otras_lag1	0.00251568121615043	0.00195946707350269	0.00342179711706857
mpasivos_margen_tend6	0.00250916643121156	0.00339895409152022	0.00427500112263685
vm_fechaalta	0.00249945051323154	0.00203315277918503	0.00330504288472765
vmr_mpagominimo_avg6	0.00248847547309524	0.00132758749696516	0.00244285778436391
Master_mfinanciacion_limite_tend6	0.00247348896258003	0.00258512405802472	0.00333198616911402
mcaja_ahorro_tend6	0.00246498338835844	0.00187131795872307	0.00392473842561408
Visa_mlimitecompra_tend6	0.00243289663160061	0.00201174998507965	0.00340383492747766
Master_fechaalta_lag1	0.0024245139056905	0.00230972912049609	0.00362836229736405
foto_mes	0.00239804448296641	0.00264835594419121	0.00171538910593201
mtransferencias_recibidas_tend6	0.00235965935100851	0.00307097294842033	0.00348466478063676
mrentabilidad_lag1	0.00234517142351752	0.00316907949973122	0.00328708069513674
Visa_mpagospesos_tend6	0.00234337166924198	0.00314339390586736	0.00341281602227312
vm_mpagominimo_lag1	0.00233083921800224	0.000795757487261665	0.00141003188288652
mcuenta_corriente_delta1	0.00231080910283185	0.00303741844099097	0.00281108267097759
mcomisiones_otras	0.00231073925766559	0.00204699133511897	0.00308051551484126
ccomisiones_otras_tend6	0.00227370078580984	0.00304494691625721	0.00379002200368225
cprestamos_personales	0.00227328225626333	0.00176283955094944	0.000772374152409179
ctrx_quarter_avg6	0.00225558669060263	0.00272807330174285	0.00423009564865957
mcaja_ahorro_dolares	0.0022121750591597	0.00451982908015529	0.00298172347209125
chomebanking_transacciones	0.00218964993024265	0.00321771259962281	0.00369122996093224
Visa_mconsumospesos_tend6	0.00213549263471112	0.00221982977220588	0.00306255332525035
cproductos_avg6	0.00211734019209238	0.00251116790496488	0.00364632448695496
ctarjeta_debito_avg6	0.00211450695455846	0.00189916928045104	0.00287395033454578
cproductos_tend6	0.00210520326985475	0.00357079101377273	0.00123040998697741
vm_status06_avg6	0.00210397913424333	0.000161960067374587	0.000188602990704567
Visa_mfinanciacion_limite_tend6	0.00209818030664568	0.00201374150308368	0.00283802595536396
ctransferencias_recibidas_tend6	0.00208832900047884	0.00240491140197941	0.00337689164309129
ccallcenter_transacciones_avg6	0.00207020918530756	0.00473173534464878	0.0033948538326822
mcomisiones_lag1	0.00206274289567153	0.00152183809097811	0.00330504288472765
Visa_msaldopesos	0.00205852446937004	0.00120452319598117	0.0023440657416139
chomebanking_transacciones_lag1	0.00203882739658447	0.00192023056183511	0.00367326777134133
vm_msaldototal	0.00203763743526001	0.00119014620111404	0.00167048363195474
mtransferencias_emitidas_avg6	0.00202758948942847	0.00296637965075984	0.00426602002784139
mautoservicio_avg6	0.00199943766078752	0.00411879706131253	0.00387983295163681
ccallcenter_transacciones_tend6	0.00198953768864599	0.0034133964726432	0.00191297319143204
mcuenta_debitos_automaticos	0.00198796113222074	0.00294762745583839	0.00154474830481836
Master_mlimitecompra_tend6	0.00196153087163848	0.00162460318278535	0.00281108267097759
ctrx_quarter_normalizado_avg6	0.00193330313807859	0.00366760871909673	0.00448156630293233
mcomisiones	0.00192935881377669	0.0016283203760818	0.00304459113565944
vm_mlimitecompra_tend6	0.00191973651088828	0.00179209959346669	0.00283802595536396
Visa_fultimo_cierre_avg6	0.00190219258212217	0.00177485573360695	0.00278413938659123
ccajas_consultas_tend6	0.00190066377240673	0.00244077668424889	0.000835241815977368
mrentabilidad_delta1	0.00188689194970157	0.00273133447962582	0.00333198616911402
Visa_mpagado_avg6	0.00187444221758362	0.00200307632940278	0.00275719610220486
ctrx_quarter_lag1	0.00187337460372848	0.00305394642879131	0.00398760608918227
cproductos_delta1	0.00187275463213473	0.001486126451061	0.000386187076204589
Visa_mfinanciacion_limite_avg6	0.0018596622053952	0.00142368457207499	0.00240693340518209
mpasivos_margen_delta1	0.00185628620876748	0.00195635539377278	0.00320625084197764
Master_mfinanciacion_limite	0.00183727515140702	0.00130478534489117	0.00283802595536396
Visa_mconsumospesos_avg6	0.00183649792504133	0.00202471580333569	0.00296376128250034
vm_fechaalta_lag1	0.001820680737794	0.00157884984095091	0.00273025281781849
Visa_cconsumos_tend6	0.00180002792436997	0.00210246297783533	0.00287395033454578
tcallcenter_tend6	0.00177796069810916	0.00298264440515926	0.0011316179442274
vm_mfinanciacion_limite_tend6	0.00176681099067126	0.00156367930865944	0.00255961201670484
vmr_Master_mlimitecompra_avg6	0.00176530809995736	0.00258362216949529	0.00249674435313665
mttarjeta_visa_debitos_automaticos_avg6	0.00176200515349724	0.00130152386003048	0.0023440657416139
cdescubierto_preacordado_tend6	0.00176012604891809	0.00379878152976216	0.000538865687727334
cpayroll_trx_lag1	0.00175066486409047	0.00054892038069973	0.000511922403340967
Master_fultimo_cierre_avg6	0.00174763206731976	0.00226286359835667	0.00263146077506848
vmr_msaldopesos	0.00171410207593197	0.00122564633337723	0.00167048363195474
vm_fultimo_cierre_avg6	0.00167605284403432	0.00232294926979896	0.00249674435313665
mtransferencias_recibidas	0.00167000417000482	0.0034739162105915	0.0031523642732049
vmr_msaldopesos2	0.00166746738670646	0.00200137521232851	0.00246980106875028
mttarjeta_visa_debitos_automaticos_tend6	0.00165483639475965	0.00259897826982274	0.00194889757061386
cproductos	0.00165026476455278	0.00230912268599637	0.00229916026763663
Visa_mfinanciacion_limite	0.00164178444034249	0.00136218097051161	0.002424895594773
thomebanking	0.00163796645297035	0.000437343339749594	0.000646638825272801
ctrx_quarter_normalizado_delta1	0.00163386842919778	0.00119690370181887	0.0025057254479321
Visa_mpagospesos_lag1	0.001631092731589	0.00167258441547362	0.00270330953343213
thomebanking_tend6	0.00162928427895661	0.0059227249670678	0.00248776325834119
cmobile_app_trx_tend6	0.00159204935589164	0.0018881332776759	0.00240693340518209
Visa_mpagominimo_tend6	0.00158530638453908	0.00152944561300905	0.00237100902600027
Visa_mpagospesos_delta1	0.00157581613003648	0.00219391118224721	0.00270330953343213
Visa_mpagospesos_avg6	0.001575315336754	0.0015155069823361	0.00246980106875028
Visa_mpagominimo	0.00157421114308668	0.00137648904887902	0.00279312048138668
Master_mlimitecompra_delta1	0.0015711729721777	0.000865612724866281	0.00231712245722754
Visa_mpagominimo_avg6	0.00156257903951731	0.00153933259815197	0.00212851946652297
Visa_mfinanciacion_limite_lag1	0.00155869840931271	0.00099437223013076	0.00211055727693206
mcaja_ahorro_delta1	0.00154394916145841	0.00171665030074264	0.00285598814495487
mtransferencias_emitidas_tend6	0.00154231702723861	0.0031319588320471	0.00223629260406844
ctransferencias_emitidas_avg6	0.0015421560392022	0.00110562065142412	0.00268534734384121
Master_mfinanciacion_limite_lag1	0.00153704605535963	0.00166945109381395	0.00223629260406844
Master_mfinanciacion_limite_delta1	0.00153149760745226	0.00116792070670025	0.00227221698325026
chomebanking_transacciones_delta1	0.00152841916938494	0.00210744983101073	0.00232610355202299
vm_fultimo_cierre_tend6	0.00152810497884353	0.00210872179322262	0.00170640801113656
mautoservicio	0.00151505225831476	0.0024081051982513	0.00262247968027303
mtransferencias_recibidas_lag1	0.00151035410440433	0.00152999141940769	0.00275719610220486
ctarjeta_debito_transacciones_avg6	0.00150739017587722	0.00177128097797583	0.00294579909290943
mv_status07_avg6	0.00150551793344889	0.00129080788153575	0.000619695540886434
ccajas_transacciones_tend6	0.00149865549065744	0.00212145676422794	0.0010507880910683
Visa_msaldototal	0.00149739441414163	0.00140985323011763	0.00215546275090934
mcaja_ahorro_dolares_lag1	0.00149349431189659	0.00177873424369895	0.00272127172302304
Master_mfinanciacion_limite_avg6	0.00147380975799117	0.00103124961796622	0.00221833041447753
cextraccion_autoservicio_avg6	0.0014646698644316	0.00147516918807284	0.00233508464681845
vmr_msaldopesos2_avg6	0.00145982873957137	0.00124065079071839	0.00244285778436391
Visa_msaldopesos_delta1	0.00145786043843583	0.000766668124360636	0.00150882392563654
mcomisiones_mantenimiento_delta1	0.0014537223584922	0.00199694383535015	0.00168844582154565
mprestamos_personales_avg6	0.00144840046387183	0.00180449673548343	0.000934033858727379
vm_cconsumos_avg6	0.00144794043086125	0.00157630560954939	0.00216444384570479
Visa_mlimitecompra	0.00144512744431697	0.000856223197130001	0.00163455925277291
vmr_msaldopesos2_tend6	0.00143738721994142	0.00269535269930894	0.00228119807804571
vm_mpagospesos_tend6	0.00143584248359713	0.00154333405282364	0.00196685976020477
Visa_mlimitecompra_delta1	0.00143458548501054	0.00128846011587952	0.0020207463289775
ctarjeta_visa_debitos_automaticos_avg6	0.00141611451884427	0.00124917049706516	0.00208361399254569
mcaja_ahorro_dolares_tend6	0.0014108422034243	0.00162493011406462	0.00199380304459114
vm_mpagominimo	0.00140342615506656	0.00117732757867811	0.00172437020072747
vmr_mpagado_avg6	0.0014006158834217	0.00355286658429218	0.0025865553010912
mcomisiones_otras_delta1	0.00139320427962781	0.0017688343654915	0.00249674435313665
mtarjeta_visa_consumo_tend6	0.0013839063336122	0.00145952514263745	0.00167048363195474
vmr_Visa_mlimitecompra_avg6	0.00136496969527538	0.00124108178744712	0.0018590866226593
mcuenta_debitos_automaticos_avg6	0.00135536016368387	0.00188106695737768	0.00176927567470475
Visa_mfinanciacion_limite_delta1	0.00135408100069043	0.00118353835205112	0.00199380304459114
Visa_mlimitecompra_avg6	0.00135388821813986	0.00139093449977928	0.00196685976020477
ctransferencias_emitidas_tend6	0.00133373754215468	0.00154470655024113	0.00229916026763663
Visa_mpagominimo_lag1	0.00132923801364669	0.00102891689421861	0.00216444384570479
mcomisiones_delta1	0.00132642524759138	0.00124125031821925	0.00205667070815932
mextraccion_autoservicio_avg6	0.00132123111183231	0.001076701200695	0.00198482194979568
Visa_cconsumos_lag1	0.00131815470026725	0.000808706575231574	0.00174233239031838
Visa_msaldototal_tend6	0.00131718403694581	0.00180538482204769	0.00209259508734115
vmr_Visa_mlimitecompra	0.00130045758257043	0.00108185305439867	0.00168844582154565
vm_mpagado_avg6	0.0012742223635517	0.00111069437929627	0.00202972742377296
vmr_Master_mlimitecompra	0.00127402066949131	0.00232866135785443	0.00190399209663658
ctarjeta_visa_transacciones_avg6	0.00127206322171219	0.00102340725797411	0.00197584085500022
ccomisiones_otras	0.00124859583209072	0.00158976044332456	0.00208361399254569
ctarjeta_visa_transacciones_tend6	0.00124566004709554	0.00176730899316595	0.00200278413938659
ccomisiones_mantenimiento_delta1	0.0012365143945924	0.000422246328623743	0.000359243791818223
ccaja_ahorro	0.00123543663979377	0.00170087241301827	0.000727468678431901
mautoservicio_tend6	0.00122940020564545	0.000956918031146235	0.00181418114868202
Visa_mconsumototal_avg6	0.00122727631933117	0.00115243859201586	0.00187704881225021
ccomisiones_otras_lag1	0.00122474237890038	0.00115630651137628	0.00201176523418205
Visa_fultimo_cierre_tend6	0.00121948960629804	0.00273736720591717	0.00146391845165926
vmr_mpagospesos_tend6	0.00121626578487924	0.00208645516379342	0.00171538910593201
Visa_mconsumospesos_delta1	0.00121479394694677	0.000665214901869805	0.00219138713009116
tcallcenter	0.00120824980766406	0.00037327094856653	0.000305357223045489
mprestamos_personales_delta1	0.00120518132000286	0.0041714748997353	0.000907090574341012
mcaja_ahorro_dolares_delta1	0.00120262246323386	0.00195681739525194	0.00133818312452288
vmr_Visa_mlimitecompra_lag1	0.00119868245541723	0.00117505701792023	0.00159863487359109
ctarjeta_debito_transacciones_tend6	0.00119041755317256	0.000962453607008676	0.00193093538102295
cdescubierto_preacordado_avg6	0.00118662881266915	0.000983627395729698	0.000673582109659167
cliente_edad_tend6	0.00118095704654317	0.000866047251838874	0.00186806771745476
vm_status06_tend6	0.00117904019602048	0.00113371141577917	0.000260451749068211
Visa_mconsumospesos	0.00117040923509439	0.000899174292783362	0.00227221698325026
mpagomiscuentas_avg6	0.00116934933982722	0.00238197909134917	0.00183214333827294
Visa_cconsumos	0.00114559432449849	0.000898862249923849	0.00181418114868202
Master_mlimitecompra_avg6	0.00114217865971145	0.00102658708675942	0.00156271049440927
matm_avg6	0.00113816962544053	0.000746778883938318	0.00178723786429566
ctarjeta_visa_debitos_automaticos_tend6	0.00113122321499491	0.000976678647900933	0.00127531546095469
mtarjeta_master_consumo	0.00112862540007273	0.000687232879340125	0.000413130360590956
Visa_mpagominimo_delta1	0.00112737418983318	0.00114625513966055	0.00184112443306839
cdescubierto_preacordado	0.00112386712592615	0.000727453868578257	0.000413130360590956
mtransferencias_recibidas_delta1	0.00112166289311494	0.00180744679144006	0.00199380304459114
Master_mlimitecompra	0.00111704019231324	0.000979601689817592	0.00175131348511384
Visa_mpagado_tend6	0.00111331719962552	0.00118357457542291	0.00199380304459114
vmr_mpagominimo	0.00110424164507333	0.00165105084885653	0.00188602990704567
catm_trx_avg6	0.00110031908444102	0.00104137420386984	0.00164354034756837
vm_status05_tend6	0.00109646449571209	0.000933300392740428	0.000224527369886389
cpagomiscuentas_avg6	0.00109423459294994	0.00112401199402746	0.00176927567470475
Visa_mconsumospesos_lag1	0.00109116835825727	0.000714049532639181	0.00193093538102295
vmr_mpagominimo_tend6	0.00108987115623542	0.00180481415045316	0.00182316224347748
mttarjeta_visa_debitos_automaticos_lag1	0.00107139076952774	0.00119021527110262	0.00173335129552292
mcomisiones_mantenimiento_lag1	0.00106885074880387	0.00224522910933929	0.00166150253715928
Visa_mpagospesos	0.00105916586433148	0.00131954867122775	0.00231712245722754
vm_mconsumospesos_avg6	0.00105848679306847	0.00138721561810533	0.00206565180295478
vmr_msaldopesos_avg6	0.00104459504357301	0.00183961682932058	0.00162557815797746
vm_cconsumos_tend6	0.00104383140970867	0.00136704012095256	0.00176029457990929
mv_status07_delta1	0.00103718333118602	0.000685049193278987	0.0003233194126364
vmr_Master_mlimitecompra_lag1	0.00103710967913471	0.0015739236158766	0.00133818312452288
vm_mfinanciacion_limite_delta1	0.00101910120153947	0.000935060449538282	0.00152678611522745
Master_mlimitecompra_lag1	0.00101678554453316	0.00107712283460306	0.00155372939961381
vmr_mpagospesos_avg6	0.00101607601855518	0.00135903905347558	0.0016974269163411
vm_mpagominimo_avg6	0.00100677013091174	0.000951255519993673	0.00170640801113656
Visa_mconsumosdolares_avg6	0.00100666403179992	0.000828642322779536	0.001616597063182
vmr_msaldototal	0.00100431087232585	0.00154511206781852	0.0014549373568638
vmr_msaldototal_avg6	0.000999944393274721	0.0017180309330699	0.00154474830481836
cprestamos_personales_avg6	0.000998818352013323	0.00467532081984389	0.00132920202972742
vmr_mconsumospesos_avg6	0.000997183541840178	0.000920612696305073	0.00180520005388657
Visa_msaldopesos_tend6	0.000996271040647282	0.000800080501102386	0.00157169158920472
Master_fultimo_cierre	0.000988074004151655	0.00178002600597424	0.0015357672100229
vmr_mconsumospesos_tend6	0.00098424085703136	0.000861647800544125	0.00168844582154565
Visa_mlimitecompra_lag1	0.00098392316009282	0.000925764089542152	0.001616597063182
vmr_msaldopesos_tend6	0.000971555012593272	0.00146483432242621	0.0015357672100229
Visa_mconsumototal_tend6	0.000968235487638452	0.00150474848742619	0.0016974269163411
ccuenta_debitos_automaticos_avg6	0.000966832692278517	0.00110382590614312	0.00135614531411379
vm_status01	0.000965260613123356	0.000292244637986889	9.87920427500112e-05
vmr_msaldototal_tend6	0.000964082998364467	0.000984437356462433	0.00160761596838655
vmr_mconsumototal_avg6	0.000963730639196278	0.000668654894278762	0.00141901297768198
Master_fultimo_cierre_tend6	0.000960662951325319	0.00282491571877388	0.00150882392563654
cproductos_lag1	0.000958919074983543	0.00151628931507341	0.00162557815797746
mcuenta_debitos_automaticos_tend6	0.000956985608934719	0.00209237062459304	0.00109569356504558
ctarjeta_visa_transacciones_delta1	0.00095354012047485	0.00287500619542449	0.0014549373568638
vmr_Master_mlimitecompra_tend6	0.000944826407812257	0.00320475169301041	0.00133818312452288
Master_fechaalta_tend6	0.000941437615066645	0.000375150880166785	0.000799317436795545
vm_fultimo_cierre_lag1	0.000936821046419175	0.000893553377112811	0.00164354034756837
cmobile_app_trx	0.000925842789026656	0.000666735976507176	0.000987920427500112
vmr_msaldopesos2_lag1	0.000920750620895264	0.000970533107294909	0.00144595626206835
mtransferencias_emitidas	0.000918406998432787	0.00298757124418903	0.00204768961336387
mpayroll_avg6	0.000910237278755052	0.00156820185802272	0.00167946472675019
vm_msaldopesos_tend6	0.000907722788756006	0.000998356033583127	0.00127531546095469
vm_fultimo_cierre	0.000905322367362814	0.000948881814719511	0.00149086173604562
vmr_mpagominimo_lag1	0.000904379467458461	0.00111050850428256	0.00146391845165926
cprestamos_personales_tend6	0.000902781637895027	0.00330995771821402	0.000862185100363734
matm_tend6	0.000896156772554419	0.000823369673340286	0.00122142889218196
tcallcenter_avg6	0.000892046269997638	0.00112848220368829	0.00144595626206835
vm_mfinanciacion_limite_avg6	0.000891451289635165	0.000611702544496139	0.00123939108177287
matm_other_avg6	0.000886106399234669	0.00131108268598321	0.00119448560779559
vm_msaldopesos_avg6	0.000885934780131711	0.00215632743866188	0.00158965377879564
Master_Fvencimiento_tend6	0.000880093309792968	0.000544633743719659	0.00123040998697741
mttarjeta_visa_debitos_automaticos	0.000875832332085253	0.00101070912429603	0.00167048363195474
vm_mlimitecompra_delta1	0.000874383453403414	0.000721100350562179	0.0014549373568638
active_quarter_avg6	0.00087035788719269	0.00155309916780892	0.00122142889218196
mpagomiscuentas_tend6	0.000862911038738538	0.00168676693995068	0.00138308859850016
Visa_msaldototal_delta1	0.000861238405225998	0.00079165135318508	0.00149984283084108
Visa_mconsumosdolares_tend6	0.000856814830320528	0.00191044825609711	0.00134716421931833
mextraccion_autoservicio_tend6	0.000854455687948962	0.000965927827434195	0.00132022093493197
cpagomiscuentas_tend6	0.000854377644150918	0.00113993400779467	0.00125735327136378
vm_mconsumospesos_tend6	0.000842728060941222	0.000859711998997553	0.00134716421931833
Visa_mconsumototal_lag1	0.000841257305433251	0.00072246701540286	0.00136512640890925
vm_mpagominimo_tend6	0.000839528153784453	0.00129235243996924	0.00149086173604562
Visa_fultimo_cierre	0.00083488402442025	0.000907659310646985	0.00139206969329561
mtransferencias_emitidas_lag1	0.000830774487909139	0.00179487866282938	0.00181418114868202
vmr_msaldopesos2_delta1	0.000828783376270193	0.00127647202168404	0.0014549373568638
ctarjeta_debito_lag1	0.000819903072206556	0.000609668510076922	0.000943014953522834
vmr_mpagospesos_lag1	0.000818937952484389	0.00110759559263089	0.00134716421931833
mplazo_fijo_dolares	0.000818595673096827	0.00258591621404929	0.000413130360590956
ccaja_seguridad	0.000814751941403884	0.00148281723116375	0.0002424895594773
Visa_fechaalta_tend6	0.000814640439236825	0.00176201040410877	0.000853204005568279
vm_mpagospesos_lag1	0.000813885257487284	0.00110755629948183	0.00152678611522745
Visa_msaldototal_lag1	0.000812830675643924	0.00107954887957968	0.00157169158920472
vm_msaldototal_tend6	0.000808527449621796	0.00109466016516983	0.00122142889218196
Visa_msaldopesos_lag1	0.000808280307569701	0.000615121969397386	0.00125735327136378
Visa_msaldopesos_avg6	0.000805193207823338	0.00109182614679401	0.00143697516727289
vm_Fvencimiento_tend6	0.000802054407515789	0.00156823270928429	0.00124837217656832
Visa_Fvencimiento_tend6	0.000797736241919252	0.00147359239697802	0.0011316179442274
cdescubierto_preacordado_delta1	0.000795786946561736	0.00180835160829045	0.000179621895909111
mcuenta_debitos_automaticos_lag1	0.000795154094408299	0.000963118060298805	0.0011316179442274
vm_mpagospesos_avg6	0.000792740095443833	0.00149988580674137	0.00154474830481836
ctarjeta_visa_transacciones_lag1	0.000787010754632443	0.000583067969097687	0.00150882392563654
vmr_mpagado_tend6	0.000780879114038727	0.00107040524100274	0.00131123984013651
mpayroll_lag1	0.000769948902125485	0.00103181476396166	0.00105976918586376
mpagomiscuentas	0.000760237782817318	0.00117740386264327	0.000996901522295568
Visa_msaldototal_avg6	0.000759380436731812	0.00134572420154393	0.00142799407247744
mpayroll_sobre_edad_avg6	0.000755149937735676	0.00144682486011528	0.00243387668956846
mtarjeta_visa_consumo_avg6	0.00075167444784428	0.00134683346556051	0.0012932776505456
vm_mconsumosdolares_avg6	0.000747472516508245	0.00101666878988835	0.00119448560779559
vmr_mconsumospesos	0.000744727398589583	0.000658543354928537	0.00127531546095469
Visa_mconsumototal	0.000743945880802367	0.000562418651823274	0.00127531546095469
ctarjeta_debito_transacciones	0.00074242533564524	0.00121628136385911	0.00176029457990929
ctransferencias_recibidas_lag1	0.000737487823744516	0.00121907240535316	0.00118550451300013
vmr_mpagospesos	0.000726360386740064	0.000651897287138611	0.0013741075037047
vmr_mpagospesos_delta1	0.000717990312110445	0.000675779233367381	0.00132920202972742
vm_cconsumos_lag1	0.00071519399059798	0.00158148862149235	0.00123939108177287
ccuenta_debitos_automaticos_tend6	0.000714138194432781	0.00349750238378028	0.000907090574341012
Master_status	0.00071305290516941	0.000224394271917423	8.98109479545557e-05
vm_mpagospesos_delta1	0.000709321899478908	0.00107043471086453	0.0011316179442274
ccajas_consultas_avg6	0.000697920383353493	0.00275093899820633	0.00111365575463649
vm_mfinanciacion_limite	0.00068800589410229	0.000486914870552674	0.00123040998697741
ccajas_transacciones_avg6	0.000685085019825974	0.00122300172025898	0.00123040998697741
mpayroll_tend6	0.000679267617175011	0.000771990964658254	0.000844222910772823
cextraccion_autoservicio_tend6	0.000676726106328252	0.00120498627188237	0.0010507880910683
ctarjeta_debito_transacciones_delta1	0.00066158435288965	0.00147140963185006	0.000916071669136468
Visa_cconsumos_delta1	0.000658782727904994	0.000850362685343512	0.00128429655575015
vmr_msaldopesos_lag1	0.000658717931428212	0.000610328665678873	0.000925052763931923
mautoservicio_lag1	0.000647190073292773	0.000709905947279901	0.00158067268400018
vm_msaldopesos_lag1	0.000644598761587005	0.000711547357186263	0.0012932776505456
vm_fechaalta_tend6	0.000630229747274579	0.00116370344668649	0.000862185100363734
ctransferencias_recibidas	0.000629339143772392	0.00101311613665358	0.00114059903902286
vmr_mpagominimo_delta1	0.000623769817260872	0.000705278411533977	0.00125735327136378
vm_mlimitecompra_lag1	0.000620329689325071	0.000503996032217101	0.000960977143113746
Master_mpagospesos_tend6	0.000617903581385161	0.00135268185172678	0.000978939332704657
vm_msaldopesos_delta1	0.000617862187739883	0.00152410803778054	0.000987920427500112
catm_trx_tend6	0.000613506660358441	0.00134264767076377	0.000943014953522834
ccaja_seguridad_lag1	0.000613030395795584	0.000127133751222195	6.2867663568189e-05
vm_mconsumospesos	0.000612321085783592	0.000450274316033609	0.00141003188288652
Master_fultimo_cierre_lag1	0.000604955150092966	0.000766027308355487	0.00125735327136378
vm_mpagominimo_delta1	0.000600225060318283	0.00101447067587404	0.00112263684943195
vm_mconsumototal_avg6	0.000596253099983609	0.000651958068728561	0.00107773137545467
vm_mpagado_tend6	0.000594992405674665	0.00098948806100505	0.00122142889218196
mttarjeta_visa_debitos_automaticos_delta1	0.00059232671215756	0.000798996562748288	0.0011316179442274
ctarjeta_debito	0.000591888115734285	0.000676455044833409	0.000880147289954645
vm_cconsumos	0.000591874075806176	0.000627057109934957	0.00112263684943195
vmr_mconsumototal	0.0005898904235287	0.000430169730735788	0.00120346670259105
Master_mconsumospesos_tend6	0.000589530255330802	0.00158605199889333	0.000907090574341012
vm_mlimitecompra_avg6	0.000583456128719128	0.000820574487646929	0.000925052763931923
vmr_msaldototal_lag1	0.000582496005861589	0.00110294334517794	0.000987920427500112
ctarjeta_master_transacciones	0.000579904822984765	0.000745912899770402	0.000224527369886389
vmr_msaldopesos_delta1	0.000579788965020777	0.00103287322316441	0.00110467465984103
ccomisiones_mantenimiento	0.000578991608619275	0.00114558792357088	0.000529884592931878
ccaja_ahorro_avg6	0.000578664173319825	0.000751685769415827	0.000583771161704612
ccajas_consultas	0.000577690256895173	0.00195146140135981	0.000260451749068211
vm_msaldototal_avg6	0.000559834804698431	0.00159684487530867	0.00114059903902286
vm_mfinanciacion_limite_lag1	0.000555912858146256	0.000367504985919963	0.000898109479545557
cseguro_accidentes_personales_avg6	0.00055485106595557	0.000617855913034202	0.00062867663568189
ccajas_otras_avg6	0.000550887256261911	0.00250424187348792	0.000511922403340967
Master_mpagominimo_avg6	0.000548909865643954	0.000467297305418766	0.000673582109659167
cmobile_app_trx_lag1	0.000548807407241668	0.000257512563996691	0.00070950648884099
mautoservicio_delta1	0.00054728513766089	0.000530629726790854	0.000996901522295568
vmr_Visa_mlimitecompra_tend6	0.000547260267218656	0.00203916662634617	0.000835241815977368
active_quarter_tend6	0.000546575920418775	0.00576082905803816	0.00095199604831829
mtransferencias_emitidas_delta1	0.000546461492142021	0.000765904824242407	0.000880147289954645
catm_trx_other_avg6	0.000543913678079356	0.000793964430358156	0.000826260721181912
Master_msaldototal_tend6	0.000542098056139578	0.00101964340406315	0.00062867663568189
Visa_mconsumototal_delta1	0.000541959035952929	0.000379030311191966	0.00101486371188648
vmr_msaldototal_delta1	0.000540358607076193	0.000773084265833026	0.00101486371188648
mtarjeta_visa_consumo_delta1	0.000540338600308726	0.00110497430981989	0.00100588261709102
matm_other_tend6	0.000540014848135519	0.000760522430265749	0.000736449773227356
Master_mpagado_avg6	0.000537906226758535	0.00197327861539666	0.000826260721181912
vm_mlimitecompra	0.000535980270913017	0.000335335101528315	0.000781355247204634
Master_cconsumos_avg6	0.000535770115234044	0.00124535092669675	0.000835241815977368
Master_mconsumospesos_avg6	0.000534548352511855	0.00115168818496217	0.000835241815977368
Visa_fultimo_cierre_lag1	0.000534407314130361	0.0006798755441567	0.00106875028065921
Master_mpagospesos_avg6	0.00052961037890903	0.000802859416976211	0.00079033634200009
mtarjeta_visa_consumo_lag1	0.000512456409529259	0.00095063680638487	0.00126633436615923
catm_trx_other_tend6	0.000510885686952571	0.00100998788012641	0.00070950648884099
vmr_mconsumosdolares_avg6	0.0005076116780138	0.000590875487117783	0.000835241815977368
Master_msaldopesos_avg6	0.000506649930126754	0.000579037965497403	0.000727468678431901
cplazo_fijo_tend6	0.000505486904917941	0.00107290818389997	0.000260451749068211
ccaja_seguridad_avg6	0.000503464821700444	0.000967304315562141	0.000206565180295478
Master_cconsumos_tend6	0.000502541678222164	0.000705143955289544	0.000835241815977368
vm_mpagospesos	0.000502336357213541	0.000593323634490746	0.00136512640890925
vmr_mconsumospesos_lag1	0.000500729078400677	0.000716188246463311	0.000987920427500112
Master_mpagominimo_tend6	0.000500684923410066	0.00146980628718185	0.000799317436795545
vm_msaldototal_lag1	0.000500422445125994	0.000705797510870364	0.00102384480668193
vm_status04_delta1	0.000499005314690816	0.00053790003378867	9.87920427500112e-05
ctransferencias_emitidas	0.000487744799075475	0.00110822551092673	0.000853204005568279
ctarjeta_debito_transacciones_lag1	0.000484423125459893	0.000481794789043752	0.00124837217656832
mpagomiscuentas_delta1	0.000482965090149952	0.00329991632327442	0.000754411962818268
vm_cconsumos_delta1	0.000478166570856446	0.000907983479126715	0.000700525394045534
cdescubierto_preacordado_lag1	0.00045638446589547	0.00025356099320566	0.000206565180295478
Visa_mpagado	0.000454030392178734	0.00104037545183499	0.000583771161704612
mv_status07_lag1	0.000453383433569811	0.000212477703532336	0.000251470654272756
mpayroll_sobre_edad_tend6	0.000452762769568048	0.000890997941024254	0.000736449773227356
vm_mconsumototal_tend6	0.000450412324468195	0.000345304356702068	0.000754411962818268
Visa_mconsumosdolares_lag1	0.000449013025710147	0.000502592683538042	0.000583771161704612
ctransferencias_recibidas_delta1	0.000445065570484763	0.000883661019859676	0.000826260721181912
Master_msaldototal	0.000436669736796889	0.00125029357507946	0.000610714446090978
vm_status04	0.000423215875839844	0.000622401946193602	0.000260451749068211
vmr_mconsumospesos_delta1	0.000422618620284275	0.000421402139874446	0.000772374152409179
cpagomiscuentas	0.000420931060271378	0.00120202869497142	0.000655619920068256
vm_mconsumototal	0.000417372650946377	0.000531668232441354	0.00106875028065921
Master_msaldopesos_tend6	0.000415892789893064	0.00124114671323638	0.000682563204454623
ctarjeta_visa_debitos_automaticos_lag1	0.00041151003346246	0.00058918020262033	0.000556827877318245
cplazo_fijo_avg6	0.000409216195281948	0.00138298254873862	0.0003233194126364
vmr_mconsumosdolares_tend6	0.00040869397071027	0.000686360448639942	0.000646638825272801
vm_status06_delta1	0.00040581648794682	0.000878159365036071	0.000152678611522745
ccajas_extracciones_tend6	0.000398318503210291	0.00182630120994461	0.000610714446090978
mextraccion_autoservicio	0.000395246070594287	0.000392917983562232	0.000817279626386457
vmr_mconsumototal_tend6	0.000391427997018423	0.000342008797313673	0.000655619920068256
mpagomiscuentas_lag1	0.000389600962215334	0.000467747948722028	0.000646638825272801
vm_mconsumospesos_lag1	0.000377716442675776	0.000400501714819332	0.00079033634200009
vmr_mconsumototal_lag1	0.00037572860769921	0.000507739932575805	0.000754411962818268
ctarjeta_visa_debitos_automaticos	0.000374083639575715	0.000203282646186121	0.000655619920068256
vm_mconsumospesos_delta1	0.000372389783342139	0.000301368936967026	0.000718487583636445
Master_mpagominimo_lag1	0.000366180843387246	0.000627293329295897	0.000475998024159145
ccallcenter_transacciones_delta1	0.000363740252088752	0.00126020573239598	0.000458035834568234
ccaja_ahorro_lag1	0.000363285656441624	0.00060717799977763	0.000332300507431856
Visa_mconsumosdolares	0.000360292749200678	0.000614788591585845	0.000646638825272801
ccallcenter_transacciones	0.000359600995765733	0.000825520205806906	0.000377205981409134
mforex_sell_tend6	0.000353885377535473	0.000936660417451496	0.000529884592931878
mextraccion_autoservicio_lag1	0.000352688069327544	0.000710677075330168	0.000673582109659167
vm_status04_tend6	0.000352524990060126	0.000796717560102911	0.000260451749068211
mv_status07_tend6	0.000347285778457287	0.000515237403091614	0.000404149265795501
mforex_sell_avg6	0.000345085578567197	0.00036885307860816	0.000458035834568234
Master_mpagospesos_lag1	0.000343279245307213	0.00111339455538311	0.000610714446090978
mpayroll_delta1	0.000337654968354606	0.000935224529133373	0.000655619920068256
ccajas_extracciones_avg6	0.000335380427160744	0.00220013899288407	0.000592752256500067
mtarjeta_visa_descuentos_avg6	0.000335098980843912	0.00182840968646263	0.000350262697022767
vm_msaldototal_delta1	0.000333795465853707	0.000184037752012812	0.000673582109659167
mcuenta_debitos_automaticos_delta1	0.000332527147379415	0.000436046665830672	0.000529884592931878
Master_mpagospesos	0.000331212007448591	0.00078954149526729	0.000529884592931878
Master_fultimo_cierre_delta1	0.000328140027456578	0.000149215887037462	0.000664601014863712
Visa_mpagado_lag1	0.0003223544970639	0.000659189389555045	0.000601733351295523
Visa_fultimo_cierre_delta1	0.000321443602373484	0.000184349794872326	0.000592752256500067
Master_mpagominimo	0.000319517023803298	0.000318992221297365	0.000458035834568234
matm	0.000318566735700853	0.000462967384579187	0.000458035834568234
vm_mconsumototal_delta1	0.000316101333247416	0.000423731486867053	0.000556827877318245
mplazo_fijo_dolares_delta1	0.00031475609526608	0.0014602971916209	0.000260451749068211
vm_fultimo_cierre_delta1	0.000312938327261511	0.000140289435202387	0.000458035834568234
cforex_tend6	0.000310905113880598	0.00121119013825653	0.000493960213750056
Visa_delinquency_avg6	0.000304138748579967	0.00328545291417714	0.000467016929363689
Master_mpagado_tend6	0.00030180392559646	0.000846944641842038	0.00054784678252279
ctarjeta_master_transacciones_avg6	0.000300765154567621	0.000894257123551998	0.000422111455386412
Master_msaldototal_lag1	0.000297591819841592	0.00143397676781756	0.000458035834568234
Master_msaldopesos_lag1	0.000296914208819271	0.000577172154872591	0.000493960213750056
vmr_msaldodolares2_avg6	0.000295707303123115	0.00138348368987798	0.00054784678252279
mtarjeta_master_consumo_avg6	0.000294626387013173	0.000814545905554899	0.000350262697022767
Master_mconsumototal_tend6	0.00029227663939381	0.000686414476719897	0.000475998024159145
Master_msaldopesos	0.000288691952312247	0.000862420463483027	0.000511922403340967
cprestamos_personales_lag1	0.00028568756071346	0.00234617750695804	0.000458035834568234
cpagomiscuentas_lag1	0.000278964115839619	0.00038200953003267	0.000404149265795501
ccomisiones_otras_delta1	0.000277684725326092	0.000818163638067798	0.000520903498136423
cforex_avg6	0.000277411728926317	0.000714268100780817	0.000422111455386412
cforex_sell_avg6	0.000272557422303475	0.000474787715446854	0.000368224886613678
vmr_mpagado	0.000271911315709427	0.000354362808959759	0.000350262697022767
Master_cconsumos	0.00026699073658897	0.000202882040252364	0.000278413938659123
Visa_mconsumosdolares_delta1	0.000263128997914721	0.000506607952207428	0.000502941308545512
mtarjeta_master_consumo_tend6	0.000262773746057724	0.00106144747743951	0.000413130360590956
vm_mconsumototal_lag1	0.000255939631619264	0.00048785391541962	0.000556827877318245
Visa_Finiciomora_lag1	0.00025470625874837	0.00164824430498727	0.000224527369886389
Master_mconsumototal_avg6	0.000254195213321016	0.000598289459691843	0.000449054739772778
vm_Finiciomora_avg6	0.000253441197574419	0.00296993061561711	0.000413130360590956
vm_status03_tend6	0.000253058838674214	0.000757893012544981	0.000134716421931833
cseguro_vida_avg6	0.000252134723490198	0.000866267201380282	0.000350262697022767
Visa_mpagado_delta1	0.000248795124339036	0.000363189186055826	0.000413130360590956
tcuentas_avg6	0.000247533978371904	0.00180520708194375	0.000341281602227312
vm_msaldodolares_avg6	0.000246830242851087	0.00112730924179335	0.000493960213750056
mextraccion_autoservicio_delta1	0.000242483619025234	0.000425313650072101	0.000601733351295523
Master_mconsumospesos_delta1	0.000240217115235299	0.000734015057026663	0.000404149265795501
Visa_mpagosdolares_avg6	0.000239398860308469	0.000406137825887371	0.000395168171000045
ccuenta_debitos_automaticos	0.000238287424414059	0.000318959681658301	0.000332300507431856
Master_status_tend6	0.000238185462927446	0.000336979427723084	0.000143697516727289
vm_Fvencimiento_delta1	0.000237732736639233	9.5745892590124e-05	0.000224527369886389
vm_status02	0.000236405304434219	0.000246241262793794	8.98109479545557e-05
thomebanking_delta1	0.000236349619807896	0.000874619911843561	0.0003233194126364
mcheques_depositados_avg6	0.000236232832211533	0.000677451341046444	0.000170640801113656
vm_status01_tend6	0.000235398526775813	0.00265129832570468	0.000377205981409134
Master_fechaalta_delta1	0.000234014678438629	8.23721009348857e-05	0.000332300507431856
ctarjeta_master_transacciones_tend6	0.000233823915527142	0.000391961594453709	0.000314338317840945
Visa_msaldodolares_avg6	0.000233543166492504	0.00120547083622447	0.000341281602227312
thomebanking_lag1	0.000232396687120982	0.000182461728362305	0.000404149265795501
Master_msaldototal_delta1	0.000231514715454844	0.000305745518421112	0.000440073644977323
vm_mconsumosdolares_tend6	0.000230604807887751	0.000590790761265126	0.000511922403340967
Master_msaldototal_avg6	0.000228113319253454	0.000490900976337995	0.000592752256500067
Master_mpagospesos_delta1	0.000228042571057409	0.000712767440162293	0.000413130360590956
vm_mpagado	0.000227179466938959	0.000220371482293724	0.000305357223045489
mv_status07	0.000220307893120161	0.000310566910601647	0.000224527369886389
mtarjeta_master_consumo_lag1	0.0002202356933442	0.000306827461419985	0.000278413938659123
ccajas_otras_delta1	0.000218610171202138	0.000418107194441505	5.38865687727334e-05
cseguro_vivienda_avg6	0.000218234900319377	0.000589998298262831	0.000386187076204589
Master_msaldopesos_delta1	0.000215208896791358	0.000587784374895582	0.000386187076204589
vmr_mconsumototal_delta1	0.000209611201221178	0.000472247321266921	0.000511922403340967
vmr_msaldodolares2_tend6	0.000209009835913101	0.00101416814932406	0.000341281602227312
ccajas_otras_tend6	0.000208731037196044	0.00476683794075549	0.000565808972113701
matm_delta1	0.000205040679664005	0.000373728038402059	0.000314338317840945
ctransferencias_emitidas_lag1	0.000204751112474916	0.000157004986393937	0.000431092550181867
mcheques_emitidos_avg6	0.000204658333657515	0.000816614628457269	0.000107773137545467
Master_mconsumospesos	0.000204000561230622	0.000625630430948644	0.000440073644977323
matm_other	0.000202438938506415	0.000974561729495422	0.000395168171000045
cextraccion_autoservicio_lag1	0.000199474545017519	0.000306323710969949	0.000350262697022767
Master_mpagominimo_delta1	0.000197399423058859	0.000374222119053693	0.000350262697022767
cpayroll_trx_tend6	0.000196136521863515	0.000496187746752688	0.000431092550181867
mpayroll_sobre_edad_delta1	0.00019476011816294	0.000636471195889398	0.000484979118954601
ccajas_extracciones	0.000193295336885105	0.00204083136655978	0.000206565180295478
mpayroll_sobre_edad_lag1	0.000192800979995587	0.00051497478364615	0.00103282590147739
Visa_delinquency_tend6	0.000190035327405722	0.0025107897084052	0.000422111455386412
Visa_msaldodolares_tend6	0.000188889534390804	0.000464660673721414	0.000269432843863667
ccomisiones_mantenimiento_lag1	0.000186632043867525	0.000184731368187008	0.000260451749068211
vmr_mconsumosdolares_lag1	0.00018567243252691	0.000646964462043169	0.000305357223045489
cforex_sell_tend6	0.000182530369962095	0.000498563907848666	0.000332300507431856
vmr_msaldodolares_avg6	0.000182267678529224	0.000876064242049177	0.000431092550181867
vm_fechaalta_delta1	0.00018080941125786	6.99600704983928e-05	0.000278413938659123
ctarjeta_debito_tend6	0.000179128769744382	0.00178145728962646	0.000386187076204589
ctarjeta_visa_descuentos_avg6	0.000177320281117935	0.000558334773631898	0.000188602990704567
Visa_fechaalta_delta1	0.000174198242744552	0.000101852293535953	0.000224527369886389
ctarjeta_visa_descuentos_tend6	0.00017240111407568	0.00107562263445112	0.000170640801113656
mttarjeta_master_debitos_automaticos_avg6	0.000169849310722709	0.000321650034457881	0.000215546275090934
Visa_mpagosdolares_tend6	0.00016789802823707	0.000436617644402925	0.000350262697022767
ccheques_depositados_avg6	0.000167713927524358	0.000612353030299689	0.000107773137545467
mcaja_ahorro_adicional_avg6	0.00016691190237775	0.00121808347660557	0.000197584085500022
cextraccion_autoservicio_delta1	0.000164694137515485	0.00111050405310552	0.000404149265795501
vm_Finiciomora_tend6	0.000160490646686289	0.00140592161287886	0.000296376128250034
mcaja_ahorro_adicional	0.000160162297855587	0.000917369937085725	0.000116754232340922
vmr_mpagado_lag1	0.000159492815085425	0.000302069613628943	0.0003233194126364
mplazo_fijo_dolares_avg6	0.000159264539666047	0.000398755778996921	0.000233508464681845
ccallcenter_transacciones_lag1	0.000158500480317142	0.000811791087432645	0.0003233194126364
Visa_status_avg6	0.000158195051928621	0.00299464677381905	0.000332300507431856
ccheques_emitidos_avg6	0.000157892437863684	0.00161621117917301	0.000179621895909111
ccajas_depositos_avg6	0.000157266483711717	0.000686424606984889	0.000287395033454578
Master_mconsumototal	0.000156828190514829	0.000343591420985311	0.000269432843863667
Master_mconsumototal_lag1	0.000155776335499432	0.000169381867880686	0.000296376128250034
ctransferencias_emitidas_delta1	0.000155341400752166	0.000195550798175735	0.000287395033454578
cextraccion_autoservicio	0.000154271278793404	0.000326468817327737	0.000278413938659123
matm_lag1	0.000153769127633836	0.000200182171143246	0.000377205981409134
vm_mpagado_lag1	0.000152153316666353	0.000187614656488019	0.000350262697022767
ccaja_ahorro_tend6	0.000150825763955296	0.00201066589323669	0.000197584085500022
matm_other_delta1	0.000149437471998773	0.00117653757149763	0.000296376128250034
Master_cconsumos_lag1	0.000149340739545874	0.000115924306031293	0.000206565180295478
Master_mpagosdolares_avg6	0.000148906139382981	4.26293829954467e-05	0.000116754232340922
ctarjeta_master_debitos_automaticos_tend6	0.000146103841109873	0.00101164371798594	0.000179621895909111
vmr_msaldodolares_tend6	0.000145221741348668	0.00101420744247312	0.000287395033454578
tcuentas_tend6	0.000142783964143399	0.00329647556342115	0.000314338317840945
vm_mpagosdolares_avg6	0.000140909744676769	0.000222043743461651	0.000233508464681845
vm_mconsumosdolares_lag1	0.000139439528243257	0.000247047693282669	0.000341281602227312
catm_trx_delta1	0.000136789802085619	0.000510729895636954	0.000251470654272756
Master_mconsumosdolares_tend6	0.00013657092428913	0.000221414592610129	0.000143697516727289
Master_mconsumospesos_lag1	0.000136263613333771	0.000205260810659021	0.000314338317840945
active_quarter_lag1	0.000135417886400284	0.000373501949306111	0.000206565180295478
ccuenta_debitos_automaticos_lag1	0.000134859094068245	0.000198493640155787	0.0002424895594773
ccajas_depositos_tend6	0.000133943508483284	0.000677302303359977	0.000206565180295478
Master_delinquency_avg6	0.000133505977378001	0.000784298315689834	0.000152678611522745
cpagomiscuentas_delta1	0.000132575779763169	0.000478488638923775	0.000188602990704567
catm_trx	0.000132019944912473	0.00049916604466021	0.000251470654272756
mtarjeta_master_consumo_delta1	0.000129983802052028	0.00055778804630008	0.000197584085500022
catm_trx_lag1	0.000128766242582077	0.000147459053505741	0.000179621895909111
vm_Finiciomora_lag1	0.000127706140254696	0.000488831332502444	9.87920427500112e-05
mtarjeta_master_descuentos_avg6	0.000127590061812639	0.00172371616057426	0.000152678611522745
mprestamos_hipotecarios_tend6	0.000125986015388779	0.0015336785288869	0.000116754232340922
mttarjeta_master_debitos_automaticos_tend6	0.000125824255634889	0.000859185992662309	0.000206565180295478
vmr_mconsumosdolares_delta1	0.000125501033085475	0.000294183969777321	0.000179621895909111
Visa_msaldodolares_lag1	0.000125364492691522	0.000198073848114091	0.000125735327136378
vmr_mconsumosdolares	0.00012376205469867	0.00045199968434831	0.000215546275090934
mcajeros_propios_descuentos_avg6	0.000121171896215679	0.000761802527387411	9.87920427500112e-05
Visa_Finiciomora_tend6	0.000121137354580853	0.00120598886113881	0.0002424895594773
ccheques_emitidos	0.000119347161329668	0.000661777979238119	6.2867663568189e-05
Master_Fvencimiento_delta1	0.000119010485755939	7.26504232979729e-05	0.000260451749068211
minversion2	0.000118808710403338	0.00149537814579785	0.000143697516727289
vm_status02_tend6	0.00011792538241333	0.000556172576011651	0.000188602990704567
matm_other_lag1	0.000117446010008095	0.000450010468677238	0.000233508464681845
ctarjeta_master_debitos_automaticos_avg6	0.000117000424217026	0.000245121715023362	0.000152678611522745
vm_msaldodolares_lag1	0.000116513599733332	0.000347161111483932	0.000125735327136378
vm_status02_avg6	0.000115776216480185	0.000374668925135367	0.000206565180295478
vmr_mpagosdolares_avg6	0.000115681996715222	0.000770342187286443	0.000287395033454578
ccheques_depositados_tend6	0.000115553510995845	0.00118623822116024	0.000170640801113656
ctarjeta_visa_debitos_automaticos_delta1	0.000110601768070111	0.00025833234801669	0.000188602990704567
Visa_msaldodolares	0.000110128516366074	0.00112940421129138	0.000152678611522745
cplazo_fijo_lag1	0.000109995476329702	0.000247642309139901	7.18487583636445e-05
vm_status05_avg6	0.000109519598288462	0.000277258752798219	0.000188602990704567
Master_mconsumototal_delta1	0.00010884424006301	0.000210988708067438	0.000170640801113656
vmr_mpagosdolares_tend6	0.000108209184143523	0.000734201085529235	0.000179621895909111
mcaja_ahorro_adicional_delta1	0.000107087898095678	0.00167940791638976	0.000215546275090934
vm_msaldodolares	0.000104398800174435	0.000393259189305812	9.87920427500112e-05
cpayroll_trx_delta1	0.000103405692005193	0.000543025794385542	0.000314338317840945
mtarjeta_visa_descuentos_tend6	0.000103363665014532	0.0008056481561373	0.000125735327136378
mttarjeta_master_debitos_automaticos_delta1	0.000103093052089175	0.000418486925889825	0.000125735327136378
active_quarter	0.000101578686017376	0.000914588565390084	0.000215546275090934
mprestamos_prendarios_tend6	0.000100846244050057	0.00135073116176045	0.000116754232340922
Master_mconsumosdolares_avg6	9.98757667682372e-05	0.000287433836537936	0.000125735327136378
vmr_mpagado_delta1	9.81330048753923e-05	0.000159556585260905	0.000251470654272756
vm_mconsumosdolares	9.79063669264721e-05	0.000182378997864874	0.0001616597063182
vm_status05	9.63818788473877e-05	8.34001693426668e-05	8.08298531591001e-05
cplazo_fijo	9.61674180877628e-05	0.00117099155839247	0.000116754232340922
Visa_Fvencimiento_delta1	9.53088876496939e-05	6.77380122213776e-05	0.000206565180295478
mcaja_ahorro_adicional_lag1	9.45671230185546e-05	0.000351790489096217	8.98109479545557e-05
ccajas_otras	9.41632237353564e-05	0.000197489209032986	2.69432843863667e-05
cplazo_fijo_delta1	9.30776402938962e-05	0.000263287122019614	4.49054739772778e-05
vm_mconsumosdolares_delta1	9.18568477865498e-05	0.000183682118316063	0.0001616597063182
mforex_buy_avg6	9.11079912474429e-05	0.00138301324651132	0.000107773137545467
minversion2_avg6	8.99299731012797e-05	0.00124115868536774	0.000116754232340922
vmr_Master_mlimitecompra_delta1	8.98827500279914e-05	0.000167123125765292	0.000107773137545467
Visa_mpagosdolares_lag1	8.89980756426785e-05	0.000728365899405226	0.0001616597063182
cseguro_accidentes_personales_lag1	8.87954034158197e-05	0.000106998928618263	8.08298531591001e-05
cseguro_vida	8.8137967240734e-05	0.00035654004848863	0.000125735327136378
mplazo_fijo_dolares_lag1	8.80792781757982e-05	0.000390145667709538	0.000125735327136378
Visa_Finiciomora_avg6	8.72777238384298e-05	0.000781630065286599	0.000206565180295478
mcaja_ahorro_adicional_tend6	8.55403461078071e-05	0.000976844569362386	0.0001616597063182
vm_msaldodolares_tend6	8.41676897501959e-05	0.000201940386074738	0.000134716421931833
mtarjeta_visa_descuentos	8.15336798779189e-05	0.00157791125655055	0.000125735327136378
cseguro_vida_lag1	8.08985336128889e-05	0.00018012854414811	8.98109479545557e-05
ccajeros_propios_descuentos_avg6	8.07757865236966e-05	0.000641177164444575	0.000125735327136378
vm_mpagado_delta1	8.01907681168642e-05	0.000509718711004159	0.000251470654272756
ccajas_transacciones	8.0059359490166e-05	9.34714946106524e-05	8.08298531591001e-05
vmr_msaldodolares2_lag1	7.99153197295199e-05	0.000515919968067637	0.000116754232340922
cforex_buy_tend6	7.80246042134892e-05	0.00123037225548466	9.87920427500112e-05
cprestamos_prendarios_avg6	7.71602140589254e-05	0.000583099434314706	8.08298531591001e-05
Master_mpagado	7.60574393560625e-05	7.06582913384938e-05	8.98109479545557e-05
Visa_Finiciomora	7.52704700484792e-05	0.000997050150332396	9.87920427500112e-05
ctarjeta_master_descuentos_avg6	7.5250918114384e-05	0.000476791052093369	8.08298531591001e-05
vmr_Visa_mlimitecompra_delta1	7.45138377145217e-05	0.00175888061269297	0.000215546275090934
cseguro_accidentes_personales_tend6	7.41084095978603e-05	0.000759517385187494	0.000125735327136378
ctarjeta_debito_delta1	7.34590464902309e-05	0.00174840837451349	0.000143697516727289
vm_mpagosdolares_tend6	7.2140522423793e-05	0.000644513705359526	0.0001616597063182
cprestamos_personales_delta1	7.19261542691475e-05	0.000490451100479051	0.000116754232340922
Master_mpagado_delta1	7.17255699365383e-05	0.000195163392284239	0.000125735327136378
catm_trx_other_lag1	7.13904861791794e-05	3.99063370679392e-05	0.000107773137545467
cinversion1	7.12069751293369e-05	0.00145103337126383	0.000116754232340922
cseguro_vivienda_lag1	7.02198593751053e-05	0.000170287912641978	0.000134716421931833
ccajas_extracciones_lag1	6.98560309813746e-05	0.00036823190917754	8.08298531591001e-05
mplazo_fijo_dolares_tend6	6.90241337458962e-05	0.00049524471117529	0.0001616597063182
vm_status03_avg6	6.8925633457827e-05	0.00010940394562058	0.000134716421931833
mprestamos_prendarios_lag1	6.82725691939075e-05	0.000885365667177803	8.98109479545557e-05
catm_trx_other	6.69851555120185e-05	5.11911452908244e-05	8.98109479545557e-05
cseguro_vivienda	6.67655087545651e-05	0.000115343350682912	9.87920427500112e-05
ccajas_consultas_delta1	6.66328837368395e-05	0.000201131806741774	8.98109479545557e-05
cinversion1_tend6	6.50003176696826e-05	0.000554757562178965	6.2867663568189e-05
vm_status05_lag1	6.37137910375185e-05	2.1714990453754e-05	4.49054739772778e-05
mprestamos_prendarios	6.30642606896936e-05	0.00167268449021262	0.000143697516727289
cseguro_auto_avg6	6.26920277877196e-05	0.000899389637658865	9.87920427500112e-05
vm_mpagosdolares_lag1	6.1094396389837e-05	0.000466906522772273	5.38865687727334e-05
mttarjeta_master_debitos_automaticos	6.10696385213729e-05	0.00035566163172277	0.000152678611522745
mttarjeta_master_debitos_automaticos_lag1	5.81689694940411e-05	0.000252225947070861	0.000125735327136378
vmr_msaldodolares2	5.81321809951241e-05	0.000532161545648671	0.000107773137545467
ctarjeta_master_transacciones_delta1	5.76304585761214e-05	0.000876132237615712	0.000125735327136378
ctarjeta_visa_tend6	5.76253865111127e-05	0.000278847976490988	7.18487583636445e-05
vm_status04_avg6	5.70923623615053e-05	0.000111096927785081	9.87920427500112e-05
minversion1_pesos	5.48002307661151e-05	0.000869999436585359	8.08298531591001e-05
mprestamos_prendarios_avg6	5.30817335078265e-05	0.000279131930888479	4.49054739772778e-05
Visa_mpagosdolares_delta1	5.2623219725145e-05	0.000129948583490081	0.000143697516727289
mcheques_depositados_tend6	5.09573910899008e-05	0.000362652895966727	9.87920427500112e-05
Visa_msaldodolares_delta1	5.03639183403941e-05	0.000189254991972336	6.2867663568189e-05
vmr_msaldodolares_delta1	4.9760478077899e-05	0.000148378758775885	8.08298531591001e-05
Visa_mpagosdolares	4.94974092258569e-05	0.000153840353006115	0.000107773137545467
vm_status06	4.86270024150249e-05	0.000125078228362087	7.18487583636445e-05
ccajas_transacciones_lag1	4.83429785446777e-05	8.20929046921634e-05	6.2867663568189e-05
vm_Finiciomora	4.81083095351563e-05	0.000907373974849722	0.000116754232340922
cmobile_app_trx_delta1	4.78776819888668e-05	0.00023864295009466	0.000107773137545467
minversion2_lag1	4.77168517016792e-05	0.000503599877460385	5.38865687727334e-05
tcuentas	4.68000955605425e-05	0.00068141319559133	0.000116754232340922
cseguro_accidentes_personales	4.39283778361374e-05	4.63516414243957e-05	7.18487583636445e-05
mtarjeta_master_descuentos_tend6	4.37791118231446e-05	0.00015101155325165	5.38865687727334e-05
Master_cconsumos_delta1	4.25631584601045e-05	0.000141821868015658	0.000116754232340922
ctarjeta_master_transacciones_lag1	4.23564984098815e-05	0.000144193117468004	6.2867663568189e-05
ctarjeta_master_debitos_automaticos	4.21884928152493e-05	0.000441437962161415	0.000107773137545467
cpagodeservicios_avg6	4.20301902333753e-05	0.000555364303656415	7.18487583636445e-05
minversion2_tend6	4.11688991368565e-05	0.00171581670272493	0.000170640801113656
vm_mpagosdolares_delta1	4.11633722997866e-05	0.000668006557319301	6.2867663568189e-05
tcallcenter_lag1	4.10132228728406e-05	0.000178391971146373	0.000152678611522745
vm_msaldodolares_delta1	4.06402896516376e-05	0.000127240579471197	6.2867663568189e-05
Master_msaldodolares_avg6	4.05976668363717e-05	0.000422973405370184	5.38865687727334e-05
Master_mpagado_lag1	3.98742141889615e-05	0.000358303482041481	0.000125735327136378
mforex_buy_tend6	3.97748198723193e-05	0.000459405061546014	3.59243791818223e-05
vm_Finiciomora_delta1	3.93521663229734e-05	0.000626253288756762	5.38865687727334e-05
ccajeros_propios_descuentos_tend6	3.82684094015519e-05	0.000118100010671528	3.59243791818223e-05
Master_msaldodolares_tend6	3.8208720277514e-05	3.41038440718571e-05	4.49054739772778e-05
cseguro_vida_tend6	3.67445726277081e-05	0.000519055438571392	0.000107773137545467
Visa_status_tend6	3.62781364912733e-05	0.000472645010912272	0.000116754232340922
Visa_cadelantosefectivo_delta1	3.58151634993439e-05	1.90602470705079e-06	8.98109479545557e-06
mforex_sell_lag1	3.55765617949233e-05	0.000244768383659565	8.08298531591001e-05
cinversion2_avg6	3.50762400228315e-05	0.000339748980776235	4.49054739772778e-05
cliente_edad_delta1	3.47821719978523e-05	5.7214048294905e-05	7.18487583636445e-05
vmr_msaldodolares2_delta1	3.4329016933817e-05	0.00013570809960438	5.38865687727334e-05
cprestamos_prendarios_tend6	3.32271895608237e-05	0.00133403310829934	0.000107773137545467
vm_status05_delta1	3.30355175081429e-05	0.000257817699857346	6.2867663568189e-05
minversion2_delta1	3.20197710814048e-05	0.000529007196014704	8.98109479545557e-05
ctarjeta_master	3.15653708169484e-05	5.06068131874468e-06	2.69432843863667e-05
ctarjeta_visa	3.0497694936622e-05	6.29763272087479e-05	1.79621895909111e-05
tcallcenter_delta1	2.99714723139123e-05	0.00018260585440514	0.000125735327136378
mcajeros_propios_descuentos_tend6	2.99677080969646e-05	8.47918528681e-05	6.2867663568189e-05
mpagodeservicios_avg6	2.98220042860386e-05	0.000317261480872441	3.59243791818223e-05
ctarjeta_visa_avg6	2.94060840314812e-05	0.000278942218653182	4.49054739772778e-05
vmr_msaldodolares	2.93321642701361e-05	0.000558162098660451	7.18487583636445e-05
ctarjeta_master_avg6	2.82364668791286e-05	2.95420015595156e-06	1.79621895909111e-05
Master_status_avg6	2.80035924040144e-05	0.000167447140756159	7.18487583636445e-05
ctarjeta_master_descuentos_tend6	2.70672276737872e-05	0.000289000804345496	3.59243791818223e-05
mprestamos_prendarios_delta1	2.69514075537226e-05	0.00119272159075485	0.000107773137545467
cseguro_auto_lag1	2.64151705856487e-05	0.00010846428679818	1.79621895909111e-05
vmr_msaldodolares_lag1	2.57475237429173e-05	0.000149745884083157	7.18487583636445e-05
Visa_status	2.53947572771541e-05	4.92254134158687e-06	2.69432843863667e-05
ccajas_depositos	2.45684745696637e-05	0.000179678821778029	3.59243791818223e-05
vm_status03_delta1	2.42298653864327e-05	0.000120930038336901	3.59243791818223e-05
cseguro_auto	2.31114556218962e-05	0.000158082478215768	1.79621895909111e-05
ctarjeta_master_tend6	2.30419660211527e-05	9.5145137178351e-05	1.79621895909111e-05
Master_mconsumosdolares_lag1	2.29694643053986e-05	9.16482004010327e-06	4.49054739772778e-05
Master_mconsumosdolares	2.29237490580244e-05	7.48933560604253e-06	4.49054739772778e-05
cpagodeservicios_tend6	2.22623300137886e-05	0.000143760278872909	2.69432843863667e-05
Visa_status_lag1	2.15908999829487e-05	0.000212331582134275	3.59243791818223e-05
Master_mconsumosdolares_delta1	2.10420287906726e-05	1.28698877163393e-05	5.38865687727334e-05
cinversion1_lag1	2.06342873124495e-05	0.000162465966668712	1.79621895909111e-05
vmr_mpagosdolares_delta1	2.05663255161624e-05	0.000275129401794763	5.38865687727334e-05
ccajas_depositos_delta1	2.04853641021416e-05	0.000110778591882164	2.69432843863667e-05
mpagodeservicios_lag1	2.04378754765318e-05	0.000198086434200898	3.59243791818223e-05
cseguro_vida_delta1	2.01458427781373e-05	0.00104819003034281	8.98109479545557e-05
vmr_mpagosdolares_lag1	2.00168424721751e-05	0.000152857717301932	6.2867663568189e-05
mforex_sell	1.97463632633411e-05	9.93062202680713e-05	4.49054739772778e-05
ccaja_seguridad_tend6	1.89764101670759e-05	0.000266552290613034	2.69432843863667e-05
tcuentas_lag1	1.88971499958817e-05	0.00016129745595082	3.59243791818223e-05
cpagodeservicios_lag1	1.82978898935909e-05	0.000116588298854831	1.79621895909111e-05
mcheques_emitidos_lag1	1.78950476263767e-05	1.14092876911907e-05	8.98109479545557e-06
Visa_status_delta1	1.74052021083742e-05	0.000112615239622909	3.59243791818223e-05
catm_trx_other_delta1	1.73454767665393e-05	5.89068769705422e-05	5.38865687727334e-05
cforex_sell_delta1	1.69239052147495e-05	2.47901398341504e-05	1.79621895909111e-05
vmr_madelantopesos_avg6	1.66576603933955e-05	0.000179221424964774	2.69432843863667e-05
Visa_madelantopesos_avg6	1.65894424352615e-05	6.17415093018205e-05	2.69432843863667e-05
vm_status06_lag1	1.56851035620481e-05	2.13417055377009e-05	4.49054739772778e-05
Master_Finiciomora_avg6	1.54370955183139e-05	0.00048564781998441	4.49054739772778e-05
Master_msaldodolares_lag1	1.49302313276575e-05	9.76563684742165e-05	4.49054739772778e-05
Master_mpagosdolares_lag1	1.42915907949495e-05	3.52807966772417e-05	5.38865687727334e-05
mcheques_emitidos	1.34347263428509e-05	9.95591699151336e-05	8.98109479545557e-06
vm_mpagosdolares	1.33808844512616e-05	1.3784374365124e-05	3.59243791818223e-05
cforex_buy_avg6	1.2606021334433e-05	0.000232519818862709	1.79621895909111e-05
Master_Finiciomora_tend6	1.22261698140329e-05	0.000439158345560584	3.59243791818223e-05
vm_status02_delta1	1.18925432411937e-05	0.000113028585132338	2.69432843863667e-05
cseguro_vivienda_tend6	1.16459559668034e-05	0.000449821677375122	4.49054739772778e-05
active_quarter_delta1	1.16059613651478e-05	9.58565580607137e-05	2.69432843863667e-05
ccheques_depositados_delta1	1.09724971031046e-05	6.43192012755853e-05	1.79621895909111e-05
ctarjeta_master_debitos_automaticos_delta1	1.09329574973595e-05	5.49508550024695e-05	2.69432843863667e-05
ctarjeta_master_debitos_automaticos_lag1	1.09150249816727e-05	1.66893045958893e-05	3.59243791818223e-05
ccajas_otras_lag1	1.08752328292454e-05	0.000281589748059843	3.59243791818223e-05
minversion1_pesos_delta1	1.0591741769122e-05	9.91797454445402e-05	8.98109479545557e-06
Master_madelantopesos_tend6	1.03941814076621e-05	2.43955199660696e-06	8.98109479545557e-06
mtarjeta_visa_descuentos_delta1	1.03096296425359e-05	0.000188964437553714	4.49054739772778e-05
Master_delinquency_tend6	1.00110241716235e-05	0.000167035023157638	3.59243791818223e-05
minversion1_pesos_avg6	9.83536006863542e-06	4.55642435545962e-05	3.59243791818223e-05
Master_mpagosdolares_tend6	9.07579328485126e-06	8.39292454551813e-06	2.69432843863667e-05
cforex_sell_lag1	8.85642040691004e-06	7.54406973476972e-05	8.98109479545557e-06
minversion1_pesos_tend6	8.41017968690678e-06	0.000120259292003368	8.98109479545557e-06
cinversion2_lag1	8.18400029309944e-06	0.000170663039424393	1.79621895909111e-05
Master_Finiciomora_lag1	8.10866446722887e-06	0.000121052829427708	8.98109479545557e-06
mcheques_emitidos_tend6	7.89370690309024e-06	1.72490784811054e-06	8.98109479545557e-06
ccajas_consultas_lag1	7.83539597388721e-06	4.23873310576935e-05	1.79621895909111e-05
Master_msaldodolares	7.21444800631517e-06	9.10971753810366e-06	2.69432843863667e-05
Master_cadelantosefectivo_lag1	7.21193025033334e-06	2.89418601031967e-06	8.98109479545557e-06
ccuenta_debitos_automaticos_delta1	6.9083699442451e-06	3.31824504242145e-05	8.98109479545557e-06
ccaja_ahorro_delta1	6.58293186962999e-06	9.0724043953847e-05	8.98109479545557e-06
cinversion2	6.18687724779329e-06	0.000362019907893617	2.69432843863667e-05
cseguro_accidentes_personales_delta1	5.91025522462125e-06	0.000440505363826736	3.59243791818223e-05
vm_status01_lag1	5.54575979066517e-06	5.66412278562906e-05	1.79621895909111e-05
mtarjeta_master_descuentos_delta1	5.53702990954619e-06	8.45910894346307e-05	8.98109479545557e-06
mcheques_depositados	5.50657388101692e-06	3.4844274349423e-05	8.98109479545557e-06
Master_madelantopesos	5.29897074846318e-06	7.79431797783427e-06	8.98109479545557e-06
mforex_sell_delta1	5.03765454954223e-06	1.38376350007615e-05	2.69432843863667e-05
Visa_delinquency_lag1	4.93916331337644e-06	3.00061518827659e-05	1.79621895909111e-05
vm_cadelantosefectivo_avg6	4.76416632581305e-06	8.40089061753423e-05	1.79621895909111e-05
cseguro_vivienda_delta1	4.64179673593363e-06	2.69620072527982e-05	8.98109479545557e-06
tcuentas_delta1	4.34522947926073e-06	0.000311732351542268	2.69432843863667e-05
Master_msaldodolares_delta1	4.00501305868014e-06	0.000113181613529256	1.79621895909111e-05
vmr_mpagosdolares	3.71647670591392e-06	2.76677490472111e-05	1.79621895909111e-05
vm_status02_lag1	3.68942578207372e-06	1.06321735752463e-06	8.98109479545557e-06
Master_madelantodolares	3.65822289939887e-06	3.37629453060043e-06	1.79621895909111e-05
mcajeros_propios_descuentos_lag1	3.38101961060652e-06	8.27702510468272e-05	1.79621895909111e-05
mprestamos_hipotecarios_avg6	3.36618339961947e-06	0.000317455951262507	2.69432843863667e-05
cinversion1_avg6	3.18587106772262e-06	5.01380581982913e-05	8.98109479545557e-06
vm_madelantopesos_avg6	2.89797662495972e-06	6.31152346302232e-05	8.98109479545557e-06
ccajas_transacciones_delta1	2.67457546850525e-06	9.14985487591118e-05	1.79621895909111e-05
Visa_cadelantosefectivo	2.41746100885274e-06	1.19405126477942e-05	8.98109479545557e-06
Visa_cadelantosefectivo_tend6	2.26332581059574e-06	1.58957671715494e-05	3.59243791818223e-05
Master_cadelantosefectivo	2.21366438739688e-06	1.75376375445018e-06	8.98109479545557e-06
Master_cadelantosefectivo_delta1	2.19461177501794e-06	3.30001056543662e-06	8.98109479545557e-06
mtarjeta_visa_descuentos_lag1	1.79216234078773e-06	4.14310954380345e-05	1.79621895909111e-05
Visa_Finiciomora_delta1	1.7756774355768e-06	8.08163378143617e-05	8.98109479545557e-06
ccheques_depositados	1.38469272979638e-06	1.18576286614996e-05	8.98109479545557e-06
mpagodeservicios_tend6	1.36076763636706e-06	2.87767060860613e-05	8.98109479545557e-06
mcheques_depositados_lag1	1.27607625648672e-06	3.25130854904531e-05	8.98109479545557e-06
Visa_cadelantosefectivo_avg6	1.14024786698283e-06	4.34715763895188e-05	8.98109479545557e-06
Visa_cadelantosefectivo_lag1	1.13343756806501e-06	2.98106070706558e-06	8.98109479545557e-06
Master_mpagosdolares_delta1	9.40972641471629e-07	2.48513818906904e-06	8.98109479545557e-06
cforex_lag1	9.20572456830192e-07	1.65998205884637e-06	8.98109479545557e-06
Master_mpagosdolares	7.39893720446307e-07	4.31319055345741e-06	2.69432843863667e-05
mcajeros_propios_descuentos_delta1	4.81790571684771e-07	2.24896487478823e-05	8.98109479545557e-06
vm_status03	8.71484815293597e-09	1.32054143719693e-05	1.79621895909111e-05
Master_status_delta1	3.07115559036014e-09	2.63908751916824e-06	8.98109479545557e-06
vm_status04_lag1	2.76291487424065e-09	1.83112214165855e-06	8.98109479545557e-06
Visa_madelantodolares	4.45881014757263e-10	1.40532868539912e-05	1.79621895909111e-05
vm_status01_delta1	2.88700505154101e-10	4.63275436728249e-06	1.79621895909111e-05
Visa_madelantopesos_tend6	1.11564895699276e-10	1.11801288179722e-06	8.98109479545557e-06
Master_madelantopesos_lag1	1.03811968242667e-14	1.62744241978253e-06	8.98109479545557e-06
Master_cadelantosefectivo_avg6	3.61410622172515e-15	1.19675266877718e-06	8.98109479545557e-06
