Feature	Gain	Cover	Frequency
ctrx_quarter_normalizado	0.110862211451471	0.00564687286450173	0.00326000763605392
ctrx_quarter	0.0625939373151216	0.00497391536183301	0.00317189932156598
ctrx_quarter_normalizado_lag1	0.0622413009621581	0.00254171283300303	0.00223207730036124
mpasivos_margen	0.0301933746702171	0.00381670191629372	0.00431730740990925
mpayroll_sobre_edad	0.020739803120222	0.00538878469568409	0.002085230109548
mprestamos_personales	0.0179576918457409	0.0112371238228767	0.00352433257951775
cpayroll_trx	0.0177689525613348	0.00416884287013175	0.00161531909894564
mtarjeta_visa_consumo	0.0177542440084239	0.00303509890969715	0.00311316044524068
mcuentas_saldo	0.0137764832900271	0.0104957837589308	0.00672560133924638
mcaja_ahorro	0.0131991043215696	0.00314558473158021	0.00466974066786102
ccomisiones_mantenimiento_tend6	0.0117079083015732	0.00436294943146238	0.00176216628975888
mcaja_ahorro_lag1	0.0110157223991328	0.00238318740984793	0.00458163235337308
mpayroll	0.0101253090630453	0.00377533834258039	0.00135099415548181
ccomisiones_mantenimiento_avg6	0.00961373714540712	0.00663407558580865	0.00367117977033099
mcomisiones_mantenimiento_tend6	0.00811523483746836	0.00388240501022525	0.00358307145584305
mcomisiones_otras_avg6	0.00680643662889736	0.00512548861812592	0.00493406561132486
vm_status01	0.00674868236658756	0.00118488024805681	0.000323063819789127
ctrx_quarter_avg6	0.00621723726437768	0.0023861233857409	0.00296631325442744
mcomisiones_avg6	0.00582075607524039	0.00311942635636688	0.00449352403888514
mactivos_margen	0.00573877654269509	0.00447290757861955	0.0050221739258128
mrentabilidad_annual_avg6	0.00561069000582333	0.00412859877300702	0.0072248817880114
mcuentas_saldo_tend6	0.00498937896003626	0.00358945078624355	0.00516902111662604
mprestamos_personales_avg6	0.00478238747351673	0.00117237571811914	0.000910452583042086
cproductos	0.0042681767095781	0.003449317549417	0.00284883550177685
cprestamos_personales	0.0041214796544756	0.00143928333132598	0.000881083144879439
mcuenta_corriente_avg6	0.00389754357083849	0.00412504953229125	0.00628505976680666
mrentabilidad_annual_lag1	0.00387815975438931	0.00271697596235658	0.00481658785867426
ctarjeta_visa_transacciones	0.00376509087624033	0.00300811630446805	0.00337748538870451
mrentabilidad_annual	0.00367002715311864	0.00426172382988043	0.00431730740990925
ctrx_quarter_delta1	0.0035135881360945	0.0028781130613127	0.00405298246644542
cliente_edad_lag1	0.00342883321636224	0.00408317739112138	0.00666686246292109
cliente_edad_avg6	0.00332831314140227	0.00479032277176429	0.00693118740638492
ctransferencias_recibidas_avg6	0.00331017974478267	0.00476130615845244	0.00654938471027049
mcuentas_saldo_avg6	0.00329948841776218	0.00304541186201586	0.00511028224030074
cliente_edad	0.0032853487915222	0.00370450272201204	0.00657875414843314
mprestamos_personales_tend6	0.00328350265209523	0.00356069801029463	0.00185027460424682
vm_msaldopesos	0.00315171057870501	0.00232433230889918	0.00149784134629505
mrentabilidad_annual_tend6	0.00313459371780524	0.00389823891640957	0.00610884313783077
foto_mes	0.00311275308791191	0.00242128364050411	0.00249640224382508
cproductos_tend6	0.00307306827458454	0.00469334893022562	0.002085230109548
Visa_fechaalta	0.00307206725289501	0.00240861840010925	0.00484595729683691
numero_de_cliente	0.00305365416799056	0.00373740674853263	0.00654938471027049
cliente_antiguedad	0.00304092288665714	0.00261827618473533	0.0042879379717466
mcuentas_saldo_lag1	0.00300984218216481	0.002427627253925	0.00402361302828277
thomebanking_avg6	0.00299672879593451	0.0012502642767647	0.00314252988340333
mprestamos_personales_lag1	0.00294004956689712	0.00250300516972797	0.000969191459367382
chomebanking_transacciones_avg6	0.00286740885104818	0.00211320692894174	0.00552145437457781
Visa_fechaalta_lag1	0.00286102189627341	0.0018993444980872	0.0042879379717466
Master_fechaalta_avg6	0.0028570123079867	0.00228706344917976	0.0050221739258128
mcaja_ahorro_avg6	0.00278057224228671	0.00511600643940837	0.00566830156539105
mrentabilidad	0.00275812958245602	0.00469173030894345	0.00461100179153573
mcomisiones_mantenimiento	0.00273143385034223	0.0015816754138293	0.00205586067138536
mactivos_margen_lag1	0.00272314184298394	0.00190605324357287	0.00331874651237922
ctrx_quarter_tend6	0.00272251705310792	0.00405643244891367	0.00505154336397545
mactivos_margen_tend6	0.00270580579532421	0.00387057237563546	0.00519839055478869
Master_Fvencimiento_avg6	0.00269421329267697	0.00338780758500365	0.0056976710035537
mcuenta_corriente	0.00265027035815274	0.00326368152850256	0.00372991864665629
cpayroll_trx_avg6	0.00264031003168162	0.00205567284701161	0.0014684719081324
mcomisiones_mantenimiento_avg6	0.00262974650795868	0.00369502630164963	0.00328937707421657
mactivos_margen_avg6	0.00259912086088799	0.00415725810655655	0.00466974066786102
cdescubierto_preacordado	0.00256152209165233	0.000535482531971172	0.000469911010602367
cproductos_delta1	0.00254003193088998	0.00112796937719927	0.000440541572439719
vm_Fvencimiento_avg6	0.00248824718094175	0.00317982705218485	0.00464037122969838
mcuentas_saldo_delta1	0.00248044511968527	0.00582239983121821	0.00384739639930688
Visa_mpagominimo	0.00247512061728915	0.00228360058379115	0.00293694381626479
cdescubierto_preacordado_tend6	0.00247253953047476	0.00412083781899056	0.000675497077740903
Master_Fvencimiento	0.00244380834615487	0.00315421886163115	0.0049634350494875
mtransferencias_recibidas_avg6	0.00243491327373716	0.00316882859386063	0.0050809128021381
ctrx_quarter_normalizado_tend6	0.00243339550497455	0.00277449276922128	0.00422919909542131
mrentabilidad_avg6	0.00241776293510762	0.00301065652431661	0.00408235190460807
vm_msaldototal	0.00241282969270509	0.00110769185304802	0.00132162471731916
Visa_msaldopesos	0.00237986754265653	0.00202425578483514	0.00226144673852389
tcallcenter_tend6	0.00237618359558127	0.00168576396489127	0.00132162471731916
Master_Fvencimiento_lag1	0.00233243404225116	0.0032769144903659	0.00475784898234897
cliente_antiguedad_lag1	0.00223466678632947	0.00299025755122052	0.00475784898234897
mcuenta_corriente_tend6	0.00222855417996916	0.00224801996910246	0.00387676583746953
vm_Fvencimiento_lag1	0.00218964863351469	0.00422414611293058	0.00381802696114423
Master_fechaalta	0.00217117883071253	0.00166582644543691	0.00455226291521043
cliente_antiguedad_avg6	0.00215992851475203	0.0030137587072785	0.00469911010602367
mcomisiones_otras	0.00214241159519866	0.0015361590190838	0.00290757437810215
mcuenta_corriente_lag1	0.00214154286180298	0.00235492304711256	0.00331874651237922
Visa_mpagospesos_tend6	0.00210399419972298	0.00392353013568695	0.00399424359012012
vm_status01_avg6	0.00210389556945871	0.000199227309513751	0.000323063819789127
ccomisiones_otras_avg6	0.00206869334190501	0.00252209490225914	0.0042879379717466
mactivos_margen_delta1	0.0020237354200721	0.00290719772791262	0.00337748538870451
mcaja_ahorro_dolares	0.00202051674158834	0.00429872073819102	0.00346559370319246
vmr_mpagominimo_avg6	0.00201194374002895	0.00238305156501522	0.00299568269259009
mrentabilidad_tend6	0.00199738814535231	0.00223714191274943	0.00417046021909601
ccallcenter_transacciones_avg6	0.00199625227474844	0.00477529503530007	0.00417046021909601
mcomisiones_otras_tend6	0.00199009592591966	0.00317122747226476	0.00411172134277071
chomebanking_transacciones_tend6	0.00198965966517591	0.00237961618268525	0.00393550471379483
mrentabilidad_annual_delta1	0.00196502533512844	0.00205616309242906	0.00411172134277071
Visa_cconsumos_avg6	0.00196310070646763	0.00195825220946248	0.00364181033216835
mpasivos_margen_lag1	0.0019530956471218	0.00118972590391012	0.00249640224382508
Visa_Fvencimiento_avg6	0.00194867511719677	0.00229309768188339	0.00390613527563218
vm_Fvencimiento	0.00194296881343915	0.00275288035365039	0.00387676583746953
vm_fechaalta_avg6	0.00193765138518117	0.00176730358244127	0.00343622426502981
mautoservicio	0.00193587938951805	0.00291333534926542	0.00326000763605392
vm_mpagominimo	0.00192357871450107	0.0013072664960743	0.00182090516608417
Visa_Fvencimiento_lag1	0.00192055293362386	0.00149224815844969	0.00402361302828277
ctrx_quarter_normalizado_delta1	0.00190639375504588	0.00157888863168323	0.00234955505301184
mpasivos_margen_tend6	0.00190574917599359	0.00346517344204823	0.00396487415195747
mtransferencias_emitidas_avg6	0.0019026069944559	0.00286699655670805	0.00446415460072249
mcaja_ahorro_dolares_avg6	0.00188891413034073	0.00238362138043102	0.00381802696114423
Visa_fechaalta_avg6	0.00187235571314224	0.00139433858420019	0.00340685482686716
cdescubierto_preacordado_avg6	0.00187215588887841	0.00138637294683272	0.000851713706716791
thomebanking	0.00186934338388113	0.00106406419878961	0.00114540808834327
mcomisiones	0.00186657735749823	0.00273107765061634	0.00352433257951775
Visa_mlimitecompra_tend6	0.00185673122493295	0.00190350726536916	0.00364181033216835
tcallcenter	0.00184946356106602	0.000443587559669126	0.000323063819789127
Master_mlimitecompra_tend6	0.00184379843349295	0.00319674667005714	0.00402361302828277
Master_fechaalta_lag1	0.00183587677391346	0.00189383113478064	0.00414109078093336
cmobile_app_trx_avg6	0.00183100349329412	0.00191939613767076	0.00372991864665629
azar	0.00180712715997692	0.00230261388724497	0.00469911010602367
vm_fechaalta_lag1	0.00180069590773267	0.00150631241740103	0.00375928808481894
mcomisiones_tend6	0.00179115602974249	0.00123031288490932	0.00328937707421657
mcuenta_debitos_automaticos	0.00174839262234793	0.0037395415278304	0.00199712179506006
ccomisiones_mantenimiento_delta1	0.00173081923231957	0.00116081163227377	0.000558019325090311
ccaja_seguridad	0.00171531453594195	0.00294238284830031	0.000704866515903551
mcomisiones_otras_lag1	0.0017064718594601	0.00277624828230982	0.00323063819789127
vm_fultimo_cierre_tend6	0.00170397780664493	0.00279368379645429	0.00196775235689741
mcomisiones_mantenimiento_delta1	0.00170247223822165	0.00177990260175198	0.00102793033569268
mautoservicio_avg6	0.00168133157825823	0.00406686685017723	0.00402361302828277
vmr_msaldopesos2	0.00164783445822623	0.00192790122821781	0.00299568269259009
mpasivos_margen_avg6	0.00164679243892172	0.00177212384918327	0.00346559370319246
mrentabilidad_lag1	0.00163196897649388	0.00125226661389417	0.00290757437810215
cproductos_avg6	0.00162522795614737	0.00276187490438464	0.00384739639930688
mttarjeta_visa_debitos_automaticos_avg6	0.00162449599272358	0.00230602545092412	0.00290757437810215
vmr_msaldototal	0.00160664374877304	0.00157349933475568	0.00123351640283121
Visa_mconsumospesos_tend6	0.00159612021675567	0.00236910194967993	0.00331874651237922
Master_mfinanciacion_limite_tend6	0.00158730407597593	0.00245772853195117	0.00340685482686716
mcaja_ahorro_tend6	0.00156052919423857	0.00244726507716848	0.00323063819789127
Master_fultimo_cierre_avg6	0.00155418969104698	0.002275412202777	0.0028194660636142
ctarjeta_debito_avg6	0.00154812007314442	0.00185525983982512	0.0028782049399395
chomebanking_transacciones	0.00154392666046998	0.00390151908489407	0.00326000763605392
mtransferencias_emitidas_tend6	0.00154375148810188	0.00517803282358073	0.0028782049399395
Visa_mfinanciacion_limite_tend6	0.00153355221725501	0.00188636071595553	0.00323063819789127
cpayroll_trx_lag1	0.00152526282162937	0.000863883358012767	0.000528649886927663
ctarjeta_visa_transacciones_tend6	0.00150480916770306	0.00157080651849582	0.00205586067138536
vm_status04_delta1	0.00149980929148354	0.000902382935272416	0.000234955505301184
mtransferencias_recibidas_tend6	0.00149707288921634	0.00288901284236923	0.00328937707421657
vm_cconsumos_avg6	0.0014800629743516	0.00261665546950583	0.00252577168198772
vmr_mpagado_avg6	0.00147400061577846	0.00440999781041948	0.00337748538870451
Visa_mconsumospesos_avg6	0.00147013675042175	0.00126299599998713	0.0028782049399395
mpayroll_lag1	0.00146943582394437	0.00195388999369781	0.0014684719081324
ccajas_consultas_tend6	0.00146082055145015	0.00201980719374331	0.000939822021204734
vm_mpagospesos_tend6	0.00145105835312662	0.00191148808385473	0.00258451055831302
Visa_cconsumos_tend6	0.00145068336857059	0.0021951061819448	0.00317189932156598
chomebanking_transacciones_lag1	0.00143749128878856	0.00140005872480508	0.00290757437810215
mtransferencias_recibidas	0.00142990554450773	0.00254494614941614	0.00284883550177685
vm_mlimitecompra_tend6	0.00142440522603156	0.00180666665122904	0.00311316044524068
ctransferencias_emitidas_avg6	0.00142286393172883	0.00178286893988117	0.00273135774912626
vmr_msaldototal_avg6	0.00139622538967033	0.00238804772333252	0.00135099415548181
Visa_fultimo_cierre_avg6	0.00139305343881571	0.00110907385828248	0.0028782049399395
ccomisiones_otras_tend6	0.00138812878859367	0.00199456937012272	0.00331874651237922
mcaja_ahorro_dolares_lag1	0.00138182533862547	0.00164089538509942	0.00276072718728891
Visa_mpagominimo_tend6	0.00138143049800768	0.00140825207894413	0.00267261887280096
Visa_Fvencimiento	0.00138018350300941	0.00114243331834625	0.00293694381626479
mrentabilidad_delta1	0.00136251448678415	0.00235908293521695	0.00308379100707804
vm_fechaalta	0.00135414774817721	0.00118378380488879	0.00314252988340333
mcomisiones_delta1	0.00135077666825268	0.00197279938501563	0.00246703280566243
Visa_fultimo_cierre_tend6	0.0013472650015275	0.00390960015110782	0.00173279685159623
Visa_msaldopesos_delta1	0.00133998157503069	0.00128195119640268	0.00202649123322271
mttarjeta_visa_debitos_automaticos_tend6	0.00133834269561398	0.00352588116289271	0.00223207730036124
cextraccion_autoservicio_avg6	0.00133827344512835	0.0013914274739317	0.00255514112015037
mcomisiones_lag1	0.00133082090649474	0.00196097198529415	0.0021439689858733
Visa_mpagado_avg6	0.00132702294933246	0.00130605855021123	0.00284883550177685
ctarjeta_debito_transacciones_avg6	0.00130803229993325	0.00154684129136195	0.00276072718728891
vm_fultimo_cierre_avg6	0.00128889868997198	0.00141445984753231	0.00273135774912626
mpayroll_avg6	0.0012860079887531	0.00231288705456451	0.00223207730036124
ctransferencias_recibidas_tend6	0.00128063254646622	0.00185881222146187	0.0028782049399395
Visa_msaldototal_tend6	0.00126889063419862	0.00135122499401005	0.00249640224382508
Visa_mfinanciacion_limite	0.00126558978106091	0.00134241261669306	0.00237892449117448
matm_avg6	0.0012628715456746	0.00118469362500148	0.00255514112015037
mttarjeta_visa_debitos_automaticos_lag1	0.00124728629294478	0.002119895258441	0.00217333842403595
Master_mfinanciacion_limite	0.00123456706341137	0.000992368227614122	0.00267261887280096
mpagomiscuentas_avg6	0.00121470708555883	0.00297549051119826	0.00258451055831302
Master_mfinanciacion_limite_delta1	0.00120719647044367	0.000936964737087114	0.00246703280566243
Visa_mpagominimo_lag1	0.00120305896871281	0.000925175028417489	0.00217333842403595
ctrx_quarter_normalizado_avg6	0.00120249302329129	0.00320025272310933	0.00276072718728891
mpasivos_margen_delta1	0.0011953899758287	0.00229293199830131	0.00279009662545156
vmr_Master_mlimitecompra_avg6	0.00119114786262312	0.00172913511060238	0.00240829392933713
mtarjeta_master_consumo	0.00118967832503757	0.00181455271859816	0.000763605392228847
ccajas_transacciones_tend6	0.00117373246305528	0.00157756682743437	0.000969191459367382
mcaja_ahorro_dolares_tend6	0.00115890828610093	0.00221647203521818	0.002085230109548
Visa_mlimitecompra	0.00114379671340159	0.00109496588818074	0.0022027078621986
Visa_mpagospesos	0.00113890485874003	0.00102540364932936	0.00270198831096361
mcuenta_corriente_delta1	0.00113597340093973	0.00227640133114462	0.00279009662545156
ctarjeta_visa_debitos_automaticos_avg6	0.00113236770670579	0.00156287438428555	0.002085230109548
mtransferencias_recibidas_lag1	0.00113109904569543	0.00131133922362129	0.00234955505301184
chomebanking_transacciones_delta1	0.00112882716052451	0.00180166237886586	0.00196775235689741
Master_mfinanciacion_limite_lag1	0.00112434188126681	0.00098816803102372	0.00223207730036124
Master_status_avg6	0.00112048687268604	0.000142193680994282	0.000117477752650592
vmr_msaldopesos2_tend6	0.00111706751781766	0.00252132040349233	0.00279009662545156
mcaja_ahorro_delta1	0.00111286019321247	0.0023160311164729	0.00252577168198772
Visa_mconsumospesos_lag1	0.00110714646924857	0.000895723659292295	0.00232018561484919
ccaja_ahorro	0.00110621939560927	0.00339138980538978	0.00108666921201797
Visa_mfinanciacion_limite_lag1	0.00110027552169767	0.000914712620608457	0.00226144673852389
Master_mlimitecompra_delta1	0.00109477171174612	0.00122892616829338	0.0022027078621986
ccallcenter_transacciones	0.00109271598978815	0.00130088650031864	0.000440541572439719
cmobile_app_trx_tend6	0.00108449467014268	0.00168888996650398	0.00240829392933713
Visa_cconsumos_lag1	0.00107494972574008	0.00100745878249809	0.00226144673852389
Master_mfinanciacion_limite_avg6	0.00107466203420876	0.00073748798609828	0.00226144673852389
Visa_mpagospesos_delta1	0.00106728793379903	0.00126412306713478	0.00255514112015037
vmr_mpagominimo	0.00106667292846321	0.00198894685981186	0.00176216628975888
mcomisiones_otras_delta1	0.00105624178140926	0.00282403818036337	0.00240829392933713
vm_mpagominimo_lag1	0.00105340293379461	0.000565260033392225	0.00111603865018062
Visa_mconsumosdolares_avg6	0.00104935850707216	0.00176875835234527	0.00229081617668654
Visa_mpagominimo_avg6	0.00103990399378557	0.00110533877974163	0.00205586067138536
vmr_msaldopesos2_avg6	0.00103446265558504	0.00105196065976466	0.00240829392933713
vm_mpagado_avg6	0.0010336077951324	0.00209725288252965	0.00234955505301184
Visa_mfinanciacion_limite_avg6	0.00101079017916308	0.000836692143281423	0.0021439689858733
vm_cconsumos_tend6	0.00100946374624899	0.0036108781492196	0.00234955505301184
mextraccion_autoservicio_avg6	0.00100292035184221	0.000918337243427918	0.0021439689858733
vmr_msaldopesos_avg6	0.000996042206430445	0.00229176462266765	0.00190901348057212
Master_mlimitecompra_avg6	0.00098945730864351	0.00109966810864229	0.00211459954771065
mpayroll_sobre_edad_lag1	0.000987492459968185	0.00101172232099507	0.00149784134629505
ctransferencias_emitidas_tend6	0.000984328342077108	0.00161328066952161	0.00226144673852389
vm_mfinanciacion_limite_tend6	0.000981053106975053	0.00122762870618217	0.0022027078621986
Visa_mpagospesos_avg6	0.000970667972872898	0.00115002858878061	0.00223207730036124
mcaja_ahorro_dolares_delta1	0.000969038653978938	0.00246875656728135	0.00132162471731916
ccajas_consultas	0.000943702452942419	0.00234086480825978	0.000469911010602367
Visa_msaldototal	0.000928444536234715	0.000971028810425721	0.00170342741343358
vm_mfinanciacion_limite_delta1	0.00092391576815504	0.000890578830714932	0.00185027460424682
Visa_mpagospesos_lag1	0.000921623400225894	0.0012881479717674	0.00202649123322271
ccomisiones_otras	0.000918862106028951	0.00152905556452738	0.00185027460424682
tcallcenter_avg6	0.000917591817142844	0.00127063812249289	0.00179153572792152
mpayroll_sobre_edad_avg6	0.000904314675925773	0.00127623838461343	0.00217333842403595
Visa_mconsumospesos	0.000895794936766786	0.000889955357898933	0.00176216628975888
Visa_mlimitecompra_lag1	0.000893505226965119	0.000712847722695536	0.00179153572792152
mtransferencias_emitidas	0.000875885907584962	0.00361324457144019	0.00217333842403595
mcuenta_debitos_automaticos_tend6	0.000865358234639236	0.00252936142296349	0.0014684719081324
ctrx_quarter_lag1	0.000864102824079276	0.00105364340818366	0.00179153572792152
vmr_msaldototal_tend6	0.000861899243551483	0.000767385104260269	0.00173279685159623
mpayroll_tend6	0.000858206929896462	0.00237665324722047	0.00161531909894564
mtarjeta_visa_consumo_tend6	0.000856973455379344	0.00197412825633671	0.00155658022262034
cmobile_app_trx	0.000851015147897036	0.00096757981743814	0.00149784134629505
thomebanking_tend6	0.000841861698335425	0.00330076847654813	0.00173279685159623
vmr_msaldopesos	0.000834672177001171	0.000804458179904807	0.00123351640283121
Visa_mconsumototal_tend6	0.000831720475199798	0.0016194970756425	0.00182090516608417
Visa_msaldototal_avg6	0.000822840075866086	0.00124141577885636	0.00193838291873476
Visa_fultimo_cierre	0.000821923599032223	0.00138108887075825	0.00173279685159623
Master_mlimitecompra	0.000821290723248269	0.000634137289724936	0.00176216628975888
vm_mpagominimo_avg6	0.000812507815077939	0.00113818522271079	0.00187964404240947
Master_fultimo_cierre_tend6	0.000810543013011849	0.00243190780574399	0.00173279685159623
ctarjeta_master_transacciones	0.000809731378599597	0.000957447729819616	0.000352433257951775
vmr_Visa_mlimitecompra_lag1	0.000808175500164069	0.000532933936333312	0.00158594966078299
mcomisiones_mantenimiento_lag1	0.000807627816664632	0.00231749845006084	0.00155658022262034
mpagomiscuentas_tend6	0.000806486169434132	0.00234220441106091	0.00158594966078299
ctarjeta_debito_transacciones	0.00080054741212723	0.00151298216311777	0.00205586067138536
vm_mpagospesos_avg6	0.000799238246524882	0.00148990607836675	0.00164468853710829
ccallcenter_transacciones_tend6	0.000797101826591455	0.00214144407036189	0.00120414696466857
Visa_msaldopesos_tend6	0.000795944024077686	0.000789784058795086	0.00185027460424682
Visa_mlimitecompra_avg6	0.000791929428161376	0.000898626132028069	0.00167405797527093
vm_cconsumos_lag1	0.000791477709954348	0.001617108666975	0.00155658022262034
vm_status02	0.000788461361516744	0.000812125691521884	0.000176216628975888
ctarjeta_visa_transacciones_avg6	0.000788331202691818	0.000874808004693778	0.00152721078445769
cprestamos_personales_tend6	0.0007854669239997	0.00326595581704086	0.000792974830391495
Visa_mpagominimo_delta1	0.000784428423397776	0.000757406136539881	0.00173279685159623
vm_Fvencimiento_tend6	0.000781041239206196	0.000848663763624901	0.00123351640283121
Visa_mconsumototal_lag1	0.000779547832798824	0.000441838066679144	0.00158594966078299
Visa_msaldototal_delta1	0.000773748941355806	0.000829057611334714	0.00155658022262034
vm_mconsumototal_avg6	0.000773196341878919	0.000648599660411423	0.00126288584099386
ccomisiones_otras_lag1	0.000769047081819928	0.00115000895802444	0.00129225527915651
vm_status06_delta1	0.000765562833366386	0.000347842865210189	8.81083144879439e-05
Visa_mpagado_tend6	0.000764968774617648	0.00213744149005028	0.00179153572792152
vmr_Master_mlimitecompra	0.000763788045495716	0.00146277611159466	0.00143910246996975
vm_msaldopesos_tend6	0.000762601337958047	0.00121605833849483	0.0014097330318071
Master_mlimitecompra_lag1	0.000760611794891193	0.000747583953125448	0.00187964404240947
vmr_Visa_mlimitecompra_avg6	0.000756841981592515	0.000911558088963445	0.00149784134629505
ctarjeta_debito_transacciones_tend6	0.000756498122516229	0.000892669375375463	0.00167405797527093
mautoservicio_tend6	0.000753338078431183	0.00106276726016523	0.00199712179506006
vmr_mpagominimo_lag1	0.000752667063526349	0.000981082898506391	0.00161531909894564
ctarjeta_visa_transacciones_delta1	0.000751082160841006	0.00460936777009475	0.00167405797527093
vm_mpagospesos_lag1	0.000747377337088361	0.00220561518008181	0.00158594966078299
Visa_mconsumosdolares_tend6	0.000745034433981918	0.00189438943348616	0.00170342741343358
mautoservicio_lag1	0.000727673539323535	0.000783025582060447	0.00170342741343358
ctransferencias_recibidas_lag1	0.000725046567036842	0.00254397272565347	0.00170342741343358
Visa_Fvencimiento_tend6	0.000723512242185164	0.000431789998697033	0.00111603865018062
vmr_mconsumospesos	0.000720975593116669	0.00050074159015978	0.0014097330318071
Visa_msaldopesos_avg6	0.000715602658715869	0.00110959525116639	0.00135099415548181
ccomisiones_mantenimiento	0.000714303061068117	0.00184599883429377	0.000763605392228847
vmr_mpagospesos_avg6	0.000713905472620173	0.00154551556096185	0.00155658022262034
vmr_mpagospesos_tend6	0.000708080592022381	0.000985304296313458	0.00143910246996975
vmr_mpagospesos_lag1	0.000706888740890094	0.000849153747298935	0.00152721078445769
cprestamos_personales_avg6	0.0007015382804328	0.00183400208658239	0.000939822021204734
mtransferencias_emitidas_lag1	0.000699193522174229	0.00268552801445706	0.00249640224382508
ccajas_consultas_avg6	0.000697855020194778	0.00234932671114325	0.000734235954066199
vm_msaldopesos_avg6	0.000697453500151615	0.00269554964635419	0.00155658022262034
vmr_mpagominimo_tend6	0.000696266417017514	0.0015048757077927	0.00155658022262034
ctarjeta_debito_transacciones_delta1	0.000694976598654568	0.0043935276059918	0.00155658022262034
vmr_Visa_mlimitecompra	0.0006949205123526	0.000647606082405742	0.0014684719081324
mv_status07	0.000692115666086526	0.000260847467905073	0.000264324943463832
Visa_msaldopesos_lag1	0.00069027903482282	0.000538342602273616	0.00108666921201797
Master_mconsumospesos_tend6	0.000682260200752338	0.00127240122614049	0.00149784134629505
cproductos_lag1	0.000682061759003582	0.00164579522183976	0.00170342741343358
mttarjeta_visa_debitos_automaticos	0.000681255769994461	0.000972818873645124	0.00152721078445769
mcuenta_debitos_automaticos_lag1	0.000680756346680197	0.00070153464878575	0.00117477752650592
ctarjeta_visa_debitos_automaticos_tend6	0.000678372154246874	0.000658199885409413	0.000851713706716791
mplazo_fijo_dolares	0.00067385504216582	0.00401438965103681	0.000792974830391495
catm_trx_avg6	0.000672453704573521	0.000672542377611547	0.0014097330318071
mprestamos_personales_delta1	0.000671798122849759	0.00281224402205568	0.000822344268554143
Master_fultimo_cierre	0.000671744865333304	0.000737224148735338	0.00120414696466857
Visa_mlimitecompra_delta1	0.000669160030894058	0.000749305701313375	0.00155658022262034
vm_cconsumos	0.000667970968174135	0.000781696187252529	0.00114540808834327
ctarjeta_master_avg6	0.000665140498636323	1.86722517832662e-05	5.87388763252959e-05
vm_mpagospesos_delta1	0.000664992363326425	0.0010404217012872	0.00138036359364445
mcuenta_debitos_automaticos_avg6	0.000663343253060116	0.00214625674654483	0.00164468853710829
cpagomiscuentas_avg6	0.000663279255314604	0.0013402008848311	0.00152721078445769
ccuenta_debitos_automaticos_tend6	0.000659326356486014	0.00387714161188061	0.00105729977385533
vm_fechaalta_tend6	0.000656967995067255	0.000216720930696495	0.000910452583042086
cextraccion_autoservicio_tend6	0.000656751924745717	0.00162498478809433	0.00161531909894564
Visa_mconsumototal_avg6	0.000655395722447509	0.000675390931203704	0.0014097330318071
cliente_edad_tend6	0.000651821782438416	0.000659002390721694	0.00161531909894564
ccaja_ahorro_lag1	0.000651472990119471	0.000959188847020299	0.000528649886927663
mpayroll_sobre_edad_tend6	0.000650014300800584	0.00172176363078836	0.00111603865018062
cpagomiscuentas_tend6	0.000647933727961645	0.00189177173758657	0.00132162471731916
vm_fultimo_cierre_lag1	0.000644829998112579	0.000651787695213635	0.00173279685159623
Visa_fechaalta_tend6	0.000644620160692108	0.00115788272345302	0.00099856089753003
ccuenta_debitos_automaticos_avg6	0.00064226499066812	0.00178106788343831	0.00143910246996975
vmr_msaldopesos2_lag1	0.000640552024347117	0.00156594254060341	0.00182090516608417
vm_mconsumosdolares_avg6	0.000636338997733912	0.00176483717423592	0.00155658022262034
ctarjeta_visa_transacciones_lag1	0.000628807578088265	0.000532759876961927	0.00117477752650592
Master_cconsumos_avg6	0.000628575345389277	0.00175409600968925	0.00132162471731916
Visa_cconsumos	0.000627640479643062	0.000582547139020048	0.00155658022262034
vmr_msaldopesos_lag1	0.00062627990022774	0.000410709445746678	0.00123351640283121
vm_mconsumospesos_avg6	0.000623050693108897	0.000937615954705168	0.00129225527915651
mpagomiscuentas	0.000622322404982226	0.00196240110434342	0.00105729977385533
Visa_msaldototal_lag1	0.000620518621403025	0.000390749939845408	0.00114540808834327
Visa_mfinanciacion_limite_delta1	0.000620298613102037	0.00102539736748738	0.00155658022262034
mextraccion_autoservicio_tend6	0.000618863562316577	0.0013388314432806	0.00158594966078299
vmr_Master_mlimitecompra_lag1	0.000618590411085754	0.000626141551864676	0.00120414696466857
vm_mconsumospesos	0.000616707803840414	0.00115632796756426	0.00161531909894564
matm_other_avg6	0.00061604262574449	0.00175983918371471	0.00143910246996975
ccajas_transacciones_avg6	0.000615583933857765	0.00118669700910461	0.00114540808834327
vmr_msaldototal_lag1	0.000608741485271384	0.000723817127500618	0.00114540808834327
Visa_mconsumospesos_delta1	0.000608041260259446	0.000429708876799465	0.00149784134629505
ctarjeta_debito_transacciones_lag1	0.000606085483271528	0.00135437874042481	0.00155658022262034
ctarjeta_debito_lag1	0.000595478452988978	0.000483493484300884	0.00102793033569268
Visa_mconsumototal	0.000595445361878481	0.000666555782209562	0.00158594966078299
vmr_mconsumospesos_tend6	0.000586794473542333	0.000534757240966498	0.00123351640283121
vmr_msaldopesos_delta1	0.000583216286492973	0.00163536841113526	0.00111603865018062
vmr_msaldopesos_tend6	0.000580847017194395	0.00117206345822431	0.00132162471731916
mtarjeta_visa_consumo_avg6	0.000579620585581057	0.00135097031766665	0.00120414696466857
vm_mpagominimo_tend6	0.000577882268046749	0.00105954833963997	0.00123351640283121
ctransferencias_recibidas	0.000573249672905113	0.00113196829310306	0.00149784134629505
vm_msaldototal_tend6	0.000571948836704944	0.00134372238074481	0.00126288584099386
matm_tend6	0.000563021835916255	0.00114336983628732	0.00120414696466857
vmr_msaldopesos2_delta1	0.000562499491861476	0.000882095726614794	0.00129225527915651
vmr_mconsumospesos_avg6	0.000560159548678007	0.000462129201488	0.00126288584099386
Master_msaldototal_tend6	0.000556100500001452	0.00138909246092098	0.000851713706716791
vm_mfinanciacion_limite_avg6	0.000550195982692413	0.000422342631853763	0.00123351640283121
ccajas_extracciones_tend6	0.000548878320119767	0.00281454788759993	0.00108666921201797
Master_Fvencimiento_tend6	0.000548193486044666	0.000323555431931697	0.00117477752650592
Master_status	0.000547885901171447	0.0009365153236425	0.000176216628975888
vm_msaldopesos_lag1	0.00054288753083181	0.000646857496237078	0.00111603865018062
vm_mfinanciacion_limite	0.000541559967812047	0.000456434188251011	0.00108666921201797
vm_mlimitecompra_delta1	0.000535366883327143	0.000540069847073271	0.00132162471731916
ctarjeta_visa_debitos_automaticos	0.000534700899923564	0.000574364516361037	0.00102793033569268
Master_mpagospesos_tend6	0.000534560428890647	0.000862676197379942	0.00111603865018062
mextraccion_autoservicio_lag1	0.000530065141688831	0.00186651480669664	0.00135099415548181
vmr_mconsumospesos_lag1	0.000526349867776439	0.000538675539898281	0.00111603865018062
mautoservicio_delta1	0.000523554879785423	0.000817103527800082	0.00117477752650592
mv_status07_tend6	0.000512178476749405	0.000631089549393495	0.000323063819789127
vmr_mconsumosdolares_avg6	0.000507798916779583	0.00132505824300743	0.00129225527915651
mtransferencias_recibidas_delta1	0.000504480598235894	0.000747258082573005	0.00129225527915651
cseguro_accidentes_personales_avg6	0.000501086537629389	0.000806544536670688	0.000822344268554143
Master_mpagominimo_avg6	0.000499925919413403	0.00098922259524524	0.00111603865018062
Visa_cconsumos_delta1	0.000499230680265791	0.000993557327951269	0.00117477752650592
vmr_mconsumototal_tend6	0.000494856884810926	0.000664852094317312	0.000969191459367382
mtarjeta_visa_consumo_delta1	0.000490546235603118	0.000726042470020191	0.00105729977385533
vm_status02_avg6	0.000490168401019746	0.000287701557117102	0.000205586067138536
ccaja_seguridad_lag1	0.000484750904108945	0.000381492598721876	0.000117477752650592
vm_fultimo_cierre	0.000481436062355501	0.00044298659678687	0.000939822021204734
ccaja_ahorro_avg6	0.000470242403512675	0.000670702844886593	0.000411172134277071
vm_msaldototal_lag1	0.000468530334771408	0.000749366164042382	0.000851713706716791
mpayroll_delta1	0.000465506204826476	0.0033056654341109	0.000910452583042086
vm_mpagospesos	0.000465155164741566	0.000664544807547378	0.00105729977385533
Master_msaldototal_lag1	0.00046315683620095	0.00191422408777818	0.000881083144879439
Visa_mpagado	0.000462802093798882	0.00170840634080261	0.000910452583042086
vm_mconsumototal	0.000460518873572926	0.000463667467541579	0.000939822021204734
catm_trx_other_avg6	0.000457377264153832	0.000585852958359287	0.000763605392228847
cdescubierto_preacordado_delta1	0.000456164647757647	0.0047066949652445	0.000675497077740903
vm_mpagado_tend6	0.000455956143485702	0.000635682361107322	0.00126288584099386
Master_msaldopesos_tend6	0.00045488258609556	0.00104437324163276	0.000792974830391495
mv_status07_delta1	0.000454876168811237	0.000119204756800664	5.87388763252959e-05
vm_mpagominimo_delta1	0.00044688440034495	0.000899018485408078	0.00105729977385533
mpagomiscuentas_delta1	0.000442031261836063	0.00501275729948029	0.00123351640283121
Visa_delinquency_avg6	0.00044165143973077	0.000920717014562705	0.000499280448765015
vmr_mpagado_tend6	0.000438322765340468	0.000835254910186271	0.00117477752650592
Visa_Finiciomora_lag1	0.000437139786129749	0.00202283975295665	0.000352433257951775
cprestamos_personales_lag1	0.00043058402962726	0.00267527552486735	0.000646127639578255
vm_mconsumototal_tend6	0.000429938371709665	0.000601929500689882	0.000969191459367382
mpagomiscuentas_lag1	0.000426379466519496	0.000959935339241638	0.000851713706716791
vmr_mconsumototal_avg6	0.000425803938402798	0.000366152078875995	0.000822344268554143
Master_fechaalta_tend6	0.000425018755024063	0.000448894930907587	0.000939822021204734
cplazo_fijo_avg6	0.000424707654682059	0.00239272403119592	0.000587388763252959
vm_mconsumospesos_tend6	0.000418722157226896	0.00060982027944048	0.00099856089753003
vmr_Master_mlimitecompra_tend6	0.000415668057859736	0.000912900047455311	0.000792974830391495
mforex_sell_avg6	0.000408650101478024	0.000791302694092495	0.000704866515903551
vm_msaldopesos_delta1	0.000405756990810237	0.00248212537397739	0.00102793033569268
vmr_msaldototal_delta1	0.000404430097485176	0.000894836349113354	0.00105729977385533
Master_msaldototal	0.000403248999296002	0.0023859959166975	0.000792974830391495
ccajas_otras_avg6	0.000401507814577614	0.00313438656302987	0.000910452583042086
vm_status04	0.000398917496557432	0.000934690710292235	0.000381802696114423
cmobile_app_trx_lag1	0.000395984906909107	0.000374941946259236	0.000763605392228847
mtransferencias_emitidas_delta1	0.000393476034057963	0.000640904403992291	0.000910452583042086
ccajas_consultas_delta1	0.000392905766974289	0.000393325756798493	0.00014684719081324
Master_mpagado_avg6	0.000392670888679015	0.00257342357129183	0.000881083144879439
vm_msaldototal_avg6	0.000389677537553862	0.0015086131420243	0.00099856089753003
Master_mpagospesos_avg6	0.000388554858262967	0.000729599824781838	0.000910452583042086
vm_cconsumos_delta1	0.000388017160893128	0.00139098538930272	0.000881083144879439
ccheques_emitidos_avg6	0.000384179245469938	0.00326583044194478	0.000528649886927663
vm_mlimitecompra_lag1	0.000379141576359252	0.000299504876444339	0.000792974830391495
vmr_mpagominimo_delta1	0.000378289187051753	0.000788425872211451	0.000939822021204734
vm_mconsumototal_lag1	0.000376435025269762	0.000469753787184915	0.000881083144879439
vm_mconsumosdolares_tend6	0.000375345897538632	0.00134700542840689	0.000881083144879439
ccajas_otras	0.00036960127626975	0.00122514449942455	0.000176216628975888
ccaja_seguridad_avg6	0.000368946007920211	0.000693651722337621	0.00014684719081324
ccuenta_debitos_automaticos	0.000361586500030836	0.000318813164727554	0.000469911010602367
vm_mlimitecompra	0.000359076173059556	0.000393714707514099	0.000881083144879439
vm_Finiciomora_lag1	0.000358446790077116	0.001625314584798	0.000323063819789127
mv_status07_avg6	0.000357074656328988	0.00048944003296028	0.000440541572439719
ccheques_depositados_avg6	0.000355338795373394	0.00112917967875308	0.000293694381626479
vmr_mpagospesos_delta1	0.00035325814928809	0.000315008462438149	0.000822344268554143
mextraccion_autoservicio	0.000351515067318977	0.00117017995260553	0.00111603865018062
mtarjeta_visa_consumo_lag1	0.000350812627871971	0.00086600897629099	0.000969191459367382
Visa_mconsumosdolares	0.00034921962711392	0.000279536733010354	0.000763605392228847
Master_msaldototal_avg6	0.000348937270950694	0.000609300980503896	0.000704866515903551
cpagomiscuentas	0.000348561124550918	0.000966801654263511	0.000851713706716791
Master_msaldopesos_avg6	0.000346202287590404	0.000207109974218465	0.000704866515903551
ctarjeta_debito	0.000344321355110449	0.000469142354566034	0.000734235954066199
vmr_mconsumosdolares	0.00033745690841886	0.00109850780008086	0.000587388763252959
Visa_msaldodolares_tend6	0.000334689677982256	0.00153976950775882	0.000616758201415607
cplazo_fijo_tend6	0.000334270206875753	0.00100045034080154	0.000205586067138536
Visa_fultimo_cierre_lag1	0.000332796730034123	0.000335720218915901	0.000792974830391495
catm_trx_tend6	0.000330896189774799	0.00152138098583808	0.000792974830391495
Master_mpagado_tend6	0.000330362201672783	0.0011893652214834	0.000704866515903551
ctransferencias_emitidas	0.0003295825117889	0.00127376045969778	0.000851713706716791
vm_mfinanciacion_limite_lag1	0.000326328652520331	0.000283728030324625	0.000734235954066199
vm_msaldototal_delta1	0.000324250873528015	0.000521954847021853	0.000675497077740903
mtarjeta_visa_descuentos_avg6	0.000322538264074079	0.00305700683358427	0.000646127639578255
Master_fultimo_cierre_lag1	0.000321020340574639	0.0002950895267663	0.000763605392228847
mv_status07_lag1	0.000320281073753861	0.000314221138243974	0.000176216628975888
vmr_mconsumototal	0.000318309310706902	0.00031751517912951	0.000675497077740903
Master_fultimo_cierre_delta1	0.000317257219227061	0.000172203348824986	0.000704866515903551
vmr_mconsumospesos_delta1	0.000314684705478237	0.000516912360119997	0.000763605392228847
catm_trx_other_tend6	0.000311841903783116	0.00164130893969609	0.000763605392228847
Master_mpagominimo	0.000309780967865365	0.00158435592814863	0.000851713706716791
vmr_mpagospesos	0.000306904608213062	0.000314636525044557	0.000822344268554143
Master_mconsumototal_tend6	0.000305363422562979	0.00144946776762763	0.000734235954066199
vmr_mconsumototal_lag1	0.000303267538058011	0.000343347683790388	0.000675497077740903
Master_mpagominimo_lag1	0.000298684734661368	0.00142709917532903	0.000734235954066199
tcuentas_avg6	0.000296700721690104	0.0044271943528255	0.000763605392228847
vm_mconsumospesos_delta1	0.000296443685621424	0.000490951339442051	0.000558019325090311
mtarjeta_master_consumo_tend6	0.000294579032759676	0.00154849158359741	0.000616758201415607
ccajas_extracciones_avg6	0.000292088391776714	0.00132653395238467	0.000763605392228847
active_quarter_avg6	0.000291979598761551	0.00035509211084911	0.000616758201415607
mttarjeta_visa_debitos_automaticos_delta1	0.000291193320126823	0.000876187392494078	0.000851713706716791
vm_status01_tend6	0.000291050808266133	0.0041486959559449	0.000792974830391495
Visa_mconsumototal_delta1	0.000289619770512884	0.000197244603140455	0.000734235954066199
vm_mlimitecompra_avg6	0.000279490688807245	0.000213917396971825	0.000616758201415607
Master_mpagominimo_tend6	0.000279080335545002	0.00118610939513655	0.000675497077740903
Master_mconsumospesos	0.000274105841006984	0.000528769336847435	0.000558019325090311
ctransferencias_emitidas_lag1	0.000266974522854833	0.00050838318917871	0.000646127639578255
Visa_mpagosdolares_avg6	0.00026395648730198	0.000951513221357338	0.000704866515903551
vm_mconsumospesos_lag1	0.000263855512919226	0.000190948365277794	0.000675497077740903
ccomisiones_mantenimiento_lag1	0.000260195391945188	0.000277172404737088	0.000499280448765015
matm_other	0.000260091491876433	0.00275721089846177	0.000910452583042086
Master_mconsumospesos_avg6	0.000255938817822194	0.000805333188143214	0.000646127639578255
mpayroll_sobre_edad_delta1	0.000255022049928821	0.0019593284983875	0.000675497077740903
ccajas_extracciones	0.000252621103565648	0.00297768104184355	0.000528649886927663
Master_cconsumos_tend6	0.000250412042518664	0.0014986072147321	0.000763605392228847
Master_mconsumototal	0.000249531014886718	0.000718549803004747	0.000499280448765015
Visa_fultimo_cierre_delta1	0.000249427464052224	0.000132159223669783	0.000646127639578255
mcuenta_debitos_automaticos_delta1	0.000249340242441597	0.00064632589535996	0.000558019325090311
ctarjeta_visa_debitos_automaticos_lag1	0.000242160859121255	0.000578713383211509	0.000558019325090311
ccomisiones_otras_delta1	0.00024181236374249	0.000176969696423367	0.000440541572439719
cforex_sell_tend6	0.000230832675411114	0.00048392666965373	0.000469911010602367
Visa_msaldodolares_avg6	0.000229754292280514	0.0011471389414722	0.000587388763252959
Master_msaldopesos	0.000228431170544297	0.00017164243268532	0.000411172134277071
cforex_tend6	0.000227262799044437	0.00270420000449691	0.000704866515903551
Visa_mconsumosdolares_delta1	0.000227161757516351	0.000283872774433461	0.000469911010602367
ccallcenter_transacciones_delta1	0.000225890608670577	0.000635616663510002	0.000293694381626479
vmr_msaldodolares2_avg6	0.000225627035193859	0.00203217247618388	0.000646127639578255
Master_mconsumototal_avg6	0.000223176764558757	0.000652147068923276	0.000616758201415607
ctransferencias_recibidas_delta1	0.000222544261218355	0.000372121660955966	0.000587388763252959
cpagomiscuentas_lag1	0.00022234947163974	0.000591558964819732	0.000528649886927663
cextraccion_autoservicio	0.000220208854854155	0.00101436776169671	0.000499280448765015
Master_mpagospesos_lag1	0.000218493344013928	0.000358878229356006	0.000411172134277071
vm_mpagado	0.000217814904848568	0.000579212004418259	0.000381802696114423
vmr_Visa_mlimitecompra_tend6	0.000217283305608914	0.00152945734067035	0.000499280448765015
vm_status06_tend6	0.00021652601379359	7.05744006395698e-05	8.81083144879439e-05
vm_status06	0.000214946001006512	0.000383670303939807	0.000176216628975888
ccuenta_debitos_automaticos_lag1	0.000213245488360528	0.000619894521764152	0.000411172134277071
mplazo_fijo_dolares_tend6	0.000211878738546631	0.000445797197583763	0.000234955505301184
cforex_avg6	0.000209943855863246	0.000319931856085899	0.000323063819789127
catm_trx_delta1	0.000205569858701446	0.00121450148865874	0.000411172134277071
Master_msaldopesos_lag1	0.000204589516671907	0.000346902682861294	0.000381802696114423
Visa_mconsumosdolares_lag1	0.000200705923684108	0.00019620940793169	0.000558019325090311
mplazo_fijo_dolares_avg6	0.000200478366458476	0.000844513298283466	0.000293694381626479
mcheques_depositados_avg6	0.000196451901260367	0.00117786971241293	0.000293694381626479
mtarjeta_master_consumo_avg6	0.000194859635222394	0.00129825388504437	0.000499280448765015
matm_other_tend6	0.00019474969635097	0.000316217978761714	0.000499280448765015
Visa_mpagado_lag1	0.00019430067538202	0.00102889268905953	0.000587388763252959
Master_mpagospesos_delta1	0.000191203386583042	0.000916359248436102	0.000558019325090311
Master_mpagominimo_delta1	0.000189204430965145	0.000132228847418337	0.000381802696114423
catm_trx	0.000188919622351877	0.000836742659760637	0.000411172134277071
vm_mconsumototal_delta1	0.000188845613905088	0.00023606324562374	0.000411172134277071
thomebanking_delta1	0.000185764426869521	0.00171912185449454	0.000352433257951775
Master_mpagospesos	0.000184095604217617	0.0008606675784085	0.000646127639578255
cpayroll_trx_tend6	0.000183681162037061	0.000367648465983076	0.000440541572439719
vmr_mpagosdolares_avg6	0.000182244784733488	0.000994919178942723	0.000352433257951775
mextraccion_autoservicio_delta1	0.000181359534624159	0.000621808389619141	0.000528649886927663
vmr_mconsumosdolares_tend6	0.000179086633965618	0.000632896625934913	0.000411172134277071
vm_mconsumosdolares_lag1	0.00017888731818842	0.000410962813372995	0.000381802696114423
cseguro_vida_avg6	0.000177242299189474	0.00126743752400673	0.000440541572439719
vmr_mconsumosdolares_lag1	0.00017609841727598	0.000192898353724139	0.000352433257951775
ccaja_ahorro_tend6	0.000169319722873025	0.00357290938760682	0.000499280448765015
cdescubierto_preacordado_lag1	0.000168066924850745	0.00025499383815822	0.000176216628975888
vmr_msaldodolares_tend6	0.000165609424876737	0.00112179327956437	0.000411172134277071
ctarjeta_visa_descuentos_avg6	0.000164728668762781	0.000910033695310893	0.000264324943463832
vm_msaldodolares_avg6	0.000162910071539755	0.00286306019748059	0.000587388763252959
vm_status05_tend6	0.000161654101105463	0.0004361069328508	0.000176216628975888
vmr_mconsumototal_delta1	0.00016134365355777	0.000348424197336274	0.000499280448765015
mtarjeta_master_consumo_lag1	0.000160259754196724	0.000493389741101937	0.000323063819789127
vmr_mpagado	0.000159797680788809	0.000214463131993385	0.000323063819789127
Master_msaldototal_delta1	0.000158395785360473	0.000601461241719344	0.000499280448765015
Master_mconsumototal_delta1	0.000157410310673515	0.00071548923724594	0.000352433257951775
mtarjeta_master_consumo_delta1	0.000157342871719557	0.000780799716054042	0.000411172134277071
catm_trx_lag1	0.000156901664054151	0.000212755517949902	0.000323063819789127
ctarjeta_master_transacciones_avg6	0.000156012996213064	0.000872923452101337	0.000411172134277071
Master_msaldopesos_delta1	0.000155009963272121	0.000330224654161612	0.000411172134277071
vm_msaldodolares_tend6	0.0001522086814111	0.000818217507776947	0.000352433257951775
Visa_msaldodolares	0.000152076127453242	0.00326006763716314	0.000528649886927663
ctransferencias_emitidas_delta1	0.000151177495580885	0.00030077014411543	0.000205586067138536
Master_mconsumospesos_lag1	0.000151157379834922	0.000376015094263265	0.000411172134277071
cprestamos_prendarios_avg6	0.000149263884475601	0.00118439680796817	0.000205586067138536
cplazo_fijo_delta1	0.000149056705333901	0.00155608868623569	0.000234955505301184
ctarjeta_visa_descuentos_tend6	0.000147147291630702	0.00111095160554611	0.000264324943463832
cseguro_vivienda_avg6	0.000145197275751782	0.000851508129322408	0.000381802696114423
mtarjeta_visa_descuentos	0.000144800016505043	0.00249536487942611	0.000381802696114423
ctarjeta_master_debitos_automaticos_tend6	0.000144161476710725	0.00126615864567803	0.000323063819789127
cextraccion_autoservicio_delta1	0.00014371968175592	0.000904536821839526	0.000411172134277071
Master_mconsumospesos_delta1	0.000140615603008645	0.00045365394969033	0.000352433257951775
vmr_mpagado_lag1	0.000134526160764471	0.000239012832174325	0.000352433257951775
matm_lag1	0.000134303449298238	0.000459632431046432	0.000469911010602367
mplazo_fijo_dolares_delta1	0.00013302706311927	0.00183033322912569	0.000293694381626479
mcaja_ahorro_adicional_avg6	0.000132995433902277	0.00158829045517218	0.000293694381626479
ctarjeta_master_debitos_automaticos_avg6	0.000130227320999465	0.000694620172975403	0.000264324943463832
Visa_mpagosdolares_tend6	0.000128800605385146	0.000879150589702275	0.000440541572439719
Master_cconsumos	0.000128385172110071	0.000118051515311457	0.000264324943463832
ccajas_otras_tend6	0.000127975444613413	0.000697961851162582	0.000176216628975888
vm_mpagado_lag1	0.00012477902186395	0.000172981511999615	0.000264324943463832
Visa_msaldodolares_lag1	0.000123998003048121	0.000344984627111655	0.000205586067138536
Master_cconsumos_lag1	0.000123453970262275	8.5866236210146e-05	0.000323063819789127
cinversion1	0.000123288421471906	0.00284961260601645	0.000411172134277071
cpagomiscuentas_delta1	0.000123165062252865	0.00114858585907373	0.000352433257951775
cseguro_accidentes_personales	0.000122529076514119	0.000351366716814637	0.000205586067138536
vm_msaldodolares	0.000122339027860688	0.000676441045787159	0.000264324943463832
mforex_sell_tend6	0.000120099377680149	0.000369650541369128	0.000352433257951775
vm_mpagosdolares_delta1	0.000120028554353952	0.00156101652952151	0.000323063819789127
Master_fechaalta_delta1	0.000119338699873753	6.4334437611267e-05	0.000234955505301184
matm_other_lag1	0.000116982908300205	0.00153796373993448	0.000381802696114423
ccajas_depositos_tend6	0.00010999120522315	0.00057759312139267	0.000205586067138536
ctarjeta_master_transacciones_tend6	0.000109918310109005	0.00106785267298725	0.000323063819789127
matm	0.000109259384584999	0.000123726897792275	0.000264324943463832
mcaja_ahorro_adicional_lag1	0.000106964209279109	0.00179560485099825	0.000293694381626479
mprestamos_prendarios_tend6	0.000106448948918504	0.00157963643262165	0.000234955505301184
cforex_sell_avg6	0.000105402204717893	0.000135263762322413	0.000234955505301184
thomebanking_lag1	0.000105110087733883	6.89353633709779e-05	0.000234955505301184
vm_fultimo_cierre_delta1	0.000104916820378401	9.57376273867153e-05	0.000264324943463832
ccajas_depositos_avg6	0.000103301858016052	0.000547601513857643	0.000234955505301184
Master_mpagosdolares_tend6	0.00010113080902467	6.34672816753288e-05	0.00014684719081324
vm_mconsumosdolares_delta1	0.000101097210035101	0.000444361534949105	0.000264324943463832
vm_status05_delta1	0.000101084903552827	0.000532096619146754	0.00014684719081324
vm_status01_lag1	0.000100692629848466	0.000841456135189063	0.000117477752650592
Visa_mpagosdolares_lag1	9.76091359473081e-05	0.00127898695222082	0.000234955505301184
cplazo_fijo	9.72793477999204e-05	0.00030285178949983	8.81083144879439e-05
cseguro_auto_avg6	9.64492626256533e-05	0.00118869463485259	0.000205586067138536
vmr_msaldodolares_avg6	9.62217315473998e-05	0.000838390334561944	0.000352433257951775
Master_mconsumosdolares_tend6	9.58202665442421e-05	4.8390337448974e-05	0.00014684719081324
Master_mconsumosdolares_avg6	9.57802237908708e-05	0.00104585680331248	0.000264324943463832
cseguro_vivienda	9.56226704299591e-05	0.000189939344410592	0.00014684719081324
cpayroll_trx_delta1	9.48881888013685e-05	0.000315455781935438	0.000293694381626479
mprestamos_prendarios_avg6	9.4875927853948e-05	0.00108270975274448	0.000176216628975888
Visa_fechaalta_delta1	9.46441982462077e-05	3.30856764510326e-05	0.000117477752650592
ccheques_depositados_tend6	9.32974419563998e-05	0.000764461953794662	0.00014684719081324
vm_status02_tend6	9.28040504075518e-05	0.000429852573934638	0.00014684719081324
vmr_mconsumosdolares_delta1	9.2388308253404e-05	9.87272606798896e-05	0.000176216628975888
mttarjeta_master_debitos_automaticos_avg6	9.12267673912743e-05	0.000260417946960046	0.000176216628975888
matm_other_delta1	9.02075883551128e-05	0.00065512780294032	0.000293694381626479
vmr_msaldodolares2_tend6	8.96595500133168e-05	0.00114532584483223	0.000323063819789127
active_quarter_tend6	8.93182219876902e-05	0.00185217336146816	0.000323063819789127
vm_status05_avg6	8.72641956414027e-05	8.96010530075811e-05	0.000176216628975888
mcheques_emitidos_avg6	8.72255693666966e-05	0.000549875278909105	8.81083144879439e-05
vmr_msaldodolares2_lag1	8.64895268127069e-05	0.00061810262634084	0.000205586067138536
ctarjeta_visa_debitos_automaticos_delta1	8.50460257816675e-05	0.000437287657398647	0.000234955505301184
cforex_buy_tend6	8.49240066092589e-05	0.00333198137886042	0.000469911010602367
Visa_Fvencimiento_delta1	8.45287380642914e-05	4.64837984096217e-05	0.000234955505301184
cextraccion_autoservicio_lag1	8.4327863813669e-05	4.22446020502932e-05	0.000176216628975888
matm_delta1	8.35014692312024e-05	0.000355718201099265	0.000205586067138536
Master_mpagosdolares_avg6	8.29867098415205e-05	0.000258207000328331	0.000293694381626479
cplazo_fijo_lag1	8.28197078741265e-05	0.000467844107224575	8.81083144879439e-05
Visa_mpagado_delta1	8.27103956138383e-05	0.000295644161063992	0.000234955505301184
ctarjeta_master_transacciones_delta1	8.1948538111976e-05	0.000604006958179632	0.000205586067138536
Master_mconsumototal_lag1	8.17230125073428e-05	6.63344190499944e-05	0.00014684719081324
ccajas_transacciones	8.10335248083951e-05	0.000288267708125081	0.00014684719081324
minversion2_avg6	8.05058130799833e-05	0.00139975641116004	0.000205586067138536
ccallcenter_transacciones_lag1	7.99164270610727e-05	0.000596098380876772	0.000234955505301184
ctarjeta_visa_avg6	7.9821595163362e-05	0.000123752286903589	8.81083144879439e-05
cseguro_accidentes_personales_lag1	7.94904441708838e-05	0.000158392719243385	0.00014684719081324
Master_cconsumos_delta1	7.7397832251971e-05	0.000282303622656839	0.000205586067138536
Visa_Finiciomora_avg6	7.67032119281261e-05	0.000168778697975057	5.87388763252959e-05
vmr_msaldodolares2	7.56790576136369e-05	0.000958564850717468	0.000205586067138536
ctarjeta_visa	7.36697350877142e-05	0.000214116845454524	8.81083144879439e-05
Master_delinquency_avg6	7.33082902182236e-05	0.000537076287628863	8.81083144879439e-05
vm_fechaalta_delta1	7.30192564168362e-05	4.81657615983748e-05	0.000176216628975888
vm_mpagosdolares_avg6	7.07471533964486e-05	0.00022338413282785	0.000264324943463832
Visa_mpagosdolares	7.06351320323183e-05	0.000107927018251986	0.00014684719081324
vmr_mpagado_delta1	7.01163130147819e-05	0.000131834400091003	0.000234955505301184
vm_Fvencimiento_delta1	6.9391291242962e-05	8.22478952326603e-05	0.000234955505301184
vm_status06_avg6	6.86516260197459e-05	0.000136356541082613	8.81083144879439e-05
mttarjeta_master_debitos_automaticos_delta1	6.78147793963339e-05	0.000878011744100926	0.000205586067138536
mcaja_ahorro_adicional_delta1	6.71441302854787e-05	0.00152247219413779	0.000264324943463832
Master_Fvencimiento_delta1	6.66656687686545e-05	8.15558456417697e-05	0.000176216628975888
mtarjeta_visa_descuentos_tend6	6.64929665080844e-05	0.00103530775843288	0.000205586067138536
ctarjeta_master_tend6	6.53214226524877e-05	8.86218708897589e-05	2.93694381626479e-05
vm_msaldodolares_lag1	6.50203937628707e-05	0.000199780635094365	0.000117477752650592
vmr_msaldodolares_lag1	6.467888665387e-05	0.000334707795384295	0.000176216628975888
vm_status04_tend6	6.06975811660416e-05	0.000222999370006894	5.87388763252959e-05
ctarjeta_debito_delta1	6.06056279963339e-05	0.00207571506383222	0.000293694381626479
cseguro_vivienda_lag1	6.03655377533571e-05	0.000228250989897828	0.00014684719081324
cprestamos_personales_delta1	5.70174081731268e-05	5.47724271519567e-05	8.81083144879439e-05
minversion1_pesos	5.66270812307907e-05	0.000830231268810339	0.000117477752650592
mprestamos_hipotecarios_tend6	5.57463212721069e-05	0.00126746683926928	0.000176216628975888
Visa_status_avg6	5.55788231902874e-05	0.00037024103451476	8.81083144879439e-05
vm_status05	5.52275101174725e-05	0.000107374477901619	2.93694381626479e-05
ccajeros_propios_descuentos_avg6	5.36012380980295e-05	0.000478487379733798	0.00014684719081324
Visa_status	5.34432270988781e-05	0.000186698699181841	2.93694381626479e-05
ctarjeta_master_descuentos_avg6	5.28884137974419e-05	0.00110549765799491	0.000176216628975888
mttarjeta_master_debitos_automaticos	5.11172414741106e-05	0.000222638687580174	0.00014684719081324
Visa_Finiciomora	5.10353091104505e-05	0.00115536972491969	0.000176216628975888
Master_mpagado	5.02979552441096e-05	3.14691491161837e-05	8.81083144879439e-05
mforex_buy_avg6	4.91160059579192e-05	0.00168746843801377	0.000234955505301184
mcaja_ahorro_adicional_tend6	4.84806911097212e-05	0.000682120877906042	0.000117477752650592
cseguro_vida_lag1	4.83479593115219e-05	0.000241558548634614	8.81083144879439e-05
vm_mpagosdolares_tend6	4.67518046638122e-05	0.000510574766797669	0.000176216628975888
Visa_delinquency_tend6	4.58881905723083e-05	0.000457910944601921	0.000117477752650592
vm_mconsumosdolares	4.57922560279655e-05	0.000140691012045226	0.000117477752650592
vm_Finiciomora_tend6	4.29331871275182e-05	0.000438691125593184	0.000117477752650592
Master_delinquency_tend6	4.04583530681144e-05	0.000175768555889102	5.87388763252959e-05
Master_madelantopesos_tend6	4.02245815919243e-05	1.72536024706235e-05	5.87388763252959e-05
vm_status02_delta1	4.00955092808104e-05	0.000780261571591534	0.00014684719081324
mcaja_ahorro_adicional	3.94834457275474e-05	0.000230826283364081	5.87388763252959e-05
vmr_mpagosdolares_tend6	3.9358899672831e-05	0.00101592042363815	0.000176216628975888
tcallcenter_lag1	3.84688381323688e-05	0.000104710976904304	0.000117477752650592
vm_mpagosdolares_lag1	3.79922461361209e-05	0.000270451880797713	0.000117477752650592
vm_status03_avg6	3.77014003983511e-05	3.69822506793189e-05	5.87388763252959e-05
Visa_status_tend6	3.65357658821645e-05	0.000107417142078365	5.87388763252959e-05
mtarjeta_master_descuentos_avg6	3.6355417968418e-05	0.00142950119465414	0.000205586067138536
vmr_Visa_mlimitecompra_delta1	3.45439383281901e-05	0.000513146657599519	0.000117477752650592
vm_status03_tend6	3.41852845425931e-05	0.000221004099949647	5.87388763252959e-05
Visa_status_lag1	3.41342089814374e-05	0.000422488946423093	5.87388763252959e-05
Master_msaldodolares_avg6	3.34659501927835e-05	7.71789722458268e-05	8.81083144879439e-05
mplazo_fijo_dolares_lag1	3.31477644510501e-05	0.000192607556789389	8.81083144879439e-05
vm_status03_delta1	3.31451914320086e-05	0.000802110341466725	0.000117477752650592
Master_mpagado_delta1	3.21033194554825e-05	2.80191091549396e-05	5.87388763252959e-05
active_quarter	3.11245167407707e-05	1.24665771424092e-05	5.87388763252959e-05
vm_Finiciomora_avg6	3.10916683114477e-05	0.000315071542601312	8.81083144879439e-05
mttarjeta_master_debitos_automaticos_lag1	2.92436741349417e-05	6.79823555947174e-05	8.81083144879439e-05
ccajas_otras_delta1	2.88416942851508e-05	0.000151977126383204	2.93694381626479e-05
mttarjeta_master_debitos_automaticos_tend6	2.71945897670861e-05	0.000196648089896264	8.81083144879439e-05
ctarjeta_master_debitos_automaticos	2.71082749918823e-05	0.000150589886280435	5.87388763252959e-05
active_quarter_lag1	2.63073625715252e-05	2.65146080019746e-05	5.87388763252959e-05
cinversion2_avg6	2.57818256292958e-05	0.000285279907035816	5.87388763252959e-05
mforex_buy_tend6	2.48698353802637e-05	0.00105622236605773	0.00014684719081324
vm_Finiciomora	2.45966282129875e-05	0.000389806093088695	5.87388763252959e-05
vmr_Master_mlimitecompra_delta1	2.39839125013839e-05	0.000148780192304861	5.87388763252959e-05
tcallcenter_delta1	2.30045034181725e-05	2.15150470202795e-05	2.93694381626479e-05
ctarjeta_visa_tend6	2.28983246399536e-05	0.000102962530887984	2.93694381626479e-05
catm_trx_other_lag1	2.28482839754552e-05	1.75810434835601e-05	5.87388763252959e-05
ccuenta_debitos_automaticos_delta1	2.2489588793992e-05	4.51248265957397e-05	2.93694381626479e-05
ccajas_depositos	2.24467766802917e-05	0.000253142003492732	5.87388763252959e-05
ctarjeta_master_transacciones_lag1	2.20903817445498e-05	3.10579502102498e-05	8.81083144879439e-05
Master_mconsumosdolares_delta1	2.10463827374077e-05	1.57799870407013e-05	5.87388763252959e-05
Master_cadelantosefectivo_avg6	2.08715959767161e-05	1.55035859938101e-05	2.93694381626479e-05
Visa_delinquency_delta1	2.06802591949314e-05	0.000159566900205842	2.93694381626479e-05
Master_mpagosdolares	1.95720651145133e-05	1.0673373002019e-05	5.87388763252959e-05
mcajeros_propios_descuentos_avg6	1.92988703486524e-05	0.00010794769598182	5.87388763252959e-05
Visa_madelantopesos_avg6	1.84980763343486e-05	4.92941374630985e-06	2.93694381626479e-05
minversion2_lag1	1.83605042261962e-05	0.000314594907841474	5.87388763252959e-05
cseguro_vida	1.74697456625999e-05	4.54454622798702e-05	2.93694381626479e-05
vm_status04_avg6	1.63744850441654e-05	1.16606691657253e-05	5.87388763252959e-05
cseguro_accidentes_personales_tend6	1.56471152710577e-05	0.00032310261582268	5.87388763252959e-05
Master_mconsumosdolares_lag1	1.49611718908076e-05	5.51519551046009e-06	2.93694381626479e-05
Master_mpagosdolares_delta1	1.45118588454021e-05	7.32593645969662e-06	2.93694381626479e-05
ccajeros_propios_descuentos_tend6	1.41737300091101e-05	7.36949056405525e-05	2.93694381626479e-05
cmobile_app_trx_delta1	1.36793606852749e-05	9.38996651222546e-05	2.93694381626479e-05
cpagodeservicios_avg6	1.17146717062164e-05	0.000346234451921225	5.87388763252959e-05
mcheques_depositados_tend6	1.14904490306934e-05	4.35253125829058e-06	2.93694381626479e-05
Visa_msaldodolares_delta1	1.14485083115417e-05	3.16515842768686e-05	2.93694381626479e-05
vmr_mpagosdolares	1.1292167918891e-05	5.35657900059636e-06	2.93694381626479e-05
ccajas_transacciones_lag1	1.1020623986645e-05	9.55651384758239e-05	2.93694381626479e-05
Visa_Finiciomora_tend6	1.06079391137958e-05	0.000208441462973707	2.93694381626479e-05
Master_madelantopesos_avg6	1.02951547231977e-05	1.37048852416919e-05	2.93694381626479e-05
cseguro_auto	9.41673536542337e-06	0.000186792141581216	2.93694381626479e-05
Master_msaldodolares_tend6	9.18841611796971e-06	8.35563505673284e-06	2.93694381626479e-05
vm_msaldodolares_delta1	8.00677828363928e-06	0.000138081953678358	2.93694381626479e-05
vm_mpagado_delta1	7.40295505164942e-06	0.000110295010933071	2.93694381626479e-05
vmr_msaldodolares	6.75463750745954e-06	1.012632926338e-05	2.93694381626479e-05
cseguro_vida_tend6	6.71928636268922e-06	0.000150476551381473	2.93694381626479e-05
cforex_delta1	5.96526088935178e-06	0.00017645301492094	2.93694381626479e-05
mcheques_depositados_lag1	5.94060282874816e-06	4.33109447255157e-05	2.93694381626479e-05
Visa_mpagosdolares_delta1	5.84179783684143e-06	0.000214162650552257	5.87388763252959e-05
ctarjeta_debito_tend6	5.5854013196433e-06	0.000131789380223517	2.93694381626479e-05
Visa_cadelantosefectivo_lag1	4.72139558624226e-06	4.09811665831112e-06	2.93694381626479e-05
mtarjeta_master_descuentos_tend6	4.56852597102949e-06	8.86336493434617e-05	2.93694381626479e-05
vm_mpagosdolares	4.53121372600108e-06	5.12545956460678e-06	2.93694381626479e-05
Visa_cadelantosefectivo_tend6	4.14347460346316e-06	2.08114807191017e-05	2.93694381626479e-05
vmr_msaldodolares_delta1	3.74009894403249e-06	4.23527020809429e-06	2.93694381626479e-05
Master_cadelantosefectivo_lag1	3.52040709232804e-07	4.82707207080371e-06	2.93694381626479e-05
vmr_mpagosdolares_lag1	3.03222118929781e-07	2.92236523536078e-05	2.93694381626479e-05
Master_madelantopesos_lag1	1.2765408353122e-07	4.38210826425527e-06	2.93694381626479e-05
vm_status01_delta1	1.76687871994105e-10	2.18778233943243e-05	2.93694381626479e-05
Visa_madelantodolares	2.44505299221551e-11	2.430784926491e-05	5.87388763252959e-05
