Feature	Gain	Cover	Frequency
ctrx_quarter_normalizado	0.0933091801878461	0.00524597578922577	0.00751555016618831
ctrx_quarter	0.0372044412604787	0.00477520731824158	0.00829196800111665
mcuenta_corriente	0.020397530284228	0.0058554145604894	0.00502054453933996
mpayroll_sobre_edad	0.0174225372952504	0.00303248178984223	0.00169677830217484
mprestamos_personales_lag1	0.0145947675618882	0.00294368055795927	0.000977065140583971
cdescubierto_preacordado	0.0142737600275854	0.00101388397703335	0.000471084978495843
mtarjeta_visa_consumo	0.0142579963910776	0.00211311838669835	0.00307513805407009
mpasivos_margen	0.0137224123260789	0.00489404353221145	0.00862783414319239
cpayroll_trx	0.0112574970175604	0.00166801625856733	0.00120824573188286
mcuentas_saldo	0.00953151509654794	0.00795877815638481	0.00755480724772963
mprestamos_personales	0.00827009198259762	0.00893866218512733	0.00158773085344895
numero_de_cliente	0.0081884401395247	0.010561571008381	0.0112580586064608
ctrx_quarter_normalizado_lag1	0.00775444287951581	0.0023234632184379	0.00382538450130421
Master_Fvencimiento_avg6	0.00679714065449782	0.00412933004337545	0.00525172513063884
mcuenta_corriente_avg6	0.00645019110500942	0.0080926714455612	0.00731054096258364
mrentabilidad_annual_tend6	0.00630538251766118	0.00935632052757233	0.00878486246935767
cliente_edad	0.006140520434131	0.00926085505977604	0.00856240567395685
mrentabilidad_annual	0.00583063248359312	0.00513593010723772	0.00511650629421874
mcuentas_saldo_lag1	0.00575613281783212	0.0040862774248143	0.00535204878346666
mcomisiones_avg6	0.00566898758510281	0.00330506645288128	0.00459744043828351
cliente_edad_avg6	0.00562914219001856	0.00875079389616551	0.00777290214518141
mcomisiones_otras_avg6	0.00557890928686012	0.00305586193369482	0.00450584058135376
cliente_edad_lag1	0.00544860175735858	0.00727894507384133	0.00688743686152719
mactivos_margen_lag1	0.00541481972802674	0.00272926795510309	0.00392134625618299
mrentabilidad_annual_lag1	0.00527643200763335	0.00428223127744379	0.00518629666140331
mrentabilidad_annual_avg6	0.00527636697915099	0.00847067144023328	0.00706627467743765
mcaja_ahorro_avg6	0.00510458954680435	0.00521648117368142	0.00752427396208638
chomebanking_transacciones_avg6	0.00505019807008965	0.00435215299938115	0.00825271091957533
mrentabilidad_avg6	0.00496893920880438	0.00389297827411349	0.00404784129670502
ccomisiones_mantenimiento_tend6	0.00477138532362041	0.00732093589706446	0.00262586256531942
azar	0.00473514133976224	0.00977905447101227	0.00978809899763585
mactivos_margen	0.00473415862202903	0.00708881806697056	0.00468031649931518
mpayroll	0.00454449492417161	0.00217509793076734	0.00191487319962662
mcuentas_saldo_tend6	0.00438332581836437	0.00270858323645486	0.00457563094853833
mrentabilidad_annual_delta1	0.00424497810527361	0.0071461016193206	0.0067914751066484
mcaja_ahorro	0.00419913789693053	0.00314146240154351	0.00772055936979298
mcomisiones_otras_tend6	0.00409763444781398	0.00233829417979209	0.00356803252231111
mcuenta_corriente_tend6	0.00407357476313347	0.00544849904664412	0.00558759127271458
mactivos_margen_tend6	0.0039156968818468	0.0055834937153216	0.00548726761988677
mtransferencias_recibidas_avg6	0.003882156808619	0.00351493342688254	0.00640762808713327
thomebanking_avg6	0.00387258269719991	0.00365282186874692	0.00577079098657408
ccomisiones_mantenimiento	0.0038330241394655	0.00233018312847985	0.000440551692852594
ctrx_quarter_tend6	0.00376724444482363	0.00346621913389056	0.00554833419117326
mcomisiones_tend6	0.00374930863363607	0.00226092223424315	0.00384283209310035
mcomisiones_mantenimiento_tend6	0.00374043076434878	0.00552981645109362	0.0051732109675562
ctransferencias_recibidas_avg6	0.00371302385004711	0.00268862242386785	0.00570972441528758
cliente_antiguedad	0.00370869114686143	0.00556371758136587	0.00580568617016636
mcuentas_saldo_delta1	0.00369866671440448	0.00259130774914452	0.00369888946078218
Visa_Fvencimiento_avg6	0.00369311961248385	0.0052815431564627	0.0050990587024226
ccomisiones_otras_avg6	0.00367007770814687	0.00356140608865464	0.00659082780099277
mrentabilidad_tend6	0.0036530096975459	0.0042116861761327	0.00572717200708372
vm_Fvencimiento_avg6	0.00360237629316752	0.00344030631554724	0.00414380305158381
mcaja_ahorro_lag1	0.0036008360860029	0.00273592863128952	0.00640326618918424
cliente_antiguedad_lag1	0.00360043685275749	0.00446073848139716	0.00525172513063884
mcuentas_saldo_avg6	0.00356849690062923	0.00338711431328948	0.00602814296556718
Master_Fvencimiento	0.00356752785202391	0.00296496772478709	0.00505107782498321
Master_fechaalta	0.00352549385462303	0.00231437509328772	0.00422231721466645
mrentabilidad	0.00345797139553667	0.00320444835160005	0.00431391707159619
chomebanking_transacciones_tend6	0.00345733322329732	0.00282925256738621	0.00474138307060168
Visa_Fvencimiento_lag1	0.00338580922130953	0.00284601104965912	0.00435753605108655
mpasivos_margen_avg6	0.00333646340299572	0.00410673218510516	0.00741958841130953
ctrx_quarter_normalizado_tend6	0.00332948571564486	0.00305867255166147	0.00487660190702178
vm_Fvencimiento	0.00331221619985476	0.00353517374922529	0.0043880693367298
ccomisiones_otras_tend6	0.00327732010414891	0.00338722751260472	0.00448839298955762
cliente_antiguedad_avg6	0.00326773056952631	0.00418004832021983	0.00443605021416919
mcuenta_corriente_lag1	0.00326502927624807	0.00549474317394962	0.00475010686649975
mactivos_margen_delta1	0.00326081706826436	0.00439054622021584	0.00449711678545569
Visa_fechaalta	0.00323930217437417	0.00260356716379028	0.00399113662336756
cmobile_app_trx_avg6	0.00318952350184727	0.00228238995041904	0.00464978321367193
mcomisiones_mantenimiento	0.00317400607846991	0.00415276543418943	0.00263022446326846
mactivos_margen_avg6	0.00316810849543807	0.0055472156842075	0.00464978321367193
ctrx_quarter_delta1	0.00315256304512538	0.00182038623899396	0.0039954985213166
Master_fechaalta_lag1	0.00312757498671763	0.00197345691606246	0.00366835617513893
vm_Fvencimiento_lag1	0.00305635144683927	0.00340395694750617	0.00418306013312513
vm_msaldopesos	0.00303989098764984	0.00200328116231723	0.0021329680970784
mprestamos_personales_tend6	0.00291949767028918	0.00454233468365702	0.00135655026215007
mcomisiones_lag1	0.00291831506424598	0.00181281284883183	0.00351568974692268
Master_Fvencimiento_lag1	0.00290767487733753	0.00382769430676308	0.00448839298955762
ctrx_quarter_lag1	0.00286716832156996	0.0043757302097146	0.00672604663741287
Master_fechaalta_avg6	0.00285422005587288	0.0027411533136468	0.00413944115363477
chomebanking_transacciones	0.00281277011836353	0.00229480328765571	0.00447530729571051
mcomisiones_mantenimiento_avg6	0.00280692902868027	0.00331130337917822	0.00311003323766237
ctrx_quarter_avg6	0.00279336774499776	0.00452408083131036	0.00622006647532474
mpasivos_margen_lag1	0.00278927622331484	0.00320489004251309	0.0063247520261016
mrentabilidad_delta1	0.0027806218737811	0.00327974170142089	0.00452765007109894
ccomisiones_mantenimiento_avg6	0.00269337964833675	0.00535061025916728	0.00246883423915414
mcaja_ahorro_tend6	0.00267956351234191	0.00250732809614532	0.00403039370490888
ctrx_quarter_normalizado_avg6	0.00262713994796219	0.00404688306638786	0.0060674000471085
mcuenta_corriente_delta1	0.00260109448686051	0.00502979927049893	0.00427902188800391
Visa_msaldopesos	0.00259946845815165	0.00122740209171554	0.00208062532168997
ctransferencias_recibidas_tend6	0.0025536488057629	0.00296319540796096	0.00338919470640065
active_quarter_avg6	0.0025388076255502	0.00707939575465954	0.00553524849732616
cproductos_tend6	0.00253060702230119	0.00401870412590364	0.00137835975189524
mpasivos_margen_delta1	0.00251735518843087	0.00242405825268885	0.00360292770590339
Visa_mlimitecompra_tend6	0.00251388096615397	0.002168330320385	0.00320163309459212
Visa_Fvencimiento	0.00250247643916442	0.00250302395916291	0.00383847019515131
mv_status07_avg6	0.0024941189336373	0.00306768236281997	0.00125186471137321
vm_status01	0.00248107969723482	0.000158918454021357	7.41522651336049e-05
Visa_fechaalta_avg6	0.0024765678844428	0.00207348922868597	0.00302279527868166
cproductos_avg6	0.0024408244492887	0.00322204151863513	0.00420923152081934
mpasivos_margen_tend6	0.00238714727349088	0.00270838275263617	0.00415252684748188
Master_mfinanciacion_limite_tend6	0.00236953007775886	0.00185539188132697	0.00290938593200674
mrentabilidad_lag1	0.00234856390957407	0.00206458820278135	0.00346770886948329
mtransferencias_recibidas_tend6	0.00234852753712185	0.00233123452941535	0.00308386184996816
foto_mes	0.00233984382187115	0.0122234840439936	0.00173167348576713
Master_fultimo_cierre_avg6	0.00232940059494271	0.00271967605740282	0.00263458636121749
thomebanking_tend6	0.00230342139344161	0.00547665876460312	0.00294864301354806
Visa_mfinanciacion_limite_tend6	0.0022731417112731	0.0022006796945095	0.00292247162585384
Visa_mpagospesos_tend6	0.00225932069627188	0.00175750380579551	0.00302279527868166
mcomisiones	0.002249402238138	0.00157051177920599	0.00323216638023537
Visa_mconsumospesos_avg6	0.00223321942938249	0.00148028950434683	0.00254734840223678
Visa_fechaalta_lag1	0.00222512065270226	0.00166101569965703	0.00332812813511415
vm_fechaalta_lag1	0.0021480860873351	0.00171404808376085	0.00274799570789242
vm_mlimitecompra_tend6	0.00208438183974038	0.00221342066900952	0.00303588097252877
Visa_cconsumos_avg6	0.00207641280406469	0.001481201221599	0.0027828908914847
vm_fechaalta_avg6	0.00207581328813793	0.0019404532641348	0.00293119542175191
mcaja_ahorro_dolares_avg6	0.00204077729137276	0.00302622008784611	0.00308822374791719
Master_mfinanciacion_limite_delta1	0.00203081292397909	0.00143629341576962	0.00250372942274643
mcomisiones_otras	0.00202117831742205	0.00179518550841857	0.00311003323766237
mcomisiones_otras_lag1	0.00201940990336108	0.00137664577759454	0.00301843338073262
vm_fultimo_cierre_avg6	0.00201672973114469	0.00218089373570753	0.00256915789198196
vm_fechaalta	0.00200135787156526	0.00201257603640543	0.00312311893150948
vm_mfinanciacion_limite_tend6	0.00199842570718291	0.00199159685714851	0.00268256723865688
chomebanking_transacciones_lag1	0.00198850277897546	0.0014445975466686	0.00386464158284553
ccallcenter_transacciones_avg6	0.00196741699867041	0.00286356349341853	0.00281778607507699
mtransferencias_emitidas_avg6	0.00196211026341059	0.00124344492649363	0.00315801411510176
Visa_mfinanciacion_limite_avg6	0.00194936788630438	0.00143008382817523	0.00211988240323129
mautoservicio_avg6	0.00194062850612832	0.00195474229266661	0.00300970958483455
cmobile_app_trx_tend6	0.00192950839755325	0.00315275869648076	0.00232489160683597
Visa_fultimo_cierre_avg6	0.00192696517844091	0.00268703336178224	0.00269129103455496
vm_fultimo_cierre_tend6	0.00192402476577898	0.00298588710063219	0.0016182641390922
Visa_mpagospesos_avg6	0.0019165408096473	0.00161324986029877	0.00241649146376571
vm_status01_avg6	0.00189670383416759	0.00210836743279616	0.0002573519789931
mcaja_ahorro_delta1	0.00187485020273234	0.00138377021500076	0.00267384344275881
Visa_mpagominimo_avg6	0.00187089445560368	0.0009972744337337	0.00243393905556186
vmr_msaldopesos2	0.00185150519030772	0.0020349195877864	0.00238159628017343
Master_mlimitecompra_tend6	0.00182972890172318	0.00179023136530525	0.00242957715761282
Visa_mpagominimo	0.00182968131076685	0.000846229526046196	0.00210679670938419
mcuenta_debitos_automaticos	0.00182824540090319	0.00189876743831197	0.00089855097750133
Visa_msaldopesos_tend6	0.001811813176921	0.000721030086669179	0.00128239799701646
ctarjeta_visa_transacciones	0.00180588850491396	0.00245622508401821	0.00253426270838967
mtransferencias_recibidas	0.00180436894393145	0.00198650730202414	0.0030402428704778
ctarjeta_debito_avg6	0.00180334357983073	0.00254904852251356	0.00254734840223678
vm_cconsumos_avg6	0.00180273023034083	0.00140427196368662	0.00221584415811008
vmr_msaldopesos2_avg6	0.00179613824282523	0.00128030504414948	0.00294428111559902
mprestamos_personales_delta1	0.00177563503483967	0.00329411360039479	0.000872379589807117
Visa_mfinanciacion_limite	0.00172187321307886	0.00186299574275131	0.00266075774891171
ccajas_consultas_tend6	0.00171472367588905	0.00368666803683592	0.000833122508265797
Visa_mpagado_avg6	0.00169846324685256	0.000673728150919781	0.0019977492606583
Master_mfinanciacion_limite	0.00169592234730033	0.00196580407279606	0.00282214797302602
chomebanking_transacciones_delta1	0.00169442314615368	0.00177765869469279	0.00242085336171475
cproductos	0.00169333375096351	0.00236302189385777	0.00224201554580429
mcomisiones_delta1	0.0016907571295547	0.00179760911287727	0.00274363380994338
mcaja_ahorro_dolares_tend6	0.00168649622696394	0.00210201061489743	0.00205445393399576
Master_mfinanciacion_limite_avg6	0.0016469825259033	0.00118282633721086	0.00220712036221201
mttarjeta_visa_debitos_automaticos_avg6	0.00164392636382372	0.00112145863900047	0.00165752122063352
Master_mfinanciacion_limite_lag1	0.0016412778536525	0.00174670615740161	0.00209371101553708
mtransferencias_emitidas_tend6	0.00163935271093387	0.00201454328387629	0.00173167348576713
Visa_cconsumos_tend6	0.00163593226704614	0.00140463818838951	0.00259096738172714
vmr_msaldopesos2_tend6	0.00163349528516565	0.00150107503446071	0.00196285407706601
cextraccion_autoservicio_avg6	0.00162056949382907	0.000912491991125309	0.00159209275139799
Visa_mpagospesos_lag1	0.00161672322777467	0.00150930455348399	0.00239904387196957
cliente_edad_tend6	0.00161629476357341	0.00247342568437139	0.00263894825916653
vmr_mpagominimo_avg6	0.00161467634269849	0.00197340779183132	0.00195413028116794
ctrx_quarter_normalizado_delta1	0.00160636429298485	0.00150266608999338	0.00256479599403292
Master_mlimitecompra_delta1	0.00160411715359213	0.00136846310457719	0.00200647305655637
Visa_mfinanciacion_limite_delta1	0.0016000845569131	0.00144026678292902	0.00212424430118033
mcaja_ahorro_dolares_lag1	0.00158292108226359	0.00189991238887025	0.00241212956581668
Visa_mconsumospesos_tend6	0.00157915590868486	0.00127212379502289	0.00234233919863211
ccallcenter_transacciones_tend6	0.00157474965057623	0.00330479947336421	0.00165752122063352
mcaja_ahorro_dolares	0.00157126690271695	0.00280317856460911	0.00246011044325607
cprestamos_personales	0.00156946903876448	0.00243130728053637	0.000567046733374626
ctarjeta_debito_transacciones_tend6	0.00154684756536331	0.000828478022358856	0.00159645464934702
mautoservicio	0.00151932492764529	0.00185271411236801	0.00192359699552469
Visa_mlimitecompra_delta1	0.00151743188563624	0.00142184946792337	0.00233361540273404
vmr_Master_mlimitecompra_avg6	0.00150049543470351	0.00329925555469905	0.00179710195500266
cpayroll_trx_avg6	0.00148456600882848	0.00147578545310203	0.00122133142572996
mttarjeta_visa_debitos_automaticos_tend6	0.00147641732082978	0.00148189109667111	0.00151357858831535
mtarjeta_visa_consumo_tend6	0.00145864170014935	0.000826933812832115	0.00139144544574235
vmr_mpagado_avg6	0.00145566347942655	0.00192941597492638	0.00182327334269687
ccomisiones_mantenimiento_delta1	0.00145511567809425	0.00106365081007343	0.000366399427718989
Visa_mpagominimo_tend6	0.00145243812450247	0.000814716118185553	0.00169241640422581
ccomisiones_otras_lag1	0.00144803903930798	0.00119581307525567	0.00240776766786764
Visa_mfinanciacion_limite_lag1	0.00143935512121734	0.00110211180810818	0.00200647305655637
tcallcenter_tend6	0.00143527006146262	0.00429062255045715	0.00103813171187047
mcomisiones_mantenimiento_delta1	0.00143083786652444	0.00223111735290268	0.00230744401503982
mtransferencias_recibidas_lag1	0.00142074070388567	0.00148994391085136	0.00247319613710318
ccomisiones_otras	0.00140138881960547	0.00138904416397826	0.0027828908914847
vm_mpagospesos_tend6	0.00139042893930581	0.000942867140714235	0.00177093056730845
Visa_cconsumos_lag1	0.00138115775361674	0.000690858695847682	0.00133474077240489
ctransferencias_emitidas_avg6	0.00135410610066218	0.000740019093814048	0.00214169189297647
ctarjeta_debito_transacciones_avg6	0.00135187622507747	0.00109718429175204	0.00260841497352328
Visa_msaldototal_tend6	0.00134938320248066	0.00115182296701963	0.00176656866935941
vmr_Visa_mlimitecompra_avg6	0.00134174124761755	0.00145863340742369	0.00175348297551231
ctarjeta_visa_transacciones_avg6	0.0013409295843463	0.000724261179576583	0.00164879742473545
mcomisiones_otras_delta1	0.00133410736197402	0.00174817390399467	0.00244266285145993
ctarjeta_visa_transacciones_tend6	0.00129733175558161	0.000715920881852351	0.00152230238421342
thomebanking	0.00128678170148421	0.00119739017665891	0.000907274773399402
Visa_mpagospesos_delta1	0.00127251873440238	0.00121612017807495	0.00210679670938419
Visa_mconsumospesos	0.00127131935601716	0.000898897821283265	0.00211552050528226
matm_avg6	0.00127032936585627	0.000531111537405335	0.00123005522162803
vmr_mpagominimo	0.00125880020595451	0.000880834485519986	0.0016182641390922
Visa_mconsumospesos_lag1	0.00125845432096442	0.000851607846216232	0.00193232079142276
ccaja_ahorro	0.00125554021453785	0.001348742502361	0.000553961039527519
mcomisiones_mantenimiento_lag1	0.00125477219101307	0.00226109153485424	0.00162262603704124
vm_fultimo_cierre	0.00124996893926491	0.00108986293025403	0.00160081654729606
mpagomiscuentas_avg6	0.00123939052778498	0.00107041315205996	0.00160954034319413
tcallcenter	0.00123462502453151	0.000264877142367541	0.000157028326165281
cproductos_delta1	0.0012317738838329	0.000711335099278058	0.000239904387196957
Visa_mlimitecompra	0.00122438859092858	0.00119565787116308	0.0018014638529517
Master_mlimitecompra	0.00122224874074148	0.00162711157921419	0.00174475917961423
mcaja_ahorro_dolares_delta1	0.00121785862773243	0.00181155854346336	0.00146123581292692
cdescubierto_preacordado_avg6	0.00121106312525538	0.00268123641772944	0.00120824573188286
vmr_mpagospesos_tend6	0.00120714564912449	0.000775252701057369	0.0015441118739586
vm_mconsumospesos_avg6	0.00120228243478865	0.0010574009263706	0.00179710195500266
vmr_msaldototal_tend6	0.00120212319263749	0.000954425858718127	0.00129112179291453
cpayroll_trx_lag1	0.0011964507348254	0.000322291407889146	0.000300970958483455
vmr_msaldopesos2_lag1	0.00118624299452179	0.000794750464369969	0.00185380662834012
Visa_mconsumototal_tend6	0.00117972016571437	0.000728921858804731	0.00121260762983189
vmr_Visa_mlimitecompra	0.00117584579903322	0.000933227969840816	0.00150049289446824
Visa_mpagospesos	0.00115549897936194	0.000992646076825751	0.00206317772989383
mautoservicio_tend6	0.00114476273004037	0.000762794938429056	0.00153974997600956
Visa_mpagominimo_delta1	0.00113792857415924	0.000911742455030448	0.00156592136370377
mcuenta_debitos_automaticos_tend6	0.0011358324088187	0.00125368654554663	0.000920360467246508
vmr_Master_mlimitecompra_tend6	0.00113415882712249	0.00456520877673431	0.00133037887445585
vm_mpagado_avg6	0.00113086693038369	0.000604218502967702	0.00159645464934702
cproductos_lag1	0.0011244329164375	0.00195095944209059	0.00220712036221201
vmr_msaldopesos_tend6	0.00111850921022588	0.000878107165162661	0.00119079814008671
vm_status06_tend6	0.0011138588168252	0.0015096300549112	0.00029660906053442
vmr_Master_mlimitecompra	0.00110920430222724	0.00200985668983635	0.00151794048626438
vmr_mpagominimo_lag1	0.00110436001323367	0.000777006792081796	0.00115590295649443
mtransferencias_recibidas_delta1	0.00109735553778238	0.00136503110068387	0.00173167348576713
vmr_mpagospesos_avg6	0.00109535377572944	0.000793263637640764	0.00163571173088834
vmr_Master_mlimitecompra_lag1	0.001088300053928	0.00152675461949792	0.00132165507855778
vm_mpagominimo	0.00108590266055771	0.000812721389623073	0.0018145495467988
Visa_msaldototal	0.00108414756499737	0.00105317268276557	0.0018014638529517
Master_fultimo_cierre	0.00107030996590016	0.00208666064536205	0.00164443552678642
mpayroll_avg6	0.00107012918068573	0.000947676901304716	0.00121696952778093
Visa_msaldototal_avg6	0.00106597776656236	0.00154495308249411	0.00143070252728367
Visa_fultimo_cierre	0.00105827979573854	0.00142896294137076	0.00154847377190763
cprestamos_personales_avg6	0.00105770670167516	0.00471482794260612	0.00110792207905504
Visa_cconsumos	0.00105342315903929	0.000644817188197012	0.00141325493548753
Master_fultimo_cierre_lag1	0.00104788068490464	0.000789742925353241	0.00152230238421342
ctransferencias_emitidas_tend6	0.00104693672655768	0.001068915503761	0.00153538807806053
vm_mfinanciacion_limite_delta1	0.0010404922486576	0.00153069196222115	0.00164443552678642
Visa_mlimitecompra_avg6	0.00103678863566858	0.00118836940154157	0.00148740720062113
mextraccion_autoservicio_avg6	0.00103643869252632	0.000611508823647196	0.00144378822113078
vm_Fvencimiento_tend6	0.00102898175984993	0.0019693428684962	0.00132601697650682
Visa_mconsumosdolares_tend6	0.00102550351477294	0.000814537277506385	0.00113845536469829
Master_fultimo_cierre_tend6	0.00102044342807778	0.00344024594257911	0.00155283566985667
ccaja_seguridad	0.00101565461602888	0.000938538655199861	9.59617548787829e-05
vmr_msaldopesos_avg6	0.00101268094562569	0.00129574742419504	0.00128239799701646
mcuenta_debitos_automaticos_avg6	0.000998669729901316	0.00104507088674325	0.00117771244623961
Visa_mpagado_tend6	0.000994012585306792	0.000687158573324687	0.00155283566985667
ctransferencias_recibidas_lag1	0.00099077747554997	0.000761505320569795	0.00115590295649443
ctarjeta_visa_transacciones_delta1	0.000990637642111573	0.00161079307918541	0.0009683413446859
Visa_fultimo_cierre_tend6	0.000984803736602643	0.00201601814992313	0.00139580734369139
Master_mlimitecompra_lag1	0.000983483492233522	0.00111173517379419	0.00125186471137321
Visa_mpagominimo_lag1	0.000972393537361617	0.000836652152031662	0.0018145495467988
vm_cconsumos_tend6	0.000965928432777871	0.000773584043478404	0.00133037887445585
ctarjeta_visa_debitos_automaticos_avg6	0.00096235555668159	0.000591750915493161	0.00143506442523271
tcallcenter_avg6	0.000960308891717889	0.000814094874647963	0.0010904744872589
vmr_msaldopesos	0.000959458443792488	0.000937974367292579	0.00125622660932225
ctarjeta_debito	0.000958690638948238	0.00127447079415883	0.000977065140583971
mtarjeta_master_consumo	0.00094697228818915	0.000306795916718327	0.000213732999502744
ccuenta_debitos_automaticos_tend6	0.000941350471982449	0.00306947845862176	0.000785141630826405
vm_fultimo_cierre_lag1	0.000940445464966704	0.00129543886706784	0.0018145495467988
vmr_mconsumospesos_tend6	0.000929007077858199	0.000602289700547303	0.00135655026215007
Visa_mconsumosdolares_avg6	0.000927879729017429	0.000525470082223274	0.00113845536469829
Visa_mlimitecompra_lag1	0.000921314227574303	0.00101946192668762	0.001347826466252
ctarjeta_visa_debitos_automaticos_tend6	0.000920836436659692	0.000994276858910561	0.000885465283654224
active_quarter_tend6	0.00091420637016885	0.00941011056394832	0.00181891144474784
catm_trx_avg6	0.000906476855562659	0.00076345277595912	0.00124314091547514
mpagomiscuentas_tend6	0.000904242618753186	0.000906246663872901	0.00103813171187047
Visa_mconsumospesos_delta1	0.000904171213065827	0.000516449449495006	0.00170114020012388
vm_mfinanciacion_limite_avg6	0.000898728026041397	0.00152827405332548	0.00136963595599717
vm_mpagospesos_avg6	0.000897340443313299	0.000689416864066421	0.00179274005705363
mttarjeta_visa_debitos_automaticos_lag1	0.000886401552151276	0.000508777098925218	0.00107302689546275
vmr_mconsumospesos_avg6	0.000884140496205061	0.000712828618293824	0.00159209275139799
Visa_msaldototal_delta1	0.000880016355068366	0.00039707400809519	0.00108611258930986
ccajas_consultas_avg6	0.000878258486710409	0.00334213830309281	0.000959617548787829
vmr_msaldototal_avg6	0.000876970423415994	0.00114596408371887	0.00133910267035392
vmr_Visa_mlimitecompra_lag1	0.000875137827898542	0.000860510011233457	0.00124750281342418
mttarjeta_visa_debitos_automaticos	0.000874968589236876	0.000707435347270832	0.00118207434418864
cdescubierto_preacordado_tend6	0.000873610848039308	0.00449392695434518	0.00044491359080163
Visa_msaldopesos_delta1	0.000870115395125689	0.000595806298760205	0.00111664587495311
ccajas_transacciones_tend6	0.000866658293098415	0.00408754112786177	0.00085929389596001
mextraccion_autoservicio_tend6	0.000851476253915539	0.000707983118045325	0.000977065140583971
vmr_mconsumospesos	0.000844522816095753	0.00057456953766521	0.00126931230316936
vm_mpagominimo_avg6	0.00084409363336426	0.000856845628368481	0.00177529246525748
Master_mlimitecompra_avg6	0.000841785162282021	0.000973700783127144	0.00122133142572996
Visa_msaldopesos_avg6	0.000840665007063175	0.000883164967523136	0.00144815011907981
vmr_msaldopesos_lag1	0.000839569295745696	0.000577528240270663	0.000955255650838793
vmr_msaldopesos2_delta1	0.000833201127518224	0.00101164718704206	0.00124314091547514
Master_mpagospesos_tend6	0.000826862224253844	0.00103097536496542	0.000763332141081227
cpagomiscuentas_avg6	0.000826603080366633	0.000620007742801837	0.00103813171187047
ctarjeta_debito_transacciones_delta1	0.000824544549557491	0.000672457897974824	0.000693541773896658
Visa_msaldototal_lag1	0.000820245368979644	0.000738800528103597	0.00129548369086357
mtransferencias_emitidas	0.000813191426059433	0.00124025341774929	0.00151794048626438
vm_mpagominimo_tend6	0.000810989895302719	0.0012393641979711	0.00114281726264732
vm_mpagospesos_delta1	0.000809394795057431	0.000504171524269393	0.00100759842622722
mautoservicio_lag1	0.00080853548395989	0.000496128250157221	0.00162698793499027
vmr_mpagado_tend6	0.000807205210299222	0.000814334088295259	0.00106430309956468
mplazo_fijo_dolares	0.000807031373125037	0.00143408695465146	0.00018756161180853
vm_mpagospesos	0.000798372927966363	0.000611577455181717	0.00152666428216245
ccallcenter_transacciones	0.000797448407882488	0.000539029366741753	0.00033586614207574
vm_cconsumos_lag1	0.000780447239149297	0.000672743530460822	0.00103813171187047
vmr_mpagominimo_tend6	0.000778710892652892	0.000850755932375892	0.00125622660932225
Visa_status_tend6	0.000772695029697552	0.000232519509676651	0.000130856938471068
vm_msaldototal_avg6	0.000763324809904849	0.000919721938836675	0.001225693323679
Visa_fultimo_cierre_lag1	0.000753227235347236	0.000828219301408179	0.00143506442523271
vmr_msaldototal	0.000750277752083593	0.000708048332242028	0.00120388383393382
ctransferencias_recibidas	0.000748068881659945	0.00061894324207137	0.00104685550776854
matm_other_avg6	0.000747185464233925	0.000795360316781498	0.000758970243132192
vm_mfinanciacion_limite_lag1	0.000746323223781693	0.000491062758786654	0.00113409346674925
mtransferencias_emitidas_lag1	0.000743414253292817	0.00106697815799605	0.00119079814008671
vm_mlimitecompra_avg6	0.000743265550641103	0.00162532758648385	0.00101632222212529
ctarjeta_debito_lag1	0.000741796264716254	0.00095871191228792	0.00102068412007433
mtarjeta_visa_consumo_avg6	0.000740432319947775	0.000667575091788473	0.0013609121600991
Visa_msaldopesos_lag1	0.000737081926975511	0.000611227747611623	0.00121696952778093
cprestamos_personales_tend6	0.000734968019281037	0.00407701586976983	0.000789503528775441
vm_mpagominimo_lag1	0.000729501019394587	0.000533079639210647	0.00138272164984428
vm_msaldopesos_avg6	0.000728332071009515	0.00132148595830962	0.00133037887445585
Master_mconsumospesos_tend6	0.00072487699374051	0.000635928407752909	0.000645560896457267
vm_mfinanciacion_limite	0.000723858633452692	0.000687279746428169	0.00140453113958946
Visa_Fvencimiento_tend6	0.000715108312921764	0.00136274404734883	0.00110792207905504
ctarjeta_debito_transacciones	0.000714668385965764	0.000904061561116114	0.00129112179291453
matm_tend6	0.000708760709809189	0.000824741305843388	0.000937808059042651
Visa_mconsumototal_avg6	0.000705650051204536	0.000641186978710221	0.00114281726264732
vm_status05_tend6	0.000700939312623576	0.000983018439467471	0.000327142346177669
mpagomiscuentas	0.000696617690009905	0.000390089539150453	0.000754608345183156
vm_mlimitecompra_delta1	0.000694493191758384	0.000822327811009063	0.00128239799701646
vm_msaldopesos_tend6	0.000693361413288161	0.000531794862579962	0.000894189079552295
mcuenta_debitos_automaticos_lag1	0.000692892713702836	0.000686687835040187	0.000745884549285085
Visa_cconsumos_delta1	0.000690216916262922	0.000628804397513916	0.00108175069136083
vmr_mconsumospesos_lag1	0.000689111558396568	0.000598586303075566	0.00114281726264732
cpagomiscuentas_tend6	0.000680014633912017	0.00070680271260718	0.000750246447234121
vm_msaldototal_tend6	0.000679928236307981	0.000800985539608921	0.00101196032417626
vmr_mpagominimo_delta1	0.000678863016505813	0.000530186435580049	0.000911636671348437
vm_mpagospesos_lag1	0.000678720159166209	0.000709736354735298	0.00154847377190763
mtransferencias_emitidas_delta1	0.000676008606531159	0.000552874853302533	0.000728436957488943
Master_msaldototal_tend6	0.000669909197760287	0.000754627216264659	0.00063247520261016
cmobile_app_trx	0.000667986678649104	0.000669135106502624	0.000929084263144579
Master_Fvencimiento_tend6	0.000667695315734561	0.00111570782900821	0.00112536967085118
mpayroll_tend6	0.000665406832138648	0.000547531560845137	0.000567046733374626
catm_trx_other_avg6	0.000664873592640458	0.000426317876477113	0.000532151549782341
mtarjeta_visa_consumo_delta1	0.000661188567605926	0.000506030840820816	0.000868017691858081
vmr_mpagospesos_lag1	0.000654651414963385	0.000859241324568334	0.00129548369086357
vm_mconsumospesos_lag1	0.000654468246151436	0.000383306693137008	0.0009683413446859
cextraccion_autoservicio_tend6	0.000643751767804869	0.000817594513352272	0.000902912875450366
ccajas_transacciones_avg6	0.000636083354455081	0.00139582871866061	0.00125622660932225
Visa_mconsumosdolares	0.000611806389714993	0.000289825417111593	0.000457999284648736
vmr_Visa_mlimitecompra_tend6	0.00061117332419241	0.00182896603514364	0.000868017691858081
vmr_msaldototal_delta1	0.000600382690004192	0.000571554306596675	0.000850570100061939
vm_mconsumospesos_tend6	0.000600181209867744	0.000490540048489498	0.0009683413446859
Visa_delinquency_avg6	0.000599808928559702	0.00193226518033257	0.00037512322361706
vm_mpagominimo_delta1	0.000596070772934756	0.000856882649528182	0.00082003681441869
vmr_msaldopesos_delta1	0.00059541066251903	0.000622879730460145	0.000811313018520619
vm_mconsumospesos	0.000589878643873162	0.000537129611692812	0.00130420748676164
mttarjeta_visa_debitos_automaticos_delta1	0.000587641528678028	0.000567580654659124	0.00101196032417626
mv_status07_tend6	0.000587566074568533	0.0023377182159806	0.00115154105854539
vm_cconsumos	0.000587290183896935	0.000393494773897525	0.00108175069136083
active_quarter_lag1	0.000579376294170172	0.00170688320785711	0.00138272164984428
Visa_mconsumototal	0.00057793515013858	0.000347483310341843	0.000985788936482042
vm_mlimitecompra	0.00057184792959624	0.000825071933277329	0.000920360467246508
vmr_msaldototal_lag1	0.000569256257503976	0.000433474493814457	0.000837484406214832
Master_mpagominimo_tend6	0.000561526183676225	0.000593864823712063	0.000527789651833306
vm_msaldototal	0.000561400504954944	0.000849284341277795	0.00174475917961423
ccomisiones_otras_delta1	0.0005603093228477	0.000566726462593572	0.000697903671845694
ccajas_otras_avg6	0.000551310718612791	0.00182079688908848	0.000362037529769954
vmr_mpagospesos_delta1	0.000543058176754619	0.000627539982521066	0.00105557930366661
vm_mconsumosdolares_avg6	0.000540109434929104	0.00052143320953608	0.0007109893656928
Master_cconsumos_avg6	0.000539660250784121	0.000707122518471363	0.000623751406712089
Master_mpagospesos_avg6	0.000538205704187773	0.000852546190225565	0.000676094182100516
Master_fechaalta_tend6	0.000537522769289607	0.000867593440585855	0.000872379589807117
mpayroll_sobre_edad_avg6	0.00053616317138602	0.00103553266972456	0.00149176909857017
mv_status07_delta1	0.000532675509497785	0.00320158049322494	0.000985788936482042
matm_other_tend6	0.000532247491402803	0.00061614672062322	0.000457999284648736
vm_msaldototal_lag1	0.000528474594061702	0.00057001664696742	0.00113409346674925
Master_mpagado_avg6	0.000528268586605191	0.000541596926556063	0.000449275488750665
Visa_fechaalta_tend6	0.000526188764669742	0.00166039730390095	0.000715351263641836
ctarjeta_visa_transacciones_lag1	0.00052268607247787	0.000507775818944394	0.00114281726264732
ctarjeta_debito_transacciones_lag1	0.000522312004922371	0.000285153061979232	0.00103813171187047
Master_status	0.000518237309829416	0.00103199828808576	8.28760610316761e-05
vm_mlimitecompra_lag1	0.000516341685654637	0.000443332231919184	0.0007109893656928
catm_trx_other_tend6	0.000514097684688666	0.000646262294927015	0.000440551692852594
vm_msaldopesos_lag1	0.000510707433958449	0.000530887132221919	0.000994512732380113
mprestamos_personales_avg6	0.000510012366945895	0.00185298137666324	0.000763332141081227
active_quarter	0.000509631697351243	0.00129410938026737	0.00101196032417626
vmr_mpagospesos	0.000504997527055948	0.000549931528717264	0.001225693323679
vmr_mconsumototal_avg6	0.000501469135436458	0.000306612234810582	0.000754608345183156
tcuentas_avg6	0.000500829057158781	0.00424795637584764	0.000776417834928334
mpayroll_sobre_edad_tend6	0.000497383653674975	0.000502027429566428	0.00052342775388427
vmr_mconsumosdolares_avg6	0.00049556388579837	0.000405311073739488	0.000693541773896658
Visa_msaldodolares_avg6	0.000493939367939609	0.000452854358972318	0.000327142346177669
Visa_fultimo_cierre_delta1	0.000490100240882369	0.000185427597814015	0.000649922794406302
vm_mpagado_tend6	0.000484514014476606	0.000447388184742532	0.000981427038533006
ccajas_extracciones_tend6	0.000484206608330212	0.00112335953316201	0.000453637386699701
ccuenta_debitos_automaticos_avg6	0.000481253320688653	0.000521333110015813	0.000772055936979298
ctarjeta_visa_debitos_automaticos	0.000479339076811895	0.00022034082963685	0.000453637386699701
vm_status02_avg6	0.00047804487019207	0.000782398354435879	0.000231180591298886
Master_cconsumos_tend6	0.000472323308688633	0.000248786180081847	0.000427465999005487
vm_status02_tend6	0.00047151064064799	0.000540053001807474	0.000213732999502744
catm_trx_tend6	0.000469735573783267	0.000841323368051418	0.000615027610814017
cplazo_fijo_tend6	0.00045820990069526	0.000347564472115033	0.00014830453026721
ctarjeta_visa_debitos_automaticos_delta1	0.000452242863638433	0.000291073742138881	0.000205009203604672
mextraccion_autoservicio	0.000449099785524745	0.000292932204355849	0.000619389508763053
mtarjeta_visa_descuentos_avg6	0.000449034221221282	0.000604260365355979	0.000178837815910459
Master_mconsumospesos	0.000441509839982227	0.000349186853244371	0.000353313733871882
Master_mpagominimo_avg6	0.000441324431187862	0.00030934923762506	0.000580132427221733
mtarjeta_visa_consumo_lag1	0.000439609797860791	0.000659691862997467	0.00112100777290215
vmr_mconsumototal	0.000436599205475706	0.000348646486701819	0.000802589222622548
cmobile_app_trx_lag1	0.000435886696917231	0.000284141814763104	0.000571408631323662
ccajas_consultas	0.000434629874186482	0.000967681996894289	0.000196285407706601
mforex_sell_tend6	0.000432776875799953	0.000384788963415788	0.000466723080546808
Master_mpagado_tend6	0.000431907647495089	0.000384539355365961	0.000431827896954523
Visa_mpagado	0.000431835767828101	0.000778508996831184	0.000475446876444879
mautoservicio_delta1	0.00042805929050028	0.000351385198185206	0.000689179875947622
mforex_sell_avg6	0.000427950722681759	0.000312455882480239	0.000453637386699701
vmr_mconsumospesos_delta1	0.000424178304898139	0.000271650305923834	0.000715351263641836
Master_mconsumospesos_avg6	0.000421557932582542	0.000407206699505232	0.000545237243629448
Master_msaldopesos_lag1	0.000419502655986359	0.000446039760194977	0.000300970958483455
mpagomiscuentas_lag1	0.000415412393572784	0.000238514801712004	0.000597580019017875
cseguro_accidentes_personales_avg6	0.000414320235277394	0.000537500677624272	0.000462361182597772
mpagomiscuentas_delta1	0.000404856148244535	0.00194504346077044	0.000418742203107416
ccajas_otras_tend6	0.000403714134661829	0.00574411115579507	0.000649922794406302
Master_msaldopesos_tend6	0.000401262567210898	0.000759838229270664	0.000497256366190057
Visa_mconsumototal_lag1	0.000399318440159059	0.000436904789038865	0.000885465283654224
ctransferencias_recibidas_delta1	0.000396089099160434	0.000547590509922507	0.000741522651336049
cdescubierto_preacordado_delta1	0.000391577879361893	0.00244985602065896	0.000130856938471068
vm_msaldototal_delta1	0.000388320337230604	0.000233421117304435	0.000514703957986199
mv_status07	0.000382366706223647	0.000861488936129385	0.000619389508763053
Master_msaldototal	0.00038171086239247	0.00036476450291191	0.000331504244126704
vmr_mconsumototal_tend6	0.000377587833099846	0.000216972046493175	0.000628113304661124
ctarjeta_master_transacciones_avg6	0.000371055262142045	0.000395530937681056	0.000239904387196957
mcuenta_debitos_automaticos_delta1	0.000369418155457518	0.000344662867528964	0.000492894468241021
vm_mconsumototal_tend6	0.000360980477650398	0.000179910733073254	0.000457999284648736
cforex_tend6	0.000360696152695768	0.0009725850223294	0.000331504244126704
vm_mconsumosdolares_tend6	0.000357170092425594	0.000363055406835426	0.000427465999005487
Visa_mpagado_lag1	0.000355995228569843	0.000174448260959437	0.000388208917464167
ccheques_emitidos_avg6	0.000355228130425325	0.00142784048828645	9.15998569297473e-05
Visa_mconsumosdolares_delta1	0.000354491828885854	0.000155132613274748	0.000440551692852594
cprestamos_personales_lag1	0.000354165886182312	0.00214278828319498	0.000348951835922847
vm_fultimo_cierre_delta1	0.000353748510070039	0.000277484413525414	0.000658646590304373
Master_msaldototal_lag1	0.00035332403672788	0.0011035080753852	0.000348951835922847
ccaja_ahorro_avg6	0.000350507776527191	0.000656803642984521	0.000383847019515131
cpagomiscuentas	0.000349675250759118	0.00051674362532555	0.000353313733871882
thomebanking_lag1	0.000344948246814921	0.000315967054699685	0.000654284692355338
ccaja_ahorro_lag1	0.000340868592545847	0.000528833312192993	0.00033586614207574
Master_msaldopesos	0.000340447052133789	0.000530111681315269	0.000427465999005487
vm_fechaalta_tend6	0.000339626512001264	0.00150494531192925	0.000615027610814017
cseguro_vida_avg6	0.000338271792093912	0.000816528303952896	0.000300970958483455
mv_status07_lag1	0.000338215430257174	0.000602832772482295	0.000479808774393914
Master_mpagominimo_delta1	0.000334360860990104	0.000152400166910696	0.000322780448228633
Master_mpagospesos_delta1	0.000334150257189615	0.000443433612941133	0.000410018407209345
mtarjeta_master_consumo_tend6	0.000331062295327933	0.000363016249839589	0.000248628183095028
mtarjeta_master_consumo_avg6	0.000330776528976116	0.00023299836413847	0.000248628183095028
Visa_mconsumototal_delta1	0.000330687219254275	0.000238925451806528	0.000654284692355338
vm_cconsumos_delta1	0.000327554182875876	0.000306714470166986	0.000527789651833306
ccaja_seguridad_avg6	0.000324693359380569	0.00163376955000818	0.000157028326165281
ctarjeta_visa_debitos_automaticos_lag1	0.000324317562851586	0.000239885154177227	0.000410018407209345
matm	0.000323497066621514	0.000166983656051199	0.000366399427718989
ccajas_extracciones_avg6	0.000322749375002375	0.00153031747895187	0.000427465999005487
vm_mconsumototal	0.00032077818914589	0.000218170535343943	0.000558322937476555
vm_mconsumototal_lag1	0.000320388831787485	0.000279717074233508	0.000519065855935235
cextraccion_autoservicio_delta1	0.000318587159035803	0.000428719553018148	0.00029660906053442
Master_msaldopesos_avg6	0.000318517537398423	0.000490760466778792	0.00052342775388427
cseguro_vivienda_avg6	0.00031427084835651	0.00110043460718467	0.000340228040024776
mextraccion_autoservicio_delta1	0.000310710799832836	0.0003127070568099	0.000440551692852594
Visa_mpagado_delta1	0.00031043212629265	0.000174820750781655	0.000431827896954523
mextraccion_autoservicio_lag1	0.00030789009923291	0.000329093049260593	0.000466723080546808
Master_mpagospesos_lag1	0.000303243049160714	0.000536967430535508	0.00044491359080163
cpayroll_trx_tend6	0.000303198332726287	0.000811913189228994	0.000457999284648736
vm_msaldopesos_delta1	0.000302396987842882	0.000473141242542843	0.0007109893656928
Master_mpagominimo	0.000301441590522404	0.000180712383569846	0.000309694754381527
mplazo_fijo_dolares_delta1	0.000300421740185419	0.000623067826429239	0.000139580734369139
Visa_mconsumosdolares_lag1	0.00029985458109539	0.000254578282906074	0.000471084978495843
matm_other	0.000299631675753207	0.00026256018732659	0.000209371101553708
ctarjeta_debito_tend6	0.000298131607217052	0.00308493080590262	0.000492894468241021
ccallcenter_transacciones_delta1	0.000297309611316871	0.00117650995780965	0.000348951835922847
vm_status04_tend6	0.000296974838931135	0.00086972543221738	0.000248628183095028
vm_status05_delta1	0.000295838707459598	0.00043151934941504	0.000100323652827818
Master_mconsumospesos_lag1	0.000295200409909595	0.000237808979063405	0.000366399427718989
vmr_msaldodolares2_avg6	0.000293083136300672	0.000606535173230502	0.000222456795400815
tcuentas_tend6	0.000287979085803214	0.00359938851700573	0.000453637386699701
Visa_Finiciomora_lag1	0.000286097426229898	0.00246433684727583	0.000174475917961423
mpayroll_delta1	0.000278900522554288	0.00153564667489077	0.000396932713362238
Visa_status_avg6	0.000277658664872483	0.00251166085333197	0.000287885264636349
Master_fultimo_cierre_delta1	0.000275603193956958	0.000296192629412861	0.000706627467743765
ctarjeta_master_transacciones	0.000274904459691455	0.000415253533344299	0.000126495040522032
vmr_mconsumototal_lag1	0.000271586533120758	0.000224251118435683	0.000479808774393914
vmr_mconsumosdolares_tend6	0.000270667424011394	0.000288007251003069	0.000362037529769954
Master_mpagospesos	0.000269890299705584	0.000407663341271231	0.00037512322361706
cplazo_fijo_avg6	0.000269380717228117	0.000297670200852141	0.000126495040522032
mpayroll_sobre_edad_lag1	0.000265170282648159	0.000511795889720647	0.00078077973287737
ctransferencias_emitidas_delta1	0.000261546843656023	0.000149331397549671	0.00033586614207574
ccaja_seguridad_lag1	0.000261539387024826	0.00019652995883006	3.92570815413203e-05
ccajas_extracciones	0.00026140502651022	0.00086056312235872	6.97903671845694e-05
vm_Fvencimiento_delta1	0.000256935320390332	0.00019086856917739	0.000379485121566096
vm_mconsumototal_avg6	0.000256571281508697	0.000464006556164883	0.000750246447234121
mpayroll_lag1	0.000254164562212548	0.000301455329653371	0.000772055936979298
ctransferencias_emitidas	0.000253128673529886	0.000392911833021317	0.000545237243629448
ctarjeta_visa_descuentos_avg6	0.000251457724813502	0.000114014350307949	0.000143942632318174
cforex_sell_avg6	0.000251418776274834	0.000148132196753525	0.00018756161180853
cdescubierto_preacordado_lag1	0.000249665242894633	0.000534262750041231	0.000331504244126704
thomebanking_delta1	0.000248512713011795	0.000630126622471529	0.000340228040024776
cpagomiscuentas_lag1	0.000245002479207577	0.000156880012012615	0.000340228040024776
mcaja_ahorro_adicional	0.000243207935656686	0.000245909066416811	6.97903671845694e-05
vmr_mpagado	0.000242451726148322	0.000298798776666705	0.000261713876942135
ccheques_depositados_avg6	0.000239949077148585	0.000354450692597487	6.54284692355338e-05
Master_fechaalta_delta1	0.000239029316697069	7.01822939460228e-05	0.000309694754381527
vm_mconsumospesos_delta1	0.000237995672624198	0.000186955290207966	0.000571408631323662
Master_mpagominimo_lag1	0.000236192409615678	0.000154586266391014	0.000292247162585384
Visa_mpagosdolares_tend6	0.000235531423600301	0.000365655858526239	0.000314056652330562
Master_msaldototal_avg6	0.000235429854258461	0.000247500264338556	0.000492894468241021
cextraccion_autoservicio	0.000233726505564168	0.000250753285163628	0.000353313733871882
vm_status06_delta1	0.000232089251002732	0.00248601800467631	0.000170114020012388
mplazo_fijo_dolares_tend6	0.000231462008562712	0.000321587578687608	0.000170114020012388
vm_status01_tend6	0.000229081938531575	0.00105368058459884	0.00037512322361706
Master_Fvencimiento_delta1	0.000226969504084152	0.000226882326166862	0.000331504244126704
vm_Finiciomora_avg6	0.000224548348191527	0.00267678917972587	0.000357675631820918
Master_cconsumos	0.000222849861503678	0.000184514599060169	0.000191923509757566
Visa_delinquency_tend6	0.000218366969768631	0.00111371310044573	0.000318418550279598
matm_other_delta1	0.000217136778209291	0.000485328038759963	0.000205009203604672
vm_status06	0.000215633806123832	0.000146000062732925	6.97903671845694e-05
mplazo_fijo_dolares_avg6	0.000213938644480068	0.000348179308144213	0.000165752122063352
vm_msaldodolares_avg6	0.00021291859490998	0.000699877477517964	0.000309694754381527
vm_status04	0.000208043088885016	0.000347436179557763	0.000178837815910459
Visa_mpagosdolares_avg6	0.000201546072597356	0.000167737321429257	0.000309694754381527
ccuenta_debitos_automaticos	0.000198110633566601	0.00015981507803149	0.000231180591298886
Master_msaldopesos_delta1	0.000197247132020999	0.000207445220600541	0.000357675631820918
vm_mpagado	0.000195538024237492	0.000170698587038074	0.00029660906053442
ctarjeta_master_debitos_automaticos_tend6	0.000193309203683527	0.000845178552277927	0.000161390224114317
ccuenta_debitos_automaticos_lag1	0.00019275278664157	0.000235596110436842	0.00022681869334985
cprestamos_personales_delta1	0.000191608339123246	0.00097438012140765	0.000218094897451779
catm_trx_delta1	0.000187058870533237	0.000263346317413923	0.000222456795400815
mtarjeta_master_descuentos_tend6	0.000186151344516733	0.000448808515773351	0.000104685550776854
ctransferencias_emitidas_lag1	0.000184601229850531	0.000114736974867488	0.000401294611311274
cpagomiscuentas_delta1	0.000183222177132219	0.000434626136659296	0.000178837815910459
matm_lag1	0.000182682205966849	0.000339890128098183	0.000322780448228633
ccallcenter_transacciones_lag1	0.000182473260482309	0.000856881937582803	0.000261713876942135
Master_mconsumospesos_delta1	0.000182284445828531	0.000123561537838419	0.000274799570789242
cseguro_vida_tend6	0.000180302638231647	0.00214569501378778	0.000300970958483455
mprestamos_prendarios_tend6	0.000178507350035762	0.00255177413420198	0.000170114020012388
ccheques_depositados_tend6	0.000176858122756942	0.00143071589328258	0.000143942632318174
Visa_Fvencimiento_delta1	0.000174571392432486	0.000152871189973348	0.000239904387196957
vm_status02	0.000173371127592716	0.000303905988036472	6.97903671845694e-05
ccajas_depositos_avg6	0.000172116690851785	0.00113071193547854	0.00022681869334985
matm_delta1	0.000171847342140288	0.000242507533785709	0.000292247162585384
mprestamos_prendarios	0.000170070642366158	0.00217888291717949	0.000117771244623961
vm_Finiciomora_lag1	0.000168464646377419	0.000644959862050935	7.41522651336049e-05
Master_mconsumototal_tend6	0.000168045433638715	0.000215902846923208	0.000270437672840206
mcaja_ahorro_adicional_avg6	0.000166887268826338	0.000621363571581332	0.000135218836420103
Master_mconsumototal_lag1	0.000165192790779553	0.00015225962889291	0.000174475917961423
Master_mconsumototal_avg6	0.000159022351012897	0.000316281022611761	0.000248628183095028
vmr_mpagosdolares_avg6	0.000157922455157722	0.0003711033797871	0.000143942632318174
vmr_msaldodolares_avg6	0.000157683662237235	0.000452301889358326	0.000261713876942135
mcheques_depositados_avg6	0.000157371818493102	0.000388345130583178	9.59617548787829e-05
mpayroll_sobre_edad_delta1	0.000154380185757277	0.00054210411644396	0.00029660906053442
mtarjeta_master_descuentos_avg6	0.000150571911041484	0.000606067282727517	9.59617548787829e-05
ccaja_ahorro_tend6	0.00015037930812637	0.00232119410612641	0.000200647305655637
vm_status05_avg6	0.000149711139220848	0.000314216523402152	0.000362037529769954
mcaja_ahorro_adicional_delta1	0.000148829486850526	0.000983989675353307	0.00010904744872589
cmobile_app_trx_delta1	0.000147635197472496	0.000877519525446953	0.000222456795400815
vm_mpagado_lag1	0.000146263193636781	8.67676311027954e-05	0.00018756161180853
ccajeros_propios_descuentos_tend6	0.000145949603634914	0.000301183936074951	0.00010904744872589
ccajas_depositos_tend6	0.000145135236987685	0.000881154433773244	0.000174475917961423
vmr_mpagado_lag1	0.000144822461425762	0.000120789792089453	0.000305332856432491
Master_cconsumos_lag1	0.000143985854860274	0.000147303065165308	0.00018756161180853
Master_mconsumototal	0.000141234180092084	0.000304649116622923	0.000113409346674925
vmr_mpagado_delta1	0.000140854187437487	0.000190126579703546	0.000353313733871882
cforex_avg6	0.000140750759811549	0.000187754235312119	0.000248628183095028
catm_trx	0.00013722368018485	0.000178066224985711	0.000213732999502744
mttarjeta_master_debitos_automaticos_delta1	0.000136229287437482	0.000281236365671989	0.000104685550776854
Visa_msaldodolares_lag1	0.000133745347390449	0.000221009488736672	9.15998569297473e-05
cforex_sell_tend6	0.000132951894240704	0.000407904833143739	0.000235542489247922
Master_msaldototal_delta1	0.000131423694367952	0.000125955525369363	0.000314056652330562
mcaja_ahorro_adicional_tend6	0.000130715206606377	0.000905230717817272	0.000122133142572996
vmr_Master_mlimitecompra_delta1	0.000130063492581701	0.000587002809372489	0.000165752122063352
cseguro_accidentes_personales	0.000129653138811609	0.000120478671958893	9.59617548787829e-05
vmr_mconsumosdolares_lag1	0.000129041248175072	0.000122467420180192	0.000178837815910459
vm_mpagado_delta1	0.000128881968544441	9.16750705992554e-05	0.000191923509757566
minversion2	0.000127543055088268	0.00109017931878039	8.72379589807117e-05
Visa_msaldodolares	0.000127381663982864	0.00104536221479228	0.000130856938471068
cprestamos_prendarios_avg6	0.000126973244832492	0.00173196020232566	0.000157028326165281
mtarjeta_master_consumo_delta1	0.000126271392624036	0.000265975674087117	9.15998569297473e-05
ccomisiones_mantenimiento_lag1	0.000125796608379665	0.000165724651843229	0.000222456795400815
cplazo_fijo	0.000123042253075191	0.0005053080738722	6.54284692355338e-05
Visa_mpagosdolares_lag1	0.000122603565396498	0.00023710571941817	0.00010904744872589
Visa_fechaalta_delta1	0.000122600585307699	4.22505408973334e-05	0.000183199713859495
cseguro_accidentes_personales_tend6	0.000122570450038056	0.00102912174397703	0.00014830453026721
vm_fechaalta_delta1	0.000122121110647088	0.000139916774248745	0.00018756161180853
cextraccion_autoservicio_lag1	0.000119629145482647	0.000170913594542489	0.000239904387196957
ctarjeta_master_transacciones_tend6	0.000119603591237869	0.000272939354226792	0.000191923509757566
vmr_mconsumosdolares_delta1	0.000118013080308488	5.38921293433243e-05	8.28760610316761e-05
vmr_Visa_mlimitecompra_delta1	0.000116568876814042	0.00156967609772029	0.000174475917961423
vm_Finiciomora_tend6	0.000115056648368918	0.00113793633001596	0.00018756161180853
mcaja_ahorro_adicional_lag1	0.00011474921783974	0.000325743203863995	5.67046733374626e-05
ctarjeta_master_debitos_automaticos	0.000114304694829671	0.000125815699296955	4.79808774393914e-05
vm_mconsumototal_delta1	0.000114173646541848	0.000111785676493975	0.000248628183095028
Visa_mpagosdolares	0.000113609316731152	0.000134304935994444	9.59617548787829e-05
cliente_edad_delta1	0.000112702155908649	0.00079667784289961	0.000261713876942135
Visa_Finiciomora_avg6	0.000112420621551371	0.00105704167873243	0.000157028326165281
mprestamos_prendarios_avg6	0.000111303838793092	0.00141002861163098	0.000104685550776854
vm_mpagosdolares_tend6	0.000110894937478104	0.000480004965551326	0.000130856938471068
vm_mpagosdolares_avg6	0.000110665386912277	0.000164130178972741	0.000161390224114317
tcallcenter_delta1	0.000109967617822758	0.000186717358062352	0.000100323652827818
mtarjeta_visa_descuentos_tend6	0.000108842863968816	0.000346544396776207	6.97903671845694e-05
vmr_msaldodolares2_tend6	0.000107699766948171	0.000402902135355588	0.000152666428216245
Master_mconsumosdolares_tend6	0.000107686621746438	0.000151397463039114	0.000130856938471068
vm_status04_avg6	0.000107567500932667	0.000437986661236576	0.000388208917464167
Master_mconsumototal_delta1	0.000107128163516584	3.96469566468541e-05	0.000104685550776854
vmr_msaldodolares2	0.000106636033136766	0.000220796047512091	5.67046733374626e-05
vm_mconsumosdolares	0.000105557708565245	0.000129656359837736	0.000139580734369139
vmr_msaldodolares_tend6	0.000104455751780061	0.000374100954610238	0.000135218836420103
vmr_mconsumototal_delta1	0.000102077321089035	0.0001336969346409	0.000283523366687313
ctarjeta_master_debitos_automaticos_avg6	0.000101588671510551	4.9499283966702e-05	9.59617548787829e-05
ctarjeta_master_transacciones_lag1	0.000101317976693406	0.000211376725371664	7.41522651336049e-05
vm_status03_avg6	0.000101228016015511	0.000152046187668328	0.000191923509757566
Master_cconsumos_delta1	0.000101147093006335	4.97040394576612e-05	0.000139580734369139
vmr_mconsumosdolares	9.98817019202681e-05	0.00010131637730881	0.000161390224114317
Visa_msaldodolares_tend6	9.93204496253647e-05	0.000337335952856997	0.00014830453026721
mprestamos_hipotecarios_tend6	9.93142636906694e-05	0.000906001185106271	5.67046733374626e-05
vm_Finiciomora	9.59849487032821e-05	0.0011515258010185	0.000117771244623961
Visa_status_lag1	9.56647553620352e-05	0.000322448320650646	2.18094897451779e-05
mttarjeta_master_debitos_automaticos_tend6	9.55771585036761e-05	0.000549114642589563	0.000143942632318174
catm_trx_lag1	9.30503149647182e-05	4.94048800094656e-05	0.000100323652827818
vm_mpagosdolares_lag1	9.19383576626409e-05	0.000181154644039192	3.48951835922847e-05
mttarjeta_master_debitos_automaticos_avg6	9.19224251105103e-05	0.000125149603200497	9.59617548787829e-05
vm_msaldodolares_tend6	9.18694999217509e-05	0.000131915932081152	0.000130856938471068
ccajas_consultas_delta1	8.93402962581485e-05	0.000970211965992594	0.00010904744872589
active_quarter_delta1	8.89051766550552e-05	0.00120145538477218	0.000239904387196957
vm_mconsumosdolares_lag1	8.88519560627028e-05	0.000101000131171522	9.59617548787829e-05
tcallcenter_lag1	8.68982109612417e-05	0.000154608336697758	0.000100323652827818
vm_mconsumosdolares_delta1	8.63233460599785e-05	0.00011974536821867	0.000104685550776854
minversion2_avg6	8.5989612549563e-05	0.00037839854169517	5.2342775388427e-05
mforex_buy_tend6	8.52573062159074e-05	0.000538158087987108	4.79808774393914e-05
cseguro_auto_avg6	8.47185502934585e-05	0.000493448772529355	6.10665712864982e-05
vmr_mpagosdolares_tend6	8.42839762266748e-05	0.000241834175846386	0.000126495040522032
cseguro_accidentes_personales_lag1	8.21292819724934e-05	6.2679671154554e-05	9.59617548787829e-05
minversion2_tend6	8.1787700719185e-05	0.00119680951400791	9.15998569297473e-05
tcuentas	8.14910019277757e-05	0.000536173469049007	0.000191923509757566
Master_status_avg6	8.12386977822099e-05	0.000321050202315647	0.000122133142572996
Master_msaldodolares_avg6	7.96722435368787e-05	0.0009465157183918	8.28760610316761e-05
cforex_buy_tend6	7.93554961166322e-05	0.000483797213806345	2.61713876942135e-05
ctarjeta_master_transacciones_delta1	7.87662150603356e-05	0.000259270857287195	6.10665712864982e-05
ccajeros_propios_descuentos_avg6	7.74519247450707e-05	3.15222359833401e-05	4.36189794903558e-05
vm_status03_tend6	7.65346498047078e-05	0.000468066923049579	0.00010904744872589
minversion2_delta1	7.62854293084844e-05	0.000906799703043197	6.54284692355338e-05
mtarjeta_visa_descuentos	7.58051216647782e-05	0.000558938492094257	3.92570815413203e-05
Master_status_tend6	7.56675724679081e-05	0.000421042361219784	0.000130856938471068
ccaja_ahorro_delta1	7.54808815459622e-05	0.00131763504575539	6.10665712864982e-05
cseguro_vida	7.51151937872999e-05	0.000117191335366559	6.54284692355338e-05
mprestamos_prendarios_delta1	7.4794488117801e-05	0.00192038694124264	0.000113409346674925
mcheques_depositados_tend6	7.4369864230995e-05	0.000193727314651652	6.97903671845694e-05
ctarjeta_master_descuentos_avg6	7.35312448893322e-05	0.0001936900087138	0.00010904744872589
vmr_madelantopesos_avg6	7.32026051874726e-05	0.00011995112043316	3.48951835922847e-05
vm_mpagosdolares_delta1	7.25814813892015e-05	0.000149016717692217	5.2342775388427e-05
ctarjeta_debito_delta1	7.24721069438042e-05	0.000483101785560278	5.2342775388427e-05
cprestamos_prendarios_tend6	7.10277916104509e-05	0.000889099032255907	5.2342775388427e-05
Visa_madelantopesos_avg6	6.93674808236252e-05	0.000215019180318971	4.36189794903558e-05
vm_status05_lag1	6.90947903716024e-05	3.67449248935579e-06	1.30856938471068e-05
Master_mpagosdolares_avg6	6.864053378531e-05	3.47173044545737e-05	7.85141630826405e-05
Master_mpagado_delta1	6.81533826318284e-05	5.03484924146024e-05	0.000117771244623961
Master_mconsumosdolares_avg6	6.74143823906524e-05	4.38263607988951e-05	8.72379589807117e-05
cpayroll_trx_delta1	6.707533721679e-05	0.000165865617028242	9.15998569297473e-05
vm_status04_delta1	6.69745558106412e-05	0.000824684919769382	7.41522651336049e-05
minversion1_pesos_avg6	6.65621179014172e-05	0.000261400001137205	3.05332856432491e-05
mprestamos_prendarios_lag1	6.59356220947296e-05	0.000464091135275891	4.79808774393914e-05
cseguro_auto_lag1	6.57745310650927e-05	0.000128646109345138	3.05332856432491e-05
mplazo_fijo_dolares_lag1	6.55670268714031e-05	0.000367008697135143	8.28760610316761e-05
cseguro_vivienda_lag1	6.53695162049763e-05	5.48721933518586e-05	4.79808774393914e-05
mttarjeta_master_debitos_automaticos	6.43585983129756e-05	7.73451764027012e-05	7.85141630826405e-05
ccajas_otras	6.39919621425954e-05	0.0001781056667597	1.30856938471068e-05
ctarjeta_visa_descuentos_tend6	6.3554711175171e-05	8.89478926310065e-05	5.67046733374626e-05
ccheques_emitidos	6.3536892691156e-05	0.000105650415997139	8.72379589807117e-06
mcajeros_propios_descuentos_avg6	6.23579750235298e-05	0.00040811357552882	5.2342775388427e-05
catm_trx_other	6.23462358056305e-05	0.000145337383974285	9.59617548787829e-05
Master_mpagado_lag1	6.21048667555075e-05	0.000139199560474084	7.85141630826405e-05
mpagodeservicios_avg6	6.11689753686826e-05	0.000402653524029291	5.2342775388427e-05
cseguro_vivienda_tend6	6.09132622695199e-05	0.0029937979529039	0.000222456795400815
mtarjeta_master_consumo_lag1	5.96963459986009e-05	2.64372373093932e-05	0.000100323652827818
matm_other_lag1	5.9348722690932e-05	7.5705566195194e-05	7.85141630826405e-05
cplazo_fijo_delta1	5.93255658625578e-05	7.21634955463056e-05	2.18094897451779e-05
vmr_msaldodolares	5.65070487204755e-05	0.000156796002457909	4.36189794903558e-05
vmr_mpagosdolares_lag1	5.63033857201995e-05	0.000195241195305253	4.79808774393914e-05
Visa_mpagosdolares_delta1	5.6206618383785e-05	4.59032478580962e-05	0.000117771244623961
cseguro_vivienda	5.56779074229537e-05	0.000509685826006791	6.54284692355338e-05
vmr_msaldodolares2_lag1	5.49339262352327e-05	9.96565478525434e-05	5.2342775388427e-05
ccajas_consultas_lag1	5.43727153700815e-05	0.000167655305321612	4.79808774393914e-05
vmr_msaldodolares_lag1	5.40842328085752e-05	9.03958471425255e-05	2.61713876942135e-05
vmr_msaldodolares2_delta1	5.39487330272789e-05	0.000125667472269077	6.97903671845694e-05
Visa_cadelantosefectivo_avg6	5.22341971821182e-05	0.000227755313590417	3.92570815413203e-05
catm_trx_other_delta1	5.08777223760681e-05	8.9915995957176e-05	6.10665712864982e-05
vm_status01_lag1	5.03800622893501e-05	0.000695318464089917	4.79808774393914e-05
vm_msaldodolares	5.02327427874439e-05	0.000184923967653012	2.61713876942135e-05
ctarjeta_master_debitos_automaticos_delta1	4.98081139164666e-05	3.93104912608063e-05	2.18094897451779e-05
Master_Finiciomora_avg6	4.9282459797928e-05	0.000710769529869095	5.2342775388427e-05
mcheques_emitidos_avg6	4.88899092118761e-05	0.0004578257311638	3.48951835922847e-05
Visa_Finiciomora_tend6	4.87972664200071e-05	0.000458404685145886	8.72379589807117e-05
vmr_msaldodolares_delta1	4.58809855470646e-05	7.07770531155198e-05	4.36189794903558e-05
catm_trx_other_lag1	4.53641210243021e-05	1.43392918755551e-05	3.48951835922847e-05
tcuentas_lag1	4.51571943446667e-05	0.000235182185393575	9.59617548787829e-05
mcheques_depositados	4.51215161207479e-05	5.9603782339741e-05	1.30856938471068e-05
ccajas_transacciones_delta1	4.35475835845804e-05	0.000130646248692499	5.67046733374626e-05
mtarjeta_visa_descuentos_delta1	4.34006655538981e-05	6.71112463597861e-05	2.61713876942135e-05
cinversion2_avg6	4.27937710083837e-05	0.000175395433091468	3.05332856432491e-05
Visa_Finiciomora	4.27188641067531e-05	0.000310646544494412	4.36189794903558e-05
ccajas_otras_delta1	4.24831823174448e-05	0.000465488114498284	5.2342775388427e-05
ctarjeta_master_avg6	4.17326088709085e-05	0.00023139620225789	4.36189794903558e-05
mforex_sell_lag1	4.15583841588537e-05	0.000128098908126949	5.67046733374626e-05
ctarjeta_visa_avg6	4.12394009568169e-05	0.000162115088772424	4.79808774393914e-05
ccuenta_debitos_automaticos_delta1	4.10009802277042e-05	0.000139133919110154	5.2342775388427e-05
Master_mpagosdolares_tend6	4.0709435783769e-05	2.75574121684865e-05	7.85141630826405e-05
Master_Finiciomora_tend6	4.04296895458486e-05	0.000609896979309464	6.10665712864982e-05
mttarjeta_master_debitos_automaticos_lag1	4.01796102695166e-05	2.91117313196067e-05	7.41522651336049e-05
cpagodeservicios_avg6	3.99527899724476e-05	0.00014670702449413	2.18094897451779e-05
ccajas_extracciones_lag1	3.95683519652462e-05	0.000212486648217302	3.05332856432491e-05
ccajas_depositos	3.93421866692779e-05	9.04432627047574e-05	2.18094897451779e-05
ccajas_transacciones	3.91273695360053e-05	0.000150171350707647	8.28760610316761e-05
mforex_sell_delta1	3.91059286884047e-05	0.000107024755356484	5.2342775388427e-05
cinversion1	3.81721399596995e-05	0.000418146167418594	3.48951835922847e-05
vm_status06_avg6	3.77673226625494e-05	0.000277720637002118	0.000178837815910459
minversion1_pesos	3.56242079968513e-05	0.000296031872146316	2.18094897451779e-05
Master_mpagado	3.52691064365501e-05	3.01407771702063e-05	6.54284692355338e-05
mcajeros_propios_descuentos_tend6	3.50546832634172e-05	0.000109453201043765	6.10665712864982e-05
cseguro_vida_delta1	3.31770161992091e-05	0.00135346184588837	7.85141630826405e-05
Visa_cadelantosefectivo_tend6	3.31762331720171e-05	4.61729327676072e-05	3.05332856432491e-05
vm_msaldodolares_lag1	3.23387046452185e-05	9.18025088220708e-05	2.61713876942135e-05
ccheques_emitidos_tend6	3.23273416848906e-05	2.79529690209793e-05	1.74475917961423e-05
vm_status03_delta1	3.20187890978549e-05	0.000130332423169499	2.18094897451779e-05
Master_Finiciomora_lag1	3.08800028007502e-05	0.000240060292740426	2.18094897451779e-05
ccheques_emitidos_rechazados_avg6	3.06367675159602e-05	2.65084318472789e-05	1.74475917961423e-05
mforex_buy_avg6	3.01279816945244e-05	0.000553513468307368	3.48951835922847e-05
mprestamos_hipotecarios_avg6	3.00584097920064e-05	0.000636407974160107	3.05332856432491e-05
vm_msaldodolares_delta1	2.93294459814452e-05	5.16146160763613e-06	1.74475917961423e-05
Master_delinquency_tend6	2.80066296643268e-05	0.000800155126519022	8.28760610316761e-05
cpagodeservicios_tend6	2.70523203843166e-05	0.000105480972996971	1.30856938471068e-05
vmr_mpagosdolares	2.67167893978956e-05	6.10857678403693e-05	1.74475917961423e-05
ctarjeta_visa_tend6	2.60459444736684e-05	0.000125728272404432	2.61713876942135e-05
Visa_status	2.50127170069429e-05	6.18253366999258e-05	3.92570815413203e-05
Visa_msaldodolares_delta1	2.47720927062906e-05	3.43398310147038e-05	5.2342775388427e-05
Master_msaldodolares_tend6	2.46278676083675e-05	3.80220125141513e-05	3.92570815413203e-05
ctarjeta_master_descuentos_tend6	2.46162282187474e-05	7.11932563839995e-05	3.48951835922847e-05
cinversion2_tend6	2.45917285091211e-05	0.000109458327050492	1.30856938471068e-05
Visa_delinquency_delta1	2.43448215108794e-05	3.62904189636957e-05	3.05332856432491e-05
tcuentas_delta1	2.39125023696959e-05	0.000699085794256676	6.54284692355338e-05
Master_msaldodolares_lag1	2.38786568891644e-05	7.61226237981283e-06	2.18094897451779e-05
ccheques_depositados_rechazados_avg6	2.23422873934743e-05	8.25778325482231e-05	4.36189794903558e-06
minversion2_lag1	2.21102504648679e-05	5.09523644849487e-05	1.74475917961423e-05
minversion1_pesos_tend6	2.16933047851834e-05	4.61008838952669e-05	1.74475917961423e-05
ccaja_seguridad_tend6	2.16075850224622e-05	0.000722693048685113	3.48951835922847e-05
ccheques_depositados	2.05015601230291e-05	1.35457575562813e-05	4.36189794903558e-06
Master_mconsumosdolares	2.04995903021706e-05	2.14126116035733e-05	2.18094897451779e-05
cseguro_vida_lag1	2.0134290414855e-05	4.91920083411874e-05	2.61713876942135e-05
ccajas_depositos_delta1	1.87351293470357e-05	0.000183530263379362	2.18094897451779e-05
Master_delinquency_avg6	1.81921622651949e-05	0.000630458531407152	8.28760610316761e-05
mcheques_depositados_rechazados_avg6	1.78513149896358e-05	8.16481742725118e-05	4.36189794903558e-06
cprestamos_prendarios_lag1	1.67013576524471e-05	0.000266315841589135	2.18094897451779e-05
ccajas_otras_lag1	1.63323888753017e-05	0.00102006166947477	5.67046733374626e-05
cseguro_accidentes_personales_delta1	1.61473669827552e-05	0.000955550162860417	4.79808774393914e-05
vm_Finiciomora_delta1	1.60414049262645e-05	0.000508348223028995	5.2342775388427e-05
ccajas_transacciones_lag1	1.57864609208041e-05	4.41794857068081e-05	4.36189794903558e-05
cforex_lag1	1.54169216089022e-05	2.38763697816452e-05	8.72379589807117e-06
ctarjeta_visa_descuentos	1.50773911687092e-05	4.74309402520472e-05	4.36189794903558e-06
cforex_buy_avg6	1.45515561146506e-05	7.08631985063615e-05	1.30856938471068e-05
ctarjeta_master	1.44718291388167e-05	6.1113391321069e-06	1.74475917961423e-05
ctarjeta_master_debitos_automaticos_lag1	1.37321126269184e-05	8.44153635710525e-06	1.74475917961423e-05
cinversion1_avg6	1.34939035115718e-05	8.81422552402922e-05	8.72379589807117e-06
minversion1_pesos_delta1	1.29543333035914e-05	1.35561519588126e-05	4.36189794903558e-06
cinversion1_tend6	1.26243308669969e-05	1.42373412973028e-05	8.72379589807117e-06
cpagodeservicios_lag1	1.25370595615862e-05	2.2611670010644e-05	4.36189794903558e-06
cforex_sell_delta1	1.25307997678534e-05	2.02814727856456e-05	1.30856938471068e-05
Master_mconsumosdolares_delta1	1.21270415198073e-05	7.55217418983732e-06	3.05332856432491e-05
cinversion1_lag1	1.18957884194426e-05	3.41708151817632e-05	4.36189794903558e-06
Master_mpagosdolares_delta1	1.16289713821429e-05	1.3615670592485e-05	1.74475917961423e-05
cprestamos_prendarios	1.14380895411019e-05	5.68363082630488e-05	8.72379589807117e-06
Visa_madelantopesos_tend6	1.09749761542868e-05	8.90387368613487e-06	1.30856938471068e-05
Master_mpagosdolares	1.02469724799436e-05	5.56541941559949e-06	2.18094897451779e-05
Master_msaldodolares_delta1	1.02004367439542e-05	1.22699514373699e-05	2.18094897451779e-05
mcheques_emitidos	1.00919158154324e-05	0.00019463048855927	8.72379589807117e-06
Visa_delinquency_lag1	9.80318845007659e-06	2.86733153553067e-05	2.61713876942135e-05
mpagodeservicios_tend6	8.95790684177173e-06	0.000161443297112935	8.72379589807117e-06
ctarjeta_visa_descuentos_delta1	8.70948087568643e-06	9.94943666952398e-06	1.30856938471068e-05
mforex_sell	8.69718186907119e-06	2.02676610452958e-06	4.36189794903558e-06
vm_cadelantosefectivo_lag1	8.46898882366637e-06	8.75764010531768e-06	4.36189794903558e-06
vm_status05	7.88814275036566e-06	3.58981370599456e-05	6.54284692355338e-05
vm_status02_delta1	7.69367574443172e-06	5.23315450728702e-05	4.79808774393914e-05
Master_msaldodolares	7.61506197351153e-06	0.000123837345478188	3.05332856432491e-05
Master_mpagosdolares_lag1	7.47671695939177e-06	9.78212950549263e-06	4.36189794903558e-05
mtarjeta_master_descuentos_delta1	7.44505522080276e-06	2.43523764619489e-05	1.74475917961423e-05
mforex_buy	7.24802806222435e-06	2.47207370009694e-05	4.36189794903558e-06
Master_madelantopesos_tend6	7.15250415865369e-06	2.04541907345563e-06	1.30856938471068e-05
cforex_delta1	7.13843024353208e-06	1.53636388866543e-05	1.30856938471068e-05
mprestamos_hipotecarios_lag1	7.05715769012546e-06	5.06691526132395e-06	4.36189794903558e-06
cprestamos_hipotecarios_avg6	6.72852886311664e-06	0.000209889329086156	1.74475917961423e-05
vmr_mpagosdolares_delta1	6.65760176919604e-06	5.69655975438492e-06	1.30856938471068e-05
cprestamos_hipotecarios_tend6	6.55001266808069e-06	0.000479955129374806	2.61713876942135e-05
Visa_madelantopesos_lag1	6.35159272061696e-06	3.66481003220334e-06	1.30856938471068e-05
ctarjeta_master_tend6	6.3038043605599e-06	7.02023708057066e-05	1.30856938471068e-05
cinversion2	6.13109696608665e-06	6.91155149903438e-05	8.72379589807117e-06
mtarjeta_master_descuentos	5.84958255572828e-06	8.14177887479138e-05	1.30856938471068e-05
mcajeros_propios_descuentos_lag1	5.32596407723392e-06	3.56979380194111e-05	8.72379589807117e-06
Master_mconsumosdolares_lag1	5.29106024913442e-06	1.23832931416839e-05	3.92570815413203e-05
mcheques_depositados_delta1	5.20394682754889e-06	1.60577856310397e-05	1.30856938471068e-05
vm_cadelantosefectivo_tend6	5.08872563508584e-06	4.6460131533438e-05	4.36189794903558e-06
ctarjeta_master_delta1	4.92279427331689e-06	0.000297973774361685	2.18094897451779e-05
mcheques_depositados_lag1	4.70957978579884e-06	2.27566220897792e-06	4.36189794903558e-06
Visa_delinquency	4.57212247491001e-06	1.87433859891634e-05	2.18094897451779e-05
cprestamos_hipotecarios_lag1	4.4293128349942e-06	4.95371594608572e-07	4.36189794903558e-06
Visa_cadelantosefectivo	3.97008978913214e-06	6.13454855145763e-06	8.72379589807117e-06
Visa_Finiciomora_delta1	3.89144968140283e-06	9.55947570770895e-05	4.36189794903558e-06
vm_status01_delta1	3.84123917753736e-06	3.9719859853649e-05	4.36189794903558e-05
ctarjeta_visa_descuentos_lag1	3.80984909064307e-06	5.89661640584368e-06	4.36189794903558e-06
Master_madelantopesos_lag1	3.49434687638484e-06	1.08158741955927e-06	8.72379589807117e-06
ctarjeta_master_descuentos_delta1	3.40707683353438e-06	5.74725026535952e-06	4.36189794903558e-06
cseguro_vivienda_delta1	3.09138211245915e-06	4.57068933226075e-07	4.36189794903558e-06
cplazo_fijo_lag1	2.9678896588275e-06	7.09254225324736e-06	4.36189794903558e-06
vm_mpagosdolares	2.91884013482963e-06	8.89589989789167e-06	1.30856938471068e-05
Visa_madelantopesos	2.7929303986404e-06	4.33731363707149e-06	8.72379589807117e-06
ccajas_depositos_lag1	2.73725892064733e-06	2.38729524438267e-05	1.30856938471068e-05
vm_status04_lag1	2.30329933686451e-06	4.38649482384291e-05	2.18094897451779e-05
ctarjeta_visa	2.0988385384676e-06	5.40537409443248e-05	3.05332856432491e-05
mtarjeta_visa_descuentos_lag1	1.91777959604044e-06	3.73866724580594e-05	1.30856938471068e-05
vmr_madelantopesos_tend6	1.84278781938566e-06	9.01778494675196e-06	4.36189794903558e-06
cforex_sell_lag1	1.83012499058026e-06	6.95428246067336e-07	4.36189794903558e-06
Master_delinquency_lag1	1.78180994197558e-06	7.76291002197893e-06	8.72379589807117e-06
cforex	1.72117533239984e-06	4.38245097409101e-06	4.36189794903558e-06
ccajeros_propios_descuentos_delta1	1.67632646809337e-06	5.26369696403997e-06	4.36189794903558e-06
Master_status_delta1	1.61625470641584e-06	8.68465146507728e-05	1.74475917961423e-05
Master_Finiciomora	1.41209670860149e-06	0.000180536248283117	8.72379589807117e-06
vm_status02_lag1	1.29738159104201e-06	7.28150679570353e-05	8.72379589807117e-06
mcajeros_propios_descuentos_delta1	1.26937150421819e-06	1.2644149928497e-05	8.72379589807117e-06
Master_madelantopesos_avg6	8.44639235390976e-07	5.87924493859957e-07	4.36189794903558e-06
Master_delinquency_delta1	7.29788478410273e-07	5.75465449729963e-06	1.74475917961423e-05
mcajeros_propios_descuentos	6.9687669628747e-07	6.24091319105884e-06	4.36189794903558e-06
Visa_madelantodolares	6.63482898949041e-07	6.25515209863597e-07	4.36189794903558e-06
cseguro_auto	6.60529732533397e-07	4.89919516897286e-05	4.36189794903558e-06
Master_cadelantosefectivo_tend6	6.07831721920608e-07	1.31781089626396e-06	8.72379589807117e-06
vm_status03_lag1	5.64731363463617e-07	7.12657324235671e-07	4.36189794903558e-06
Master_madelantodolares_avg6	5.31777449524032e-07	9.12856364770207e-07	4.36189794903558e-06
Visa_madelantopesos_delta1	4.97267251315959e-07	1.04479408237995e-05	1.30856938471068e-05
cprestamos_prendarios_delta1	4.12894049470861e-07	6.05481066902567e-06	4.36189794903558e-06
vm_status06_lag1	2.39025159317161e-07	1.01523411024982e-06	8.72379589807117e-06
mcheques_emitidos_tend6	1.84712761426696e-07	4.34286681102657e-06	4.36189794903558e-06
Master_madelantopesos	1.71885724432381e-07	1.06279206155745e-06	8.72379589807117e-06
mpayroll2_avg6	1.52792486009052e-07	4.40252783377477e-06	4.36189794903558e-06
ccajas_extracciones_delta1	1.42491603962524e-07	4.47585820779702e-06	1.30856938471068e-05
Visa_cadelantosefectivo_delta1	6.11297392615352e-08	1.4613390846415e-06	8.72379589807117e-06
Master_madelantopesos_delta1	5.17555609834301e-08	8.07915615926713e-07	4.36189794903558e-06
Master_delinquency	3.98737256874334e-08	9.60983872380928e-07	8.72379589807117e-06
Master_cadelantosefectivo_avg6	3.1570348863494e-08	5.53893504750602e-07	4.36189794903558e-06
vm_status03	3.70049915485908e-11	2.67919284971396e-06	4.36189794903558e-06
vm_cadelantosefectivo_avg6	5.27210180949842e-12	1.58100286391975e-05	8.72379589807117e-06
vm_madelantopesos_avg6	2.8448483780762e-12	3.03516553914237e-06	4.36189794903558e-06
vmr_madelantopesos_lag1	7.19511364055369e-14	1.84778303628498e-06	4.36189794903558e-06
