Feature	Gain	Cover	Frequency
ctrx_quarter_normalizado	0.093834640715401	0.0030110554697764	0.00313337953059564
ctrx_quarter_normalizado_lag1	0.0429706335476239	0.00162832123082583	0.00247054924527733
ctrx_quarter	0.0418705635612408	0.00324852015685689	0.00341960169925582
mpasivos_margen	0.0278018322394557	0.00388966307168299	0.00456449037389654
mpayroll_sobre_edad	0.0157745218836074	0.00217625625044491	0.000964116778644813
cpayroll_trx	0.0151002558350344	0.00159678151938845	0.000662830285318309
mtarjeta_visa_consumo	0.0137982189977456	0.00155234231320047	0.00182278328462535
mprestamos_personales	0.0110295416337976	0.0075507800707097	0.00222952005061613
ccomisiones_mantenimiento_avg6	0.0103890877003966	0.00619090961488379	0.00349492332258745
mcuentas_saldo	0.00904537361170556	0.00758604715766355	0.00495616281522099
mcaja_ahorro_lag1	0.00797565546461989	0.00237834579715153	0.00426320388057003
ccomisiones_mantenimiento_tend6	0.00755225122798735	0.00508089780047511	0.00147630381729987
mcomisiones_mantenimiento_tend6	0.00707197364624109	0.00439702369816976	0.00293754330993342
mcaja_ahorro	0.00645646483803385	0.00326889417013877	0.00450423307523124
vm_status01	0.00582903419484072	0.000466052565324507	0.000150643246663252
mactivos_margen	0.00559745887731379	0.00406804337401798	0.00465487632189449
mrentabilidad_annual_lag1	0.00559383908474296	0.00272491959552683	0.00497122713988732
mcomisiones_otras_avg6	0.00556117881095601	0.00303374228036516	0.00397698171190986
mrentabilidad_annual_avg6	0.00552144485375305	0.00480653467357022	0.00607092284052906
numero_de_cliente	0.00549367750964863	0.0064653242975614	0.0087825012804676
mcomisiones_avg6	0.00538348356072505	0.00354376524161273	0.00463981199722816
mcuenta_corriente_avg6	0.00510547311911834	0.00570947993930611	0.00679401042451267
mpayroll	0.00502094709578444	0.00180591430589547	0.000873730830646862
cliente_edad	0.00472889358260866	0.00476993648601806	0.00744177638516465
mprestamos_personales_lag1	0.0046113989692002	0.00269422280761704	0.000813473531981561
mcuentas_saldo_avg6	0.00453801733667926	0.00408058705379828	0.00551354282787503
cliente_edad_avg6	0.00451734145480475	0.00441798566096336	0.0069898466451749
chomebanking_transacciones_avg6	0.00447478042568065	0.00327691309625974	0.00626675906119129
cliente_edad_lag1	0.00437050286845228	0.00447629136655092	0.00643246663252086
active_quarter	0.00436762683725677	0.000249781307758143	0.000271157843993854
mrentabilidad_annual_tend6	0.00433110248569851	0.00529559046302126	0.00677894609984634
Visa_Fvencimiento_avg6	0.00428030736234313	0.00470282930179042	0.00608598716519539
mcuentas_saldo_tend6	0.00409769811707309	0.00346787113724043	0.00450423307523124
mactivos_margen_lag1	0.00404151389888589	0.00236027857078852	0.0035250519719201
mcuentas_saldo_lag1	0.00398128988356044	0.00293307415799391	0.00423307523123738
mprestamos_personales_avg6	0.00392219945255733	0.00287545243456208	0.00114488867464072
cproductos_tend6	0.00373162883741707	0.00342228514901983	0.00146123949263355
mrentabilidad_annual_delta1	0.00372423073699046	0.00508261984342253	0.00634208068452291
mcuenta_corriente_tend6	0.00366717351438749	0.00401923474930971	0.0051369347112169
Master_Fvencimiento	0.00366202744653163	0.00352808640988137	0.00593534391853213
ctransferencias_recibidas_avg6	0.00364206960968264	0.00370705987073102	0.0054984785032087
Master_Fvencimiento_lag1	0.00362136186981449	0.00384891411016999	0.00576963634720256
Master_Fvencimiento_avg6	0.00359524817161796	0.00455042736564773	0.00572444337320358
ctrx_quarter_delta1	0.00359423752428156	0.0019978548449698	0.00349492332258745
vm_Fvencimiento_avg6	0.00359345009611691	0.00395580498759596	0.00503148443855262
ccomisiones_otras_avg6	0.00358930764153997	0.00346787754832097	0.00551354282787503
Master_fechaalta_avg6	0.00358192950174393	0.00412394492440088	0.00510680606188425
ctrx_quarter_normalizado_tend6	0.00355738434995073	0.00260923926023681	0.00498629146455364
ctrx_quarter_tend6	0.00349657822827255	0.00367359376315382	0.00539302823054443
mrentabilidad_annual	0.00347569280334493	0.00428557400821905	0.00454942604923021
thomebanking_avg6	0.00343031875024859	0.00218186354176724	0.00408243198457413
cliente_antiguedad	0.00324503931476444	0.00365872299469958	0.00518212768521587
mrentabilidad_tend6	0.00323045617192728	0.00363700358945234	0.00516706336054955
mtransferencias_recibidas_avg6	0.00319007272423691	0.00319413896751259	0.00515199903588322
cliente_antiguedad_lag1	0.00318889830447161	0.00433553075060172	0.00527251363321382
Visa_fechaalta_avg6	0.00311809987181341	0.00191113189129899	0.00391672441324455
mactivos_margen_tend6	0.00308370379308753	0.00478203566421386	0.00498629146455364
vm_mpagominimo	0.00303931680556932	0.00056584811292064	0.00120514597330602
Visa_fechaalta	0.00303100610652624	0.00231447113316074	0.00429333252990269
mactivos_margen_avg6	0.00301132581312601	0.00557093702296903	0.00438371847790064
vm_Fvencimiento_lag1	0.00301114136671684	0.00383721549094412	0.00485071254255672
mcuenta_corriente_lag1	0.00300380096295678	0.00351310611880115	0.00400711036124251
Master_status_avg6	0.0029975048414483	0.000219186963572903	0.000135578921996927
mcuentas_saldo_delta1	0.00295170973615688	0.00363173848955414	0.00379620981591395
mrentabilidad	0.00294557379584826	0.00342879199508124	0.00390166008857823
Visa_fechaalta_lag1	0.00292675214824086	0.00210537427541761	0.00387153143924558
vm_Fvencimiento	0.00286254257108322	0.00261920314791834	0.00453436172456389
Master_fechaalta	0.00285365892507668	0.00233351057317567	0.00454942604923021
chomebanking_transacciones_tend6	0.00284143768145884	0.00402997197358207	0.00498629146455364
mcaja_ahorro_avg6	0.00283822344254282	0.00480843996656991	0.00435358982856799
foto_mes	0.00283400987214667	0.00281846901433708	0.00224458437528246
mrentabilidad_avg6	0.00282131460750656	0.00363742164532959	0.00406736765990781
Visa_Fvencimiento_lag1	0.0028063127482173	0.00273004552155152	0.00463981199722816
ctarjeta_visa_transacciones	0.0028052749935831	0.00278043968661726	0.00218432707661716
azar	0.00275427429175135	0.00447455890559761	0.00546834985387605
Visa_mpagospesos_tend6	0.00274081094285401	0.00377403843265521	0.00423307523123738
Visa_Fvencimiento	0.00272426959406682	0.00264420609491843	0.00460968334789551
Visa_mlimitecompra_tend6	0.00267093129536256	0.00239551012967101	0.00408243198457413
mcomisiones_otras_tend6	0.00265754786332022	0.00261844143141099	0.00433852550390166
cliente_antiguedad_avg6	0.0026381875213747	0.00288910963889468	0.00427826820523636
ccomisiones_otras_tend6	0.00262709220343288	0.0033995239431839	0.00442891145189961
mcuenta_corriente	0.00262338568675394	0.00361649320714468	0.00405230333524148
Master_fechaalta_lag1	0.00260666662852246	0.00223131474373605	0.00402217468590883
mpasivos_margen_tend6	0.00258767023574555	0.00451628622471473	0.00444397577656594
vmr_mpagominimo_avg6	0.00258668462840665	0.00240136972372566	0.00281702871260281
cmobile_app_trx_avg6	0.00257858987529603	0.00293350984434267	0.00417281793257208
vm_fechaalta_avg6	0.00253510203688363	0.00205720662519974	0.00366063089391703
mcaja_ahorro_tend6	0.00251802455524656	0.00280335422412957	0.00426320388057003
mcomisiones_mantenimiento	0.0024990131985584	0.00539026475933893	0.00280196438793649
chomebanking_transacciones	0.00248307730879762	0.00315919844497404	0.0037660811665813
mtransferencias_emitidas_avg6	0.00246247355893888	0.00252925301657781	0.00426320388057003
mactivos_margen_delta1	0.00245459093234061	0.00327015448172273	0.00384140278991293
mprestamos_personales_tend6	0.00242457315137442	0.00411457766790264	0.00147630381729987
mpasivos_margen_lag1	0.00240431736718959	0.00243657911095459	0.00409749630924046
vm_fechaalta	0.00238610709731122	0.00263320748554965	0.00400711036124251
mrentabilidad_delta1	0.00238275262340498	0.00329922325586643	0.00385646711457925
Visa_cconsumos_avg6	0.00237966390890573	0.00161025787782398	0.0034045373745895
mcaja_ahorro_dolares_avg6	0.00235817913508564	0.00311975240201778	0.00369075954324968
mcaja_ahorro_dolares	0.00234673437428256	0.00480678697630253	0.0032840227772589
mcomisiones_mantenimiento_avg6	0.00234663601949592	0.00362437950403685	0.00322376547859359
tcallcenter_tend6	0.00230676367188983	0.0015743263090844	0.000994245427977464
mpasivos_margen_avg6	0.00225776184367581	0.00278722354478391	0.00406736765990781
cproductos_avg6	0.0022370504333979	0.00307542138281401	0.0035250519719201
mcomisiones_tend6	0.00220024962182349	0.00174954634940286	0.0033442800759242
Visa_mpagominimo	0.0021933030147011	0.00171729140179209	0.00239522762194571
cprestamos_personales	0.00217865966527303	0.00131919455391829	0.000482058389322407
ctrx_quarter_avg6	0.00216991434096375	0.00253449781472095	0.003705823867916
Master_mlimitecompra_tend6	0.00216732711395885	0.00238080978910795	0.0035853092705854
ctransferencias_recibidas_tend6	0.00215643051895403	0.0024258681988253	0.00335934440059052
Visa_mconsumospesos_avg6	0.00208006697736874	0.00242787553485702	0.00337440872525685
Visa_mpagado_avg6	0.00207055535508949	0.00162918084987567	0.00298273628393239
mrentabilidad_lag1	0.00206707463125731	0.00244314552663941	0.00335934440059052
mttarjeta_visa_debitos_automaticos_avg6	0.00205313112381617	0.0015072724169638	0.00281702871260281
cpayroll_trx_avg6	0.0020503004450615	0.00180312935921923	0.000873730830646862
Visa_mfinanciacion_limite_tend6	0.00204895349788767	0.00216599544959561	0.00331415142659155
mautoservicio_avg6	0.00203525372538119	0.00336697261666207	0.0036455665692507
ccallcenter_transacciones_avg6	0.00203273698388595	0.00323768983835244	0.00251574221927631
chomebanking_transacciones_lag1	0.00202459821667758	0.0017447018431013	0.0036455665692507
mcomisiones_otras_lag1	0.00201332342081439	0.00220837068854039	0.00292247898526709
Visa_cconsumos_tend6	0.00201298968395136	0.002432445032516	0.00311831520592932
cdescubierto_preacordado	0.00200377116943441	0.000809424563223914	0.000466994064656082
thomebanking	0.0019864273092212	0.000654620208210879	0.000783344882648911
mcomisiones	0.00197843783112003	0.00181411861909554	0.00320870115392727
ctrx_quarter_normalizado_avg6	0.00194001908060966	0.00316853084122181	0.0034045373745895
mtransferencias_recibidas_tend6	0.00191706429216772	0.00328132084769912	0.00317857250459462
cproductos_delta1	0.00191571258988093	0.00160869597832602	0.000436865415323431
mcomisiones_mantenimiento_delta1	0.00190804294988008	0.0031357945283134	0.00176252598596005
cpayroll_trx_lag1	0.00189310915651498	0.000561760114123474	0.000180771895995903
mcomisiones_lag1	0.00186365239410899	0.00165892999994229	0.00293754330993342
mtransferencias_emitidas_tend6	0.00185655974906422	0.00376110153993476	0.00253080654394264
ctarjeta_debito_avg6	0.00185623136706455	0.00241218722006902	0.00313337953059564
Master_mfinanciacion_limite_tend6	0.00185560567095422	0.00169481335201361	0.00311831520592932
cdescubierto_preacordado_tend6	0.00184962388618883	0.00253161095857687	0.000482058389322407
vm_msaldototal	0.00184868672540579	0.000919233951504162	0.00126540327197132
vm_mlimitecompra_tend6	0.00184082668296466	0.0027156605260128	0.00326895845259257
Visa_mconsumospesos_tend6	0.00182827064919998	0.00221358917454045	0.00302792925793137
Master_mfinanciacion_limite	0.0018031327799505	0.00120681205174817	0.00274170708927119
mcomisiones_otras	0.00178133368231014	0.00236402130618546	0.00281702871260281
mpasivos_margen_delta1	0.00174146359916234	0.00227717200080224	0.00325389412792625
ctransferencias_emitidas_avg6	0.00173799515268766	0.0013904012234624	0.00280196438793649
vm_cconsumos_avg6	0.0017360630996145	0.00151566625773251	0.00228977734928143
Visa_mfinanciacion_limite_avg6	0.00173353732465212	0.00161878247792299	0.00257599951794161
Master_fultimo_cierre_avg6	0.00172463895945854	0.00248033380073013	0.00281702871260281
mcuenta_corriente_delta1	0.00171837788847097	0.00466805626873113	0.00326895845259257
vmr_mpagado_avg6	0.00169969697885333	0.00360874074155891	0.00287728601126811
ctrx_quarter_normalizado_delta1	0.00169682238792212	0.00112432535311215	0.00225964869994878
vm_mfinanciacion_limite_tend6	0.00169432742663696	0.00179637314883742	0.00284715736193546
vm_fechaalta_lag1	0.0016799844949331	0.00161522766732455	0.00295260763459974
Visa_mpagospesos_lag1	0.00166600104788739	0.0021637837603715	0.00272664276460486
tcallcenter	0.00166237960554935	0.00030923606596935	0.000225964869994878
mautoservicio	0.00162140660958603	0.00154848805171487	0.00201861950528758
Visa_mlimitecompra	0.00161670915481888	0.00111533247700495	0.00238016329727938
mtransferencias_recibidas_lag1	0.00161538364425411	0.00205110180731422	0.00292247898526709
Visa_mpagospesos_delta1	0.00160580334203373	0.00229442956111799	0.00283209303726914
Visa_mpagospesos_avg6	0.00159752378536187	0.00168204942490372	0.00280196438793649
Master_mfinanciacion_limite_delta1	0.00159737075926872	0.00123214383375459	0.00280196438793649
mcaja_ahorro_delta1	0.00158755956494595	0.00174603227587872	0.00260612816727426
Master_mfinanciacion_limite_lag1	0.0015812805284144	0.0020281684372528	0.00275677141393751
mttarjeta_visa_debitos_automaticos_tend6	0.00157786888577877	0.00296566061189457	0.00210900545328553
Visa_fultimo_cierre_avg6	0.0015593361045129	0.00143433221795295	0.00275677141393751
mcomisiones_delta1	0.0015556378509904	0.00158868432465916	0.00269651411527221
ctrx_quarter_lag1	0.00154169753800361	0.00216025713181462	0.00305805790726402
Visa_mpagominimo_lag1	0.00153259058451465	0.00105151484491818	0.00224458437528246
cproductos	0.0015237839136043	0.00146058545922365	0.00150643246663252
Visa_msaldopesos	0.00151896837056739	0.00118064776422005	0.00171733301196107
Visa_fultimo_cierre_tend6	0.00151863634090534	0.00319711998640218	0.00171733301196107
mcaja_ahorro_dolares_lag1	0.00151017903736118	0.00165971295315395	0.00251574221927631
vm_status01_avg6	0.0015098864297993	0.00255694407622507	0.000602572986653008
Visa_mlimitecompra_lag1	0.00149863420091855	0.00125035958348357	0.00245548492061101
cmobile_app_trx_tend6	0.00148950830246505	0.00248492213093822	0.00272664276460486
mtransferencias_recibidas	0.0014892115004775	0.00357895833401195	0.00274170708927119
cdescubierto_preacordado_avg6	0.00148142858539874	0.000779850515794697	0.000602572986653008
Visa_mpagominimo_tend6	0.00148056763826022	0.00137107956233927	0.00230484167394776
mcuenta_debitos_automaticos	0.00147341556680582	0.00305061624436159	0.00141604651863457
Master_mfinanciacion_limite_avg6	0.00145977973377358	0.00112744033687232	0.00235003464794673
vmr_Master_mlimitecompra_avg6	0.00145886633613191	0.00214913283855431	0.00238016329727938
ctarjeta_visa_transacciones_tend6	0.00145849323775451	0.00258165825747225	0.00231990599861408
vmr_msaldopesos2_avg6	0.00144490480257795	0.00113909407853437	0.00247054924527733
vmr_msaldopesos2	0.00143566065979349	0.001655418063445	0.00233497032328041
vmr_msaldopesos2_tend6	0.00143469964279841	0.00374144302995463	0.00272664276460486
vm_fultimo_cierre_avg6	0.00143341259132236	0.00172063411247582	0.00254587086860896
Master_mlimitecompra_delta1	0.00143063470903647	0.00134520417412825	0.00244042059594468
Visa_msaldototal_tend6	0.00142926660653852	0.00157739280904794	0.00238016329727938
mcomisiones_otras_delta1	0.00142792557573435	0.00207354566466313	0.00259106384260794
Visa_mconsumospesos	0.00142458066707908	0.000839860767422358	0.00213913410261818
chomebanking_transacciones_delta1	0.00141754442060743	0.00244746338938697	0.00245548492061101
Visa_msaldopesos_delta1	0.00140377282557483	0.00110276128300397	0.00180771895995903
ctarjeta_debito_transacciones_avg6	0.00140166849527587	0.0016054852290502	0.00250067789460999
Visa_mlimitecompra_avg6	0.00140084935454872	0.00146994937661743	0.00260612816727426
Visa_mfinanciacion_limite	0.00139571053572076	0.00149366529919797	0.00236509897261306
Visa_mpagospesos	0.00139092929847634	0.00125241713964623	0.00221445572594981
vmr_Visa_mlimitecompra_lag1	0.00139059236083709	0.00159190562550504	0.00218432707661716
cextraccion_autoservicio_avg6	0.00138600507305672	0.00166031452621182	0.00222952005061613
Visa_mfinanciacion_limite_lag1	0.00138152150984415	0.00155257337922847	0.00224458437528246
vm_fultimo_cierre_tend6	0.0013742446074755	0.00188218118788867	0.00192823355728963
Visa_mconsumospesos_lag1	0.00137341074489131	0.000947092233502322	0.00225964869994878
vmr_mpagominimo	0.00136777068449325	0.00226519957501139	0.00192823355728963
ccajas_transacciones_tend6	0.00136614232727009	0.00235258994887984	0.00123527462263867
Master_mlimitecompra_avg6	0.00135348665832592	0.00121881399522236	0.00233497032328041
Visa_mlimitecompra_delta1	0.00134871723437049	0.00124686434250853	0.00251574221927631
Visa_mconsumototal_avg6	0.00133948690758959	0.00157057769686363	0.00213913410261818
Visa_mfinanciacion_limite_delta1	0.00133615085769278	0.00155451967643082	0.00244042059594468
mtarjeta_visa_consumo_tend6	0.00133081672935443	0.00228633036292603	0.00198849085595493
Visa_mpagominimo_avg6	0.00131335077823654	0.00166928122374013	0.00235003464794673
cliente_edad_tend6	0.00130937651912964	0.00116721227642299	0.00239522762194571
vmr_Visa_mlimitecompra	0.0013012288882703	0.00121377622155517	0.00188304058329065
ctarjeta_visa_debitos_automaticos_avg6	0.00129622370198553	0.0012734485558124	0.00192823355728963
Visa_msaldopesos_tend6	0.00129353593425763	0.00134160689012119	0.00216926275195083
mpagomiscuentas_avg6	0.001282710064801	0.0019135929448435	0.00194329788195595
thomebanking_tend6	0.00127719815847979	0.00399140131024867	0.00227471302461511
Visa_mconsumosdolares_avg6	0.00127140649394839	0.00111511089403359	0.00213913410261818
vmr_Visa_mlimitecompra_avg6	0.00125622804900818	0.00161987436507844	0.0019734265312886
mcaja_ahorro_dolares_delta1	0.00125584250340104	0.00186812729794731	0.00134072489530294
mtarjeta_master_consumo	0.00125405678289508	0.000893507353787467	0.000316350817992829
Visa_cconsumos_lag1	0.00125335004042417	0.000896331434767872	0.00180771895995903
vmr_mpagospesos_tend6	0.00124100837369846	0.00189223175872175	0.0019131692326233
matm_avg6	0.00123620984014834	0.00107194442089812	0.0019131692326233
Visa_mpagominimo_delta1	0.00123579111475141	0.00146680380666049	0.00204874815462023
Master_mlimitecompra	0.00123548033860256	0.000791736659126529	0.00194329788195595
ccomisiones_otras	0.00122165424773947	0.00107124107193658	0.0017323973366274
vmr_msaldototal	0.00120783786685956	0.00231474707675256	0.00171733301196107
ccajas_consultas_tend6	0.00119127376146433	0.00231110117538469	0.000738151908649935
vmr_msaldopesos_avg6	0.00118197014708097	0.00204476966319768	0.0019131692326233
ctarjeta_debito_transacciones_tend6	0.00118191270942939	0.00120692237575923	0.00198849085595493
mcaja_ahorro_dolares_tend6	0.00117461088275111	0.00214767925960474	0.00180771895995903
mcomisiones_mantenimiento_lag1	0.00117455006158945	0.00182469636773933	0.001852911933958
ccajas_consultas	0.00117313909008453	0.00140129338218129	0.000256093519327529
Visa_mconsumototal_tend6	0.00117251753859368	0.00128756615586669	0.00204874815462023
vm_mpagado_avg6	0.00116993860017415	0.00101126768402205	0.00186797625862433
vm_mpagospesos_tend6	0.00116911668244025	0.00188157373800696	0.00200355518062125
vmr_msaldototal_avg6	0.00115969842478663	0.00218413066012524	0.001852911933958
Visa_msaldototal	0.0011460603385102	0.00114616977443004	0.00171733301196107
Visa_cconsumos	0.00113868124328534	0.000980564084339181	0.00189810490795698
Visa_msaldototal_avg6	0.00112389597106938	0.00155367621864652	0.0020939411286192
mcuenta_debitos_automaticos_avg6	0.00110560716255576	0.00149675503932849	0.00168720436262842
vm_cconsumos_tend6	0.00110519241553381	0.00196020096615443	0.001852911933958
vm_Fvencimiento_tend6	0.0010939925906351	0.00182807166808249	0.0016118827392968
ccaja_ahorro	0.00109345105094977	0.00179602748474466	0.000662830285318309
vm_mpagominimo_avg6	0.00108856001452785	0.0011445493738221	0.00174746166129372
catm_trx_avg6	0.00108795320311493	0.00129461139912977	0.00177759031062637
vm_fultimo_cierre	0.00108655574575046	0.0010055900043779	0.00195836220662228
ctarjeta_visa_transacciones_avg6	0.00108160910463063	0.000902511048593091	0.00180771895995903
ctransferencias_emitidas_tend6	0.00107912698578007	0.00164117945424541	0.00168720436262842
vmr_Master_mlimitecompra	0.00107187459630268	0.00222182754660593	0.00189810490795698
mttarjeta_visa_debitos_automaticos	0.00106749340325378	0.0010197257691604	0.00171733301196107
mautoservicio_tend6	0.00106562481617599	0.00100964087233357	0.00165707571329577
Visa_mconsumospesos_delta1	0.00105653588526652	0.000787766330370213	0.00207887680395288
mttarjeta_visa_debitos_automaticos_lag1	0.00105443987053903	0.0012062426676572	0.0016721400379621
vmr_mpagospesos_avg6	0.00104458366468199	0.00155595749480738	0.00180771895995903
tcallcenter_avg6	0.00104079366371078	0.000922958922865425	0.00134072489530294
vmr_msaldopesos2_lag1	0.00103743411006845	0.0014867854083873	0.00171733301196107
mextraccion_autoservicio_avg6	0.00103654539913023	0.00103908055419968	0.00188304058329065
Master_fultimo_cierre_tend6	0.00102920320198036	0.00276570942767831	0.00183784760929168
vm_fultimo_cierre_lag1	0.00102237165692223	0.00128840720949579	0.00170226868729475
mprestamos_personales_delta1	0.00101895669633074	0.00389984734025828	0.00119008164863969
vmr_msaldopesos	0.00101080031626493	0.000705389955745257	0.00108463137597541
vm_mfinanciacion_limite_delta1	0.00100906337304248	0.000808728827420522	0.00147630381729987
mtransferencias_emitidas_lag1	0.001007750041268	0.00203664134801491	0.00177759031062637
mtransferencias_emitidas	0.000999763882101885	0.00275208134033653	0.0016721400379621
vm_msaldototal_tend6	0.00099935418975387	0.000999416801633224	0.00135578921996927
mcuenta_debitos_automaticos_tend6	0.000999014452303206	0.00229151559144577	0.00134072489530294
vm_mpagospesos_avg6	0.00099668065943968	0.00140782680751412	0.00156668976529782
vm_msaldopesos	0.000995393530280221	0.00171247066991422	0.00137085354463559
vmr_mpagominimo_tend6	0.000990471216840182	0.00175768000715276	0.0016721400379621
Visa_msaldopesos_avg6	0.000989152158699156	0.00133179286144741	0.00146123949263355
Master_mlimitecompra_lag1	0.000986360867797171	0.000764061493616457	0.0016721400379621
Visa_mconsumosdolares_tend6	0.000982210967560581	0.00160603097228166	0.00150643246663252
cmobile_app_trx	0.000979576210692687	0.000747634836052272	0.00138591786930192
cpagomiscuentas_avg6	0.000973218801203346	0.00152629008601772	0.00177759031062637
cproductos_lag1	0.000969934896106187	0.00105897106515707	0.00138591786930192
vmr_msaldopesos_tend6	0.000969637535949889	0.00107113408702997	0.00150643246663252
Visa_mpagado_tend6	0.000958137742980607	0.00126822779922131	0.00168720436262842
ccuenta_debitos_automaticos_avg6	0.000956296165379785	0.00131138732701952	0.00146123949263355
vmr_Master_mlimitecompra_lag1	0.000949463653502889	0.00132990239407148	0.00153656111596517
vmr_mconsumospesos_avg6	0.000948747044182179	0.000713943138578364	0.00177759031062637
Master_fultimo_cierre	0.000948048124102942	0.00138250637846284	0.0015516254406315
vm_mconsumototal_avg6	0.000938909319203044	0.000850755463860625	0.00147630381729987
vm_mconsumospesos_avg6	0.000935752173110167	0.00104359502341732	0.00171733301196107
vm_mpagospesos_lag1	0.000925497523891469	0.00142863677427312	0.00158175408996415
Visa_msaldototal_delta1	0.000917250173843465	0.000909318013362548	0.00156668976529782
Visa_mconsumototal_lag1	0.00091372087694027	0.000829386798144907	0.00171733301196107
Visa_msaldototal_lag1	0.000906849532310186	0.000987966611778503	0.00147630381729987
vm_status06	0.000905065793234257	1.70817898574555e-05	4.51929739989756e-05
Visa_fultimo_cierre	0.000904554495843327	0.00147836151567853	0.00164201138862945
vmr_mconsumototal_avg6	0.000902438302543514	0.000478894761042725	0.00137085354463559
ccaja_seguridad_avg6	0.000887432289835886	0.000726642687754439	0.000195836220662228
vmr_mpagominimo_lag1	0.000886490384688021	0.000870665608752183	0.0015516254406315
mtransferencias_recibidas_delta1	0.000883798470991683	0.00155042312952626	0.0016118827392968
vmr_mpagospesos_lag1	0.000872506509196303	0.000970212059156278	0.00144617516796722
mextraccion_autoservicio_tend6	0.000871138915280388	0.00171041485008588	0.00141604651863457
Master_fultimo_cierre_lag1	0.000866021571158439	0.000925310587348115	0.00159681841463047
vmr_msaldopesos2_delta1	0.000860393821685258	0.0015007393923235	0.00156668976529782
cprestamos_personales_tend6	0.000851831827418106	0.00186288129772656	0.000557380012654033
mpayroll_sobre_edad_avg6	0.000843890630447617	0.000902680942227554	0.00111476002530807
mtarjeta_visa_consumo_avg6	0.000841479252182287	0.00143236628681643	0.00134072489530294
ctarjeta_visa_transacciones_lag1	0.000839383431008161	0.000788050287812719	0.00144617516796722
mcuenta_debitos_automaticos_lag1	0.000834297791195609	0.000854324832954475	0.00103943840197644
vm_msaldopesos_tend6	0.000834137372389775	0.00183363688668874	0.00144617516796722
ccallcenter_transacciones_tend6	0.000830113258232518	0.00278676675529503	0.00122021029797234
vm_mlimitecompra_avg6	0.00082364648473195	0.000772545223076986	0.00128046759663764
Visa_mconsumototal	0.000821581465834746	0.000658620856035608	0.00134072489530294
vm_mlimitecompra_delta1	0.000818516849929424	0.000790321680224409	0.00141604651863457
cpagomiscuentas_tend6	0.000815913436648066	0.00153358709775639	0.00108463137597541
ctarjeta_debito_transacciones	0.00081455871491275	0.000724927857272627	0.00128046759663764
ccomisiones_otras_lag1	0.000809531678648465	0.00085807411299614	0.00152149679129885
ccajas_transacciones_avg6	0.000799014422306734	0.00156478475133382	0.00126540327197132
vm_mfinanciacion_limite	0.000797825400692897	0.000399221858945407	0.00115995299930704
mpayroll_avg6	0.000796762048196983	0.00145977004991673	0.00102437407731011
vmr_mconsumospesos	0.000789468168102241	0.000764436408264206	0.00153656111596517
cprestamos_personales_avg6	0.000782269426046143	0.00394474440444857	0.00129553192130397
ctransferencias_recibidas_lag1	0.000776895607254888	0.000952551135022855	0.00108463137597541
vm_fechaalta_tend6	0.000776492270680357	0.000572296457872068	0.000858666505980537
vmr_msaldototal_tend6	0.000776095868807873	0.00109313237428095	0.00132566057063662
ccaja_seguridad	0.000774449447560955	0.0014344565662027	0.00034647946732548
vm_msaldototal_avg6	0.000770221481161147	0.00172863500743274	0.00143111084330089
vm_mpagominimo_tend6	0.000763955819108074	0.00185806871326355	0.00152149679129885
vmr_msaldototal_delta1	0.000760057626051595	0.000964097223957406	0.00120514597330602
Visa_mconsumototal_delta1	0.000759548393956778	0.000481610788603099	0.00134072489530294
mv_status07_delta1	0.000758841137360275	0.000261766555710078	0.000150643246663252
vm_msaldopesos_avg6	0.000757431262591446	0.00146687232508383	0.00143111084330089
ccomisiones_mantenimiento_delta1	0.000755427086763731	0.000627881194024665	0.000225964869994878
vmr_mconsumospesos_tend6	0.000751314747360625	0.00072631745898092	0.00125033894730499
Visa_Fvencimiento_tend6	0.000750674650787625	0.000982299216576055	0.00128046759663764
cextraccion_autoservicio_tend6	0.000742585556401508	0.00207490040612096	0.00137085354463559
Visa_fechaalta_tend6	0.000739033768186244	0.000921352145803645	0.000964116778644813
vm_mpagominimo_lag1	0.000733630954700434	0.000551078719677532	0.00117501732397337
vmr_msaldopesos_lag1	0.000732238173097317	0.000821921896234442	0.00117501732397337
matm_other_avg6	0.000730071822490982	0.00137891911176913	0.00122021029797234
vm_mpagado_tend6	0.000725611821174615	0.0011301466142477	0.00128046759663764
vm_mfinanciacion_limite_avg6	0.000725465471904402	0.000891179730856823	0.00129553192130397
Master_mpagominimo_avg6	0.000718858900988477	0.0011436930938767	0.00103943840197644
ctarjeta_visa_transacciones_delta1	0.00071732334168367	0.0019559668481465	0.000964116778644813
vm_mconsumosdolares_avg6	0.000717148051580724	0.0010108289256972	0.00108463137597541
ccuenta_debitos_automaticos_tend6	0.000716510972928418	0.00274015592913635	0.000798409207315236
mpagomiscuentas	0.000711461628244153	0.00173937116319168	0.00111476002530807
vm_mpagospesos_delta1	0.000704056164330713	0.00181482530716153	0.00115995299930704
ccajas_consultas_avg6	0.000703723263021688	0.00234636051561622	0.000843602181314212
ctarjeta_debito	0.00069471939009075	0.000687886904470274	0.000994245427977464
ctarjeta_visa_debitos_automaticos_tend6	0.0006897637097612	0.00161915218356779	0.00117501732397337
mtarjeta_visa_consumo_lag1	0.00068946854860809	0.000610520255035114	0.00100930975264379
active_quarter_avg6	0.000688811422824924	0.00160231615179793	0.00128046759663764
ccomisiones_mantenimiento	0.000683542597581059	0.000948009819405433	0.000497122713988732
vmr_msaldopesos_delta1	0.000677857517327865	0.00096860848763477	0.00109969570064174
mpayroll_lag1	0.000671981953740372	0.000655626747856562	0.000602572986653008
Master_fechaalta_tend6	0.000669996145209485	0.000468235003993625	0.00100930975264379
Visa_msaldopesos_lag1	0.000663421781222296	0.00049230179966986	0.00115995299930704
vm_status02	0.000662422853196668	0.000308559563407595	4.51929739989756e-05
vm_cconsumos_lag1	0.000656942519687183	0.00114910564862746	0.000964116778644813
vmr_mpagado_tend6	0.000656562661946572	0.00120911282827903	0.00117501732397337
vm_mconsumospesos	0.000656328172460363	0.000719927882267827	0.00108463137597541
mautoservicio_lag1	0.000655965057770242	0.000954359326865115	0.00137085354463559
vmr_mpagospesos	0.000643359253375505	0.000625333323764439	0.000918923804645838
ctarjeta_debito_transacciones_delta1	0.000641486543448132	0.00167028976684848	0.000738151908649935
vm_mpagospesos	0.000638725835867039	0.000656226985272659	0.000979181103311138
vm_mfinanciacion_limite_lag1	0.000631438245139652	0.000352023751095905	0.000994245427977464
Master_Fvencimiento_tend6	0.000631251825148095	0.000635616563395655	0.00111476002530807
mpagomiscuentas_tend6	0.000626965005726967	0.00119349743953223	0.000964116778644813
ctransferencias_recibidas	0.000625420270951761	0.000678244772893634	0.00112982434997439
vmr_mconsumospesos_lag1	0.000624940459240281	0.00102633586033143	0.00128046759663764
Visa_fultimo_cierre_lag1	0.000614148446799609	0.000681341324797235	0.00115995299930704
ctarjeta_debito_lag1	0.000613203117203679	0.000684851524960214	0.000918923804645838
vm_mconsumospesos_tend6	0.000608821362000323	0.000717884751036402	0.00117501732397337
catm_trx_other_avg6	0.000605032586377407	0.0011366169972885	0.000888795155313187
vm_cconsumos	0.000599668699829389	0.000624779967374834	0.000979181103311138
vm_mpagominimo_delta1	0.000598863231498587	0.0010403502152761	0.00109969570064174
Master_mconsumospesos_avg6	0.000595937354715219	0.00112183331267835	0.000858666505980537
Master_msaldototal_tend6	0.000593315318905584	0.00143662898755847	0.000903859479979513
vmr_Master_mlimitecompra_tend6	0.00059099350894401	0.00202135866763561	0.00112982434997439
Master_mpagospesos_tend6	0.000589543730088117	0.000846158986237674	0.000964116778644813
mplazo_fijo_dolares	0.000581000004541293	0.0028172052300845	0.000497122713988732
mpayroll_tend6	0.000577672534099033	0.00111861414885931	0.000677894609984634
vmr_mpagospesos_delta1	0.000575993026081908	0.00086786717209396	0.00114488867464072
mtarjeta_visa_consumo_delta1	0.000570448683108584	0.00131890845944894	0.00114488867464072
cseguro_accidentes_personales_avg6	0.000570175115432231	0.000983739171979467	0.000753216233316261
mautoservicio_delta1	0.000568689225529835	0.000856930803632147	0.000858666505980537
vm_mconsumototal_tend6	0.000556895367389381	0.000482780410110166	0.000873730830646862
Master_msaldototal_lag1	0.000554241263240317	0.00162166826555365	0.000798409207315236
vm_msaldopesos_lag1	0.000552723443858756	0.000950673356243839	0.000873730830646862
vmr_mconsumosdolares_avg6	0.000547666400587669	0.00122910057395802	0.00100930975264379
Master_status	0.0005428047954479	0.000402636026464378	7.5321623331626e-05
vmr_msaldototal_lag1	0.00053797864636408	0.000720208099913348	0.00105450272664276
matm_tend6	0.000537187621992601	0.00102605537555755	0.000843602181314212
vmr_mconsumototal_tend6	0.00053566969340075	0.000608567947444753	0.000949052453978488
vm_msaldopesos_delta1	0.00053476102232923	0.000913087995851809	0.000753216233316261
cmobile_app_trx_lag1	0.000532704542974449	0.000316796065574577	0.000888795155313187
Master_cconsumos_avg6	0.000529180553468793	0.00163715917248651	0.000783344882648911
vmr_Visa_mlimitecompra_tend6	0.000527931528555809	0.00212449038127074	0.000994245427977464
catm_trx_tend6	0.00052676194491726	0.00135986217484687	0.000949052453978488
cprestamos_personales_lag1	0.000526396551977514	0.00326597338869347	0.000677894609984634
vm_mlimitecompra_lag1	0.000524334956298976	0.000368090720328639	0.000843602181314212
vmr_mpagominimo_delta1	0.00051904461189288	0.000738563157080026	0.000918923804645838
mextraccion_autoservicio	0.000517636372669547	0.00106444866566253	0.000828537856647887
mv_status07_avg6	0.000515887803357807	0.00130396396356842	0.000512187038655057
Master_mpagominimo_tend6	0.000515367829374043	0.00136814435596274	0.000708023259317285
Visa_cconsumos_delta1	0.00049874202190199	0.000778498712748788	0.000888795155313187
vmr_mconsumototal_lag1	0.00049551687952892	0.000723978483095143	0.000933988129312163
ctarjeta_visa_debitos_automaticos_lag1	0.000492135820076543	0.000909230929518468	0.000783344882648911
vm_mlimitecompra	0.000483051476667071	0.000527360392941794	0.000994245427977464
vmr_mconsumospesos_delta1	0.000481911469645194	0.000336590143195421	0.000813473531981561
mpayroll_sobre_edad_tend6	0.000478594344754288	0.00108984415778187	0.000466994064656082
Master_mconsumospesos_tend6	0.000475609928439751	0.0010667961896557	0.000768280557982586
ctarjeta_visa_debitos_automaticos	0.000474078346611887	0.00044200834199436	0.000813473531981561
mttarjeta_visa_debitos_automaticos_delta1	0.00047007094344207	0.00098284308990902	0.000994245427977464
vmr_mconsumototal	0.000463258198452778	0.000274340554558798	0.00069295893465096
vm_msaldototal_delta1	0.000455213919638249	0.000779941205871584	0.000738151908649935
Visa_mpagado	0.000454679655800499	0.00121125466343802	0.000662830285318309
vm_mconsumospesos_lag1	0.000452132701919598	0.000471346782213522	0.000903859479979513
mtransferencias_emitidas_delta1	0.000448377511460959	0.000687501037559926	0.000708023259317285
Master_mpagado_avg6	0.000447198504810433	0.00242931682590221	0.000783344882648911
ctarjeta_debito_transacciones_lag1	0.000447196739801687	0.000497814126861608	0.00102437407731011
vmr_mconsumosdolares_tend6	0.000445460638288077	0.000840321964529119	0.000647765960651984
Master_msaldototal_avg6	0.000444704349832202	0.000769487404785016	0.000813473531981561
Visa_delinquency_avg6	0.000439831045806434	0.00335045473476428	0.000753216233316261
ccaja_ahorro_lag1	0.000439090013044371	0.000522448169601965	0.000241029194661203
Master_mpagospesos_avg6	0.000432957592959628	0.000606433859008084	0.000677894609984634
vm_status05_delta1	0.000429775952623229	0.000217705069017587	9.03859479979513e-05
mv_status07_tend6	0.000425028586902397	0.000779882437633248	0.000512187038655057
vm_mconsumospesos_delta1	0.000418668854103881	0.000726210206945956	0.000798409207315236
catm_trx_other_tend6	0.000417031485222758	0.00165625297312191	0.000677894609984634
cdescubierto_preacordado_delta1	0.000415394926732659	0.00196576431486219	0.000286222168660179
ctarjeta_master_transacciones_avg6	0.000415306821125556	0.00106272074589127	0.000436865415323431
Master_msaldopesos_tend6	0.000412867685911548	0.000804454105902461	0.000708023259317285
vm_msaldototal_lag1	0.000406214166156107	0.000549058695048906	0.000738151908649935
cplazo_fijo_avg6	0.000402872860241533	0.000956039029968103	0.000256093519327529
ccaja_ahorro_avg6	0.000397643884677982	0.00110720456251471	0.000527251363321382
Master_mconsumospesos	0.00039644702731243	0.000792006458766163	0.000542315687987708
vm_mconsumototal	0.000392904624304581	0.000390398208651776	0.000617637311319334
Master_msaldopesos_avg6	0.000389820215956669	0.000852466821673808	0.000708023259317285
mforex_sell_avg6	0.000388416390127247	0.000478194350493101	0.000587508661986683
ccajas_otras_avg6	0.000388318360932447	0.00343673492318489	0.000768280557982586
Master_msaldototal	0.000373650299777727	0.00108008382190767	0.000708023259317285
Visa_mpagosdolares_avg6	0.000373488606479637	0.000523201204437735	0.000572444337320358
ccajas_extracciones_tend6	0.000370622684162633	0.00122973393529027	0.000482058389322407
mpayroll_delta1	0.000369570148126283	0.00126904427704165	0.000391672441324455
Master_mpagado_tend6	0.000363669884667854	0.00118289978982592	0.000512187038655057
Master_mpagominimo_lag1	0.000362287579847146	0.000779119385484125	0.000617637311319334
mv_status07_lag1	0.000353511648684374	0.000386494394856123	0.000210900545328553
vm_cconsumos_delta1	0.000352756557902805	0.000931094717642168	0.000557380012654033
mpagomiscuentas_lag1	0.000349895231501778	0.000421917351205741	0.000632701635985659
vm_status04	0.000343625788373888	0.000407132598082158	0.000150643246663252
Master_fultimo_cierre_delta1	0.000342707154509802	0.000217823540443506	0.000828537856647887
mpagomiscuentas_delta1	0.000340432533832639	0.00233732743669143	0.000708023259317285
cforex_avg6	0.000339007149170473	0.000648902325749132	0.000466994064656082
ccallcenter_transacciones	0.000332913483822836	0.00089848395506111	0.000256093519327529
ctarjeta_master	0.000332204330502674	8.28231468004891e-06	1.50643246663252e-05
vm_Finiciomora_lag1	0.000327178634925653	0.000800687195389295	0.000150643246663252
mtarjeta_master_consumo_tend6	0.000326722855117372	0.000875949140506955	0.000451929739989756
Master_mconsumototal_tend6	0.000325936083572569	0.000592379568374184	0.000617637311319334
Master_msaldopesos_delta1	0.000321874858564739	0.000691480181551992	0.000527251363321382
ctarjeta_master_transacciones	0.000313457351810375	0.000341140407612772	0.000135578921996927
ccajas_extracciones_avg6	0.000313127573642719	0.00124168338804249	0.000708023259317285
vmr_msaldodolares2_avg6	0.000312033979230738	0.00212613081650538	0.000647765960651984
Visa_mconsumosdolares_lag1	0.000311829059852351	0.000565784669936072	0.000512187038655057
Visa_mconsumosdolares	0.000306809500476927	0.000310075116135776	0.000647765960651984
cforex_tend6	0.000306606881725482	0.00121487158137925	0.000497122713988732
Master_mconsumototal_avg6	0.000298801872493374	0.000446559140668423	0.000436865415323431
thomebanking_lag1	0.000298441107455236	0.000145872918427729	0.000512187038655057
tcuentas_avg6	0.000296003848172411	0.0029477129254709	0.000557380012654033
mforex_sell_tend6	0.000292516169030459	0.00100780610121988	0.000542315687987708
cpagomiscuentas	0.000291103892051776	0.00100556449361989	0.000572444337320358
cdescubierto_preacordado_lag1	0.000289613365130559	0.000199739484994064	0.000195836220662228
Visa_Finiciomora_lag1	0.000288770726680474	0.00100688143641533	0.000180771895995903
cextraccion_autoservicio	0.000286715182791813	0.000700865602778445	0.000527251363321382
vm_mconsumosdolares_tend6	0.000286641419360884	0.000711158325466301	0.000512187038655057
vm_status04_delta1	0.000286387113796222	0.000207878485311079	6.02572986653008e-05
Master_cconsumos_tend6	0.000284931413126264	0.000414457391169863	0.000572444337320358
mcuenta_debitos_automaticos_delta1	0.000284872455668601	0.000713094738919475	0.000587508661986683
vm_mconsumototal_delta1	0.000283512502805783	0.000434282856372546	0.000542315687987708
ccuenta_debitos_automaticos_lag1	0.000283281180877849	0.000345117815270524	0.000316350817992829
Master_mpagospesos_delta1	0.000281497324086903	0.00116368858627803	0.000542315687987708
active_quarter_tend6	0.00028063253651101	0.00416246363126903	0.000873730830646862
mtarjeta_master_consumo_avg6	0.000279718582776037	0.00067427911888355	0.000331415142659155
ctransferencias_emitidas	0.000278730652334671	0.000595396783156031	0.000451929739989756
ccajas_otras_tend6	0.000272319433790048	0.00394356556701322	0.000677894609984634
vm_mconsumototal_lag1	0.000268296728887618	0.000264188608514593	0.000466994064656082
ccomisiones_mantenimiento_lag1	0.000267692162813757	0.000191721493822349	0.000331415142659155
vm_status06_tend6	0.000265292090443537	0.00158206742171504	0.000421801090657106
mextraccion_autoservicio_lag1	0.00026425619781935	0.00146265904308766	0.000617637311319334
cpagomiscuentas_lag1	0.000257713943957913	0.000438322237808907	0.000482058389322407
Master_mpagominimo	0.000254811538098789	0.000571636383704211	0.000406736765990781
matm_other	0.000253040467821003	0.000798269015945943	0.000436865415323431
mtarjeta_visa_descuentos_avg6	0.00025153259778829	0.0014896277876601	0.000331415142659155
ctransferencias_recibidas_delta1	0.000249886135425072	0.000550363617068324	0.000557380012654033
cextraccion_autoservicio_lag1	0.000249809382103358	0.00036430497726637	0.000421801090657106
ccheques_emitidos_avg6	0.000248877339508437	0.00127214523656312	0.000210900545328553
ctransferencias_emitidas_delta1	0.000247678704636188	0.000302652821198104	0.00037660811665813
cseguro_vivienda_avg6	0.000246720851690163	0.000643315603310218	0.000361543791991805
vm_mpagado	0.000243880009179409	0.000222952137751755	0.000406736765990781
Visa_mpagado_delta1	0.00024107638041933	0.000415610050026319	0.000391672441324455
Visa_mpagado_lag1	0.000240302313834631	0.000420817049507075	0.000421801090657106
vmr_mconsumototal_delta1	0.000239449595142496	0.000304040419443727	0.000451929739989756
vm_fultimo_cierre_delta1	0.00023585811671418	0.000161709355889172	0.000512187038655057
ccaja_seguridad_lag1	0.000235093936787492	0.000151834822642749	4.51929739989756e-05
Master_mpagospesos	0.000234689991761118	0.000742661306754723	0.000436865415323431
ccheques_depositados_avg6	0.000234623844757637	0.0006234380480781	0.000150643246663252
Master_msaldopesos_lag1	0.000233552104597326	0.000910682638569548	0.000512187038655057
vm_msaldodolares_avg6	0.0002301818904147	0.00117251958260145	0.000361543791991805
ccuenta_debitos_automaticos	0.000230141817391959	0.000346436093707745	0.00034647946732548
Master_mconsumospesos_delta1	0.000230028315221197	0.000885446354950424	0.000466994064656082
ctransferencias_emitidas_lag1	0.000229485601136089	0.000286814246709814	0.000466994064656082
ccomisiones_otras_delta1	0.000229324389607367	0.000479454261384521	0.000436865415323431
Master_mconsumospesos_lag1	0.000228308367344806	0.000237426220597224	0.000391672441324455
Visa_fultimo_cierre_delta1	0.000223886966525722	0.000126473790081339	0.000466994064656082
vm_status01_tend6	0.00022288459699928	0.00243752474533509	0.000421801090657106
Visa_mconsumosdolares_delta1	0.00021860404875119	0.000418536975423813	0.000421801090657106
matm_other_tend6	0.000215528049873858	0.000509993577128409	0.000406736765990781
vmr_msaldodolares2_tend6	0.000214366344312471	0.00141104690628241	0.000421801090657106
cplazo_fijo_tend6	0.000213662000380906	0.00122766101924714	0.000256093519327529
mplazo_fijo_dolares_tend6	0.000210932439940368	0.000728925165992906	0.000256093519327529
ccajas_extracciones	0.00020920135377237	0.00236172293380981	0.00037660811665813
vm_Finiciomora_avg6	0.000208835669837557	0.00106833845521949	0.000271157843993854
cpayroll_trx_tend6	0.000206975475183176	0.00132278756387165	0.000466994064656082
thomebanking_delta1	0.000206678584895634	0.00112586588234163	0.000361543791991805
Visa_status	0.000203958607882652	0.000129345286344948	4.51929739989756e-05
mextraccion_autoservicio_delta1	0.000199436498894311	0.000653169166980689	0.000421801090657106
matm	0.000198870910977366	0.000494966538585868	0.000316350817992829
matm_other_lag1	0.000198247197953279	0.00114529239134451	0.000316350817992829
cextraccion_autoservicio_delta1	0.000197400663733777	0.00178715882332303	0.000527251363321382
catm_trx	0.000197155395725544	0.000453484309735442	0.00034647946732548
Master_msaldototal_delta1	0.00019311128869716	0.000325769842004321	0.000406736765990781
vm_status05_tend6	0.000191069050329026	0.00129905133953606	0.000391672441324455
vm_Fvencimiento_delta1	0.000189670635229708	0.000139011325909456	0.000361543791991805
ccallcenter_transacciones_delta1	0.00018952480477452	0.000922253036184501	0.000210900545328553
vmr_msaldodolares_avg6	0.000188560782368983	0.000552755217240247	0.000391672441324455
Visa_msaldodolares_avg6	0.000188543389376745	0.00118649239908675	0.000421801090657106
mpayroll_sobre_edad_delta1	0.000183139788977248	0.000968332944735481	0.000391672441324455
mplazo_fijo_dolares_avg6	0.000180456882708698	0.000306479702027209	0.000195836220662228
Visa_msaldodolares_lag1	0.000175669794268081	0.00018306506587962	0.000180771895995903
mpayroll_sobre_edad_lag1	0.000172788117038976	0.000699656579838858	0.000783344882648911
vm_status04_tend6	0.000172639398241315	0.00131009723062386	0.00034647946732548
ctarjeta_visa_descuentos_avg6	0.000171340574568732	0.000348446101023017	0.000135578921996927
cseguro_vida_avg6	0.00017062776439735	0.0012177075495715	0.000436865415323431
vmr_mpagosdolares_avg6	0.000169700986622885	0.000527864197021348	0.000286222168660179
mcaja_ahorro_adicional_avg6	0.00016587451092235	0.00152106265121772	0.000331415142659155
vmr_mconsumosdolares	0.000165478015382185	0.000636011245541753	0.000271157843993854
vmr_mpagado	0.00016391894184024	0.000266013362314929	0.000271157843993854
ccajas_otras	0.000163392338642988	0.000413194808994883	6.02572986653008e-05
Master_cconsumos	0.000163314373515189	0.000166706926738767	0.000225964869994878
vmr_msaldodolares_tend6	0.000162468809371671	0.00125626405510204	0.000331415142659155
ccallcenter_transacciones_lag1	0.000160286426720172	0.00127382146699748	0.00034647946732548
cforex_sell_avg6	0.000159497949446453	0.000404839701837804	0.000331415142659155
vm_status02_avg6	0.00015911059764728	0.000365129602501568	0.000135578921996927
Master_mpagominimo_delta1	0.000159072760915144	0.000280128691778192	0.000301286493326504
Master_msaldopesos	0.000159024682451692	0.000319782427031297	0.000256093519327529
Master_fechaalta_delta1	0.0001538145315299	0.000121277208606469	0.000361543791991805
mtarjeta_master_consumo_lag1	0.000152327945587284	0.000232060947565494	0.000165707571329577
cforex_sell_tend6	0.000152256229012308	0.000365321400661228	0.000271157843993854
Master_mconsumototal	0.000150796749498111	0.00041808272365431	0.000271157843993854
cprestamos_prendarios_avg6	0.000147175980978433	0.000634788732620184	0.000105450272664276
vm_mconsumosdolares	0.00014501590979339	0.000150155920924829	0.000180771895995903
matm_delta1	0.000144628731094308	0.000648057665887229	0.000301286493326504
ctarjeta_master_transacciones_tend6	0.000141154197420812	0.000804593680468509	0.000286222168660179
Master_mpagospesos_lag1	0.000139231400466713	0.00107029183132327	0.000361543791991805
Visa_mpagosdolares_tend6	0.000137556365805562	0.000322360883488293	0.000225964869994878
Master_Fvencimiento_delta1	0.000135395974094592	8.14780219634826e-05	0.000256093519327529
Visa_Fvencimiento_delta1	0.000134980208319455	8.11017716739535e-05	0.000241029194661203
matm_lag1	0.00013496449820617	0.000179462172177083	0.000225964869994878
cpagomiscuentas_delta1	0.000134923372767572	0.000927055870462519	0.000286222168660179
catm_trx_delta1	0.000134587044261858	0.000401291569448262	0.000180771895995903
Visa_status_avg6	0.000133011687540387	0.00197693522202064	0.000361543791991805
vm_mconsumosdolares_delta1	0.00013288007745121	0.000210634448560686	0.000180771895995903
vm_fechaalta_delta1	0.000131186157504883	7.91210149136709e-05	0.000241029194661203
vm_Finiciomora_tend6	0.000129532396623511	0.00150131158126221	0.000301286493326504
Visa_msaldodolares_tend6	0.000127779995364164	0.000929324858719005	0.000271157843993854
vm_mpagosdolares_avg6	0.000127754658475378	0.000163870424289804	0.000135578921996927
mcheques_depositados_avg6	0.000125672919215521	0.000502723278225343	0.000180771895995903
Master_cconsumos_lag1	0.00012455144989026	0.000129687477769077	0.000241029194661203
mtarjeta_visa_descuentos	0.00012435931117127	0.00115428860655617	0.000180771895995903
Visa_msaldodolares	0.000124104047434355	0.00133757325194448	0.000241029194661203
ccajas_depositos_tend6	0.000123207524511072	0.000928733970795371	0.000210900545328553
ctarjeta_master_debitos_automaticos_tend6	0.000122179559400584	0.00124182095914587	0.000256093519327529
Master_mconsumosdolares_avg6	0.000122152110208755	0.000224230614063921	0.000120514597330602
ctarjeta_master_debitos_automaticos_avg6	0.000121297332327339	0.000438081555160085	0.000180771895995903
Master_mconsumototal_delta1	0.000121029471505931	0.000442599229917994	0.000180771895995903
ctarjeta_visa_descuentos_tend6	0.000120878533693946	0.000382628246158675	0.000135578921996927
mprestamos_prendarios_tend6	0.000119678297535524	0.00121430019382561	0.000180771895995903
ccajas_depositos_avg6	0.000118698729309392	0.000720316420461736	0.000256093519327529
mv_status07	0.000118042131095456	0.000367151630592864	0.000150643246663252
mcaja_ahorro_adicional	0.00011575831324312	0.000433672200950563	9.03859479979513e-05
cseguro_vida_lag1	0.000115281689882369	0.000282539391627575	0.000165707571329577
vm_mconsumosdolares_lag1	0.000114844968473042	0.00028380157311002	0.000210900545328553
vmr_mpagosdolares_tend6	0.000113920162315661	0.000823824250822217	0.000225964869994878
mcheques_emitidos_avg6	0.000110450167306796	0.000445858863682977	7.5321623331626e-05
mtarjeta_master_consumo_delta1	0.000109850247248185	0.00043886210421653	0.000165707571329577
cplazo_fijo_delta1	0.000109823682619185	0.000524393131162533	7.5321623331626e-05
catm_trx_lag1	0.000109312197223049	0.00010561200042127	0.000195836220662228
vmr_mconsumosdolares_lag1	0.000108732808757511	0.00051005541734284	0.000241029194661203
vm_status06_avg6	0.000106210886076722	9.38379174348105e-05	0.000135578921996927
mttarjeta_master_debitos_automaticos_lag1	0.000104898665488889	0.000263981584038637	0.000180771895995903
mprestamos_prendarios_avg6	0.000102728844491879	0.00157056046708466	0.000241029194661203
cliente_edad_delta1	0.000102530683297228	0.000173837116819072	0.000120514597330602
Master_mconsumototal_lag1	0.000101126138307477	0.000225780492785858	0.000225964869994878
vm_msaldodolares_tend6	0.000100789229283974	0.000452117681065772	0.000135578921996927
ctarjeta_visa_debitos_automaticos_delta1	9.97553780439744e-05	0.000131071469781892	0.000135578921996927
vm_status05	9.9271959334007e-05	0.000104377867416212	4.51929739989756e-05
ccajeros_propios_descuentos_avg6	9.92401653115323e-05	0.000685249679774941	0.000180771895995903
cseguro_accidentes_personales_lag1	9.66282939761241e-05	0.000200446974445124	0.000150643246663252
mplazo_fijo_dolares_delta1	9.5834470759373e-05	0.000722512349112835	0.000150643246663252
ccaja_ahorro_tend6	9.44791262339436e-05	0.0011441461435686	0.000165707571329577
Master_mpagosdolares_tend6	9.39393357020943e-05	2.65111536984826e-05	6.02572986653008e-05
Visa_delinquency_tend6	9.25139987368673e-05	0.00253891237793342	0.000466994064656082
vm_status01_lag1	9.23537532068685e-05	0.000328832602170878	6.02572986653008e-05
Visa_mpagosdolares_lag1	9.19788727805071e-05	0.000518448323162303	0.000150643246663252
vmr_msaldodolares2	9.19052587945184e-05	0.000609839879112195	0.000165707571329577
mcaja_ahorro_adicional_tend6	9.17790168194635e-05	0.000877877005852735	0.000180771895995903
vm_mpagado_lag1	9.0865016422489e-05	0.000312624589166138	0.000180771895995903
ctarjeta_debito_tend6	8.75346875325436e-05	0.000990791227015621	0.000271157843993854
matm_other_delta1	8.52446540971456e-05	0.000257536043934947	0.000150643246663252
cinversion1	8.39744911100434e-05	0.001044415508163	0.000150643246663252
mplazo_fijo_dolares_lag1	8.26430488394644e-05	0.000295920652368348	0.000105450272664276
mttarjeta_master_debitos_automaticos	8.25762131067165e-05	0.000298726167928007	0.000105450272664276
cseguro_accidentes_personales	8.08658402667749e-05	9.42824190193163e-05	0.000120514597330602
vm_status05_avg6	8.08030580140373e-05	4.3965053355948e-05	0.000120514597330602
vmr_mpagado_delta1	8.02551644840444e-05	0.000251362974754452	0.000165707571329577
Master_cconsumos_delta1	7.84511894500625e-05	4.43017686487783e-05	6.02572986653008e-05
Visa_fechaalta_delta1	7.79764447796928e-05	3.9898558391446e-05	0.000135578921996927
vmr_mconsumosdolares_delta1	7.76482713452639e-05	0.000105632569304688	0.000120514597330602
active_quarter_lag1	7.68850508405654e-05	9.58779766901414e-05	0.000150643246663252
vm_mpagosdolares_tend6	7.65415765812478e-05	0.000912957637214045	0.000195836220662228
Master_madelantopesos	7.54363978714389e-05	2.87777377997635e-06	1.50643246663252e-05
catm_trx_other	7.51129528114993e-05	8.59502849008597e-05	0.000120514597330602
ctarjeta_visa_tend6	7.39789180200557e-05	0.000320009619698137	7.5321623331626e-05
tcallcenter_delta1	7.33869442800259e-05	0.00018053375757747	0.000105450272664276
Master_delinquency_avg6	7.08021744600137e-05	0.000205122388497294	7.5321623331626e-05
tcuentas_tend6	6.97192075502507e-05	0.00313047293076788	0.000451929739989756
vm_status02_tend6	6.90912771060577e-05	0.000631329553973214	0.000150643246663252
ctarjeta_master_transacciones_lag1	6.81280797908871e-05	0.000227433483053238	0.000120514597330602
cseguro_vivienda_lag1	6.7944115467218e-05	0.000174084477676796	0.000120514597330602
Visa_Finiciomora_tend6	6.70843642006558e-05	0.00117167291927688	0.000225964869994878
vm_msaldodolares	6.58524370604565e-05	0.000140724286492775	7.5321623331626e-05
vm_msaldodolares_lag1	6.43476689651321e-05	0.000133202886935	7.5321623331626e-05
vm_mpagado_delta1	6.32805437658079e-05	0.000349840911734253	0.000225964869994878
ccheques_depositados_tend6	6.27908363865052e-05	0.00055427678035644	9.03859479979513e-05
mttarjeta_master_debitos_automaticos_tend6	6.22915803401734e-05	0.000436920481760413	0.000120514597330602
mprestamos_hipotecarios_tend6	6.06347154905923e-05	0.00118381857780663	0.000165707571329577
minversion2_avg6	6.01720865065776e-05	0.000708624345880591	0.000105450272664276
Master_mconsumosdolares_lag1	5.91876306896458e-05	1.78998704479296e-05	7.5321623331626e-05
Master_mpagado_delta1	5.8161216750934e-05	0.000277465956324855	0.000105450272664276
cseguro_auto_avg6	5.75387529625122e-05	0.000875606014133579	0.000135578921996927
ctarjeta_debito_delta1	5.43912503401703e-05	0.000955673197684461	0.000135578921996927
ccajas_otras_delta1	5.29842341858115e-05	0.00025797800780007	4.51929739989756e-05
mtarjeta_master_descuentos_avg6	5.27219746791818e-05	0.00106884038940055	0.000150643246663252
cseguro_vivienda	5.26725401393907e-05	0.000106380261573336	7.5321623331626e-05
vmr_msaldodolares2_delta1	5.20855972098555e-05	0.000418176752835648	0.000120514597330602
ctarjeta_master_descuentos_avg6	5.19650507171526e-05	0.000692195150597022	0.000120514597330602
mttarjeta_master_debitos_automaticos_delta1	5.19368545583801e-05	0.000282582933549614	9.03859479979513e-05
mcaja_ahorro_adicional_delta1	5.10508099179216e-05	0.00141332564472389	0.000225964869994878
Visa_mpagosdolares_delta1	5.06834657328503e-05	0.000235474714391931	0.000105450272664276
vm_Finiciomora	5.04969018732981e-05	0.000938859871824859	0.000150643246663252
cforex_buy_tend6	4.99950918048902e-05	0.00107477851919188	0.000150643246663252
vm_status03_avg6	4.96417334495194e-05	3.05143392425953e-05	6.02572986653008e-05
vm_mpagosdolares_delta1	4.84886241316917e-05	0.00107355280073004	0.000165707571329577
ccajas_depositos	4.8214904112574e-05	0.000667443972072528	0.000120514597330602
mcaja_ahorro_adicional_lag1	4.4995183021456e-05	0.000296855334486248	7.5321623331626e-05
cseguro_accidentes_personales_tend6	4.4623779109474e-05	0.000961894483533227	0.000165707571329577
vm_mpagosdolares_lag1	4.46221210853072e-05	0.000126928976800088	4.51929739989756e-05
cplazo_fijo	4.40861448557374e-05	0.000152106091488341	6.02572986653008e-05
mttarjeta_master_debitos_automaticos_avg6	4.25335281506686e-05	0.000204112109054626	9.03859479979513e-05
ctarjeta_master_transacciones_delta1	4.24135994647395e-05	0.00115942508415092	0.000180771895995903
vmr_mpagado_lag1	4.17914862779127e-05	3.2853181564194e-05	0.000120514597330602
Visa_mpagosdolares	4.17162824525483e-05	0.00013143289444766	0.000105450272664276
Visa_Finiciomora_avg6	4.16835422552815e-05	0.000590724975336667	0.000135578921996927
cseguro_vida_tend6	4.0938442791222e-05	0.000487474389583084	0.000105450272664276
cseguro_vida	4.07197031051321e-05	0.000226017569201873	0.000105450272664276
tcallcenter_lag1	4.04396475848777e-05	0.000110227444157502	6.02572986653008e-05
mtarjeta_visa_descuentos_tend6	4.04121050378028e-05	0.000580584515811773	0.000120514597330602
ctarjeta_master_debitos_automaticos	3.97924371577747e-05	0.000310446023858183	9.03859479979513e-05
vm_status02_delta1	3.84455893969539e-05	0.000634841089777974	0.000105450272664276
Master_mpagado	3.75706549056192e-05	1.84398704197315e-05	4.51929739989756e-05
mforex_buy_avg6	3.60636415353886e-05	0.000430511404677327	6.02572986653008e-05
cpayroll_trx_delta1	3.57877364176949e-05	6.27977360232852e-05	0.000120514597330602
vmr_Visa_mlimitecompra_delta1	3.55787834424905e-05	0.00128699356623545	0.000195836220662228
minversion1_pesos	3.48602061789084e-05	0.00042359625292366	6.02572986653008e-05
Master_mpagosdolares_avg6	3.38350984872359e-05	0.000104571669038543	6.02572986653008e-05
cinversion2_avg6	3.29991334766317e-05	0.00099043554560951	0.000150643246663252
ccajas_extracciones_lag1	3.19479086628309e-05	0.000296419781701671	7.5321623331626e-05
Visa_Finiciomora	3.11339277738862e-05	0.00110327483726852	0.000165707571329577
Master_mconsumosdolares_delta1	3.02265971374842e-05	2.22354972311753e-05	4.51929739989756e-05
vmr_msaldodolares_lag1	3.01730459687601e-05	6.46795217276427e-05	6.02572986653008e-05
ccajeros_propios_descuentos_tend6	2.99530530186465e-05	0.000131549629539263	4.51929739989756e-05
vmr_mpagosdolares_delta1	2.98552933293205e-05	0.00051204111597771	9.03859479979513e-05
ccajas_transacciones_lag1	2.93629481331723e-05	0.000198410120730066	7.5321623331626e-05
active_quarter_delta1	2.90519225703023e-05	0.000654259718494358	0.000105450272664276
mcheques_depositados_tend6	2.88836892929882e-05	0.000155349831116137	4.51929739989756e-05
vm_status03_tend6	2.8665580194257e-05	8.88480933075416e-05	4.51929739989756e-05
Master_mconsumosdolares_tend6	2.86094463220257e-05	1.6784342432968e-05	4.51929739989756e-05
ccajas_consultas_delta1	2.82025374227986e-05	0.000227839117461936	6.02572986653008e-05
Master_mpagado_lag1	2.80288621719908e-05	9.41413752473096e-05	4.51929739989756e-05
ccajas_transacciones_delta1	2.77178809747331e-05	0.000142061130350743	6.02572986653008e-05
ctarjeta_visa	2.72326216542337e-05	3.82607944403614e-05	1.50643246663252e-05
mprestamos_prendarios_delta1	2.67334932059025e-05	0.0026948810118864	0.00037660811665813
mpagodeservicios_avg6	2.5201583666131e-05	0.000485825539805222	9.03859479979513e-05
Master_status_tend6	2.51560290553579e-05	8.37705175153026e-05	6.02572986653008e-05
Master_mpagosdolares	2.50162326358851e-05	1.24365613095209e-05	4.51929739989756e-05
Master_mconsumosdolares	2.43291710161818e-05	3.14263154502291e-05	4.51929739989756e-05
mcheques_depositados_lag1	2.40327267429521e-05	8.03465998113346e-05	1.50643246663252e-05
vm_msaldodolares_delta1	2.3600697409138e-05	0.000166221420951604	6.02572986653008e-05
Visa_status_tend6	2.3184398323588e-05	0.000808686487576084	0.000165707571329577
Master_madelantopesos_lag1	2.30971487086197e-05	3.02055388629747e-06	1.50643246663252e-05
Visa_delinquency	2.21434650053956e-05	0.000206971718106389	3.01286493326504e-05
cmobile_app_trx_delta1	2.13403919333876e-05	0.000239243761931946	7.5321623331626e-05
cpagodeservicios_avg6	2.03500414887424e-05	0.000246282460550296	4.51929739989756e-05
vm_status03_delta1	1.99671260125748e-05	0.000156810355402968	3.01286493326504e-05
vmr_Master_mlimitecompra_delta1	1.97675829853153e-05	0.00045252184626851	9.03859479979513e-05
ctarjeta_visa_avg6	1.87684548159806e-05	7.36507604380043e-05	4.51929739989756e-05
minversion2_delta1	1.87067672009368e-05	0.00016561490601914	3.01286493326504e-05
minversion2_lag1	1.76718986761915e-05	9.40668464359652e-05	1.50643246663252e-05
ccaja_ahorro_delta1	1.71318353895564e-05	0.00161692860713184	0.000225964869994878
cinversion1_lag1	1.68058199360049e-05	7.6080693529024e-05	1.50643246663252e-05
Master_msaldodolares_lag1	1.60876518983317e-05	1.08655794474546e-05	1.50643246663252e-05
mforex_buy_tend6	1.56116123769488e-05	0.000422339547572514	6.02572986653008e-05
ctarjeta_master_debitos_automaticos_lag1	1.5523329807291e-05	6.37341544754997e-06	3.01286493326504e-05
vm_status04_avg6	1.54182065510749e-05	7.09685246146735e-05	6.02572986653008e-05
ccajas_transacciones	1.53189885453245e-05	9.8161657006211e-06	3.01286493326504e-05
ccuenta_debitos_automaticos_delta1	1.50847486098327e-05	5.7722965078785e-05	4.51929739989756e-05
vmr_msaldodolares_delta1	1.4468048101917e-05	0.000139045384774855	3.01286493326504e-05
catm_trx_other_lag1	1.39742169701886e-05	0.000100874345462134	4.51929739989756e-05
vm_status06_delta1	1.27744037222805e-05	0.000476509705515526	9.03859479979513e-05
cseguro_vida_delta1	1.163859668084e-05	0.00107795240475456	0.000150643246663252
cseguro_auto	1.10955342163225e-05	9.32269948844711e-05	1.50643246663252e-05
Visa_cadelantosefectivo_lag1	1.08561108776242e-05	7.22141441390428e-06	1.50643246663252e-05
vmr_msaldodolares2_lag1	1.04249373627212e-05	0.000225061516815487	4.51929739989756e-05
Master_msaldodolares_avg6	1.01113194733801e-05	2.20594596445231e-06	1.50643246663252e-05
Visa_madelantopesos_tend6	9.86482113173243e-06	4.06406409646173e-05	3.01286493326504e-05
tcuentas	9.6577264523812e-06	9.54987879886955e-05	3.01286493326504e-05
Master_msaldodolares	8.97278088492721e-06	2.01986435161173e-05	3.01286493326504e-05
ccajas_consultas_lag1	8.81340210902569e-06	4.27047417719948e-05	1.50643246663252e-05
vm_mpagosdolares	8.7711150568464e-06	4.12312617598951e-06	1.50643246663252e-05
cplazo_fijo_lag1	8.6218646378132e-06	1.56384953495921e-05	3.01286493326504e-05
Visa_msaldodolares_delta1	8.49536677940248e-06	2.23623832003101e-05	3.01286493326504e-05
Visa_delinquency_delta1	8.13621040087698e-06	9.26192778744047e-05	1.50643246663252e-05
vmr_mpagosdolares_lag1	7.86728467979942e-06	0.000172124022671575	4.51929739989756e-05
ccaja_seguridad_tend6	7.83816621618401e-06	0.000323385721426368	4.51929739989756e-05
cinversion2	6.91503323601329e-06	0.000154502232842317	3.01286493326504e-05
ctarjeta_master_descuentos_tend6	6.89833435538673e-06	2.24037880955014e-05	3.01286493326504e-05
Visa_cadelantosefectivo_avg6	6.06637537211847e-06	4.53076404735718e-06	1.50643246663252e-05
Master_mpagosdolares_delta1	6.00345818521738e-06	1.05565119394779e-05	3.01286493326504e-05
Master_cadelantosefectivo_tend6	5.92020280182118e-06	4.37195623967168e-06	1.50643246663252e-05
cprestamos_personales_delta1	5.80404538040322e-06	0.000318987586607801	4.51929739989756e-05
Master_delinquency_lag1	5.7318566553334e-06	2.19232241829258e-06	1.50643246663252e-05
minversion2_tend6	5.06836036177367e-06	0.00053049327430182	7.5321623331626e-05
mprestamos_prendarios_lag1	4.77754908411802e-06	0.000106236947210303	1.50643246663252e-05
mcheques_depositados_delta1	4.38142990181732e-06	4.47327802513024e-05	1.50643246663252e-05
vm_status01_delta1	4.11774669643826e-06	4.55480559940377e-06	1.50643246663252e-05
cforex_buy_avg6	3.96563763228628e-06	5.21849935648539e-05	1.50643246663252e-05
Master_msaldodolares_tend6	3.91988331377075e-06	2.29264247241586e-05	1.50643246663252e-05
mprestamos_hipotecarios_avg6	3.75911470695352e-06	0.000431180961901824	6.02572986653008e-05
mforex_sell_delta1	3.36496323329124e-06	9.16483998642567e-05	1.50643246663252e-05
catm_trx_other_delta1	3.24063779020358e-06	1.09753692018007e-05	1.50643246663252e-05
Visa_madelantopesos_avg6	3.07534251621633e-06	8.6035365282269e-06	1.50643246663252e-05
ccajas_depositos_lag1	2.82510721529869e-06	0.000192273247441818	3.01286493326504e-05
cprestamos_prendarios_tend6	2.76569041272617e-06	0.000323385721426368	4.51929739989756e-05
Visa_status_delta1	2.69394321922951e-06	1.30985053758703e-05	1.50643246663252e-05
Master_delinquency_tend6	2.64501257281598e-06	7.91164737316176e-05	1.50643246663252e-05
tcuentas_delta1	2.22265894165051e-06	0.00018978815234527	3.01286493326504e-05
cseguro_accidentes_personales_delta1	1.8833474889948e-06	0.00019666630682162	3.01286493326504e-05
ctarjeta_visa_delta1	1.74308216874009e-06	9.90474546349496e-05	1.50643246663252e-05
ccajas_depositos_delta1	1.71607900753267e-06	0.00010232832510424	1.50643246663252e-05
minversion2	1.58686109967673e-06	9.88276079979014e-05	1.50643246663252e-05
Master_msaldodolares_delta1	1.25100716541989e-06	2.33790737235246e-06	1.50643246663252e-05
mforex_sell	3.74589769113671e-07	1.10364080311634e-05	1.50643246663252e-05
ccajas_extracciones_delta1	4.45694676641223e-08	1.7813587988918e-05	1.50643246663252e-05
Master_status_delta1	2.30795341604176e-10	3.70052911668174e-06	1.50643246663252e-05
