fecha	cols	rows	boosting	objective	metric	first_metric_only	boost_from_average	feature_pre_filter	force_row_wise	verbosity	max_depth	min_gain_to_split	min_sum_hessian_in_leaf	lambda_l1	lambda_l2	max_bin	num_iterations	bagging_fraction	pos_bagging_fraction	neg_bagging_fraction	drop_rate	max_drop	skip_drop	extra_trees	seed	learning_rate	feature_fraction	coverage	leaf_size_log	prob_corte	estimulos	ganancia	iteracion_bayesiana
20221115 202232	589	2855205	gbdt	binary	custom	TRUE	TRUE	FALSE	TRUE	-100	-1	0	0.001	0	0	31	1064	1	1	1	0.1	50	0.5	FALSE	668111	0.0811822430456232	0.453560023661703	0.955780540176056	8.94661328299844	0.0016245241212952	16394	44412000	1
20221115 203713	589	2855205	gbdt	binary	custom	TRUE	TRUE	FALSE	TRUE	-100	-1	0	0.001	0	0	31	582	1	1	1	0.1	50	0.5	FALSE	668111	0.255653462525661	0.598551213374594	0.577054551128822	5.18376797789824	0.0194536435042423	18946	42508000	2
20221115 225748	589	2855205	gbdt	binary	custom	TRUE	TRUE	FALSE	TRUE	-100	-1	0	0.001	0	0	31	5919	1	1	1	0.1	50	0.5	FALSE	668111	0.00812936700924183	0.405327530149952	0.126973558304599	10.1940847272199	0.0167252976917684	16250	45420000	3
20221115 230347	589	2855205	gbdt	binary	custom	TRUE	TRUE	FALSE	TRUE	-100	-1	0	0.001	0	0	31	156	1	1	1	0.1	50	0.5	FALSE	668111	0.165072715432616	0.653351050868514	0.474160687880794	7.62604379437107	0.0173911882954022	19056	43408000	4
20221115 232519	589	2855205	gbdt	binary	custom	TRUE	TRUE	FALSE	TRUE	-100	-1	0	0.001	0	0	31	836	1	1	1	0.1	50	0.5	FALSE	668111	0.180495622000744	0.496291387910605	0.435323828367109	4.6021432580892	0.0229172236036276	17711	44498000	5
20221116 001341	589	2855205	gbdt	binary	custom	TRUE	TRUE	FALSE	TRUE	-100	-1	0	0.001	0	0	31	2221	1	1	1	0.1	50	0.5	FALSE	668111	0.0513140462886804	0.562435397852096	0.23872225125815	4.17090117909538	0.0178331489790951	20429	41782000	6
20221116 003304	589	2855205	gbdt	binary	custom	TRUE	TRUE	FALSE	TRUE	-100	-1	0	0.001	0	0	31	954	1	1	1	0.1	50	0.5	FALSE	668111	0.210307190762687	0.303482295339927	0.805742966521211	3.12848127898178	0.0225279678686997	17745	43150000	7
20221116 004954	589	2855205	gbdt	binary	custom	TRUE	TRUE	FALSE	TRUE	-100	-1	0	0.001	0	0	31	1133	1	1	1	0.1	50	0.5	FALSE	668111	0.131025737454111	0.821837469848106	0.392532570931508	6.79531818693795	0.0164897494510094	17897	43566000	8
20221116 010433	589	2855205	gbdt	binary	custom	TRUE	TRUE	FALSE	TRUE	-100	-1	0	0.001	0	0	31	2452	1	1	1	0.1	50	0.5	FALSE	668111	0.243763639821191	0.691446281698882	0.640943287762639	1.93851531133987	0.0205155060267403	15546	42028000	9
20221116 011107	589	2855205	gbdt	binary	custom	TRUE	TRUE	FALSE	TRUE	-100	-1	0	0.001	0	0	31	230	1	1	1	0.1	50	0.5	FALSE	668111	0.27766839633674	0.755141486236244	0.209394769521896	9.91069843774312	0.00537156227169874	18864	40592000	10
20221116 011301	589	2855205	gbdt	binary	custom	TRUE	TRUE	FALSE	TRUE	-100	-1	0	0.001	0	0	31	76	1	1	1	0.1	50	0.5	FALSE	668111	0.099820318713173	0.848309278656961	0.923459512418776	1.02757035141985	0.0211132189609208	20362	32956000	11
20221116 012845	589	2855205	gbdt	binary	custom	TRUE	TRUE	FALSE	TRUE	-100	-1	0	0.001	0	0	31	287	1	1	1	0.1	50	0.5	FALSE	668111	0.19703342858782	0.429501501811319	0.73996738724527	11.3181175705395	3.26648953293943e-05	14816	44768000	12
20221116 020313	589	2855205	gbdt	binary	custom	TRUE	TRUE	FALSE	TRUE	-100	-1	0	0.001	0	0	31	1000	1	1	1	0.1	50	0.5	FALSE	668111	0.0284461354273662	0.623593130795052	0.32564203492293	10.8844609299413	0.00592298427426083	16077	46166000	13
20221116 022040	589	2855205	gbdt	binary	custom	TRUE	TRUE	FALSE	TRUE	-100	-1	0	0.001	0	0	31	2923	1	1	1	0.1	50	0.5	FALSE	668111	0.146779658491723	0.740441318842932	0.087346574235562	2.51599812088534	0.0202115197272461	18018	41644000	14
20221116 023821	589	2855205	gbdt	binary	custom	TRUE	TRUE	FALSE	TRUE	-100	-1	0	0.001	0	0	31	577	1	1	1	0.1	50	0.5	FALSE	668111	0.0654901866491855	0.352740429964615	0.826538762116252	5.90626071106817	0.0260282788757474	15799	47282000	15
20221116 025037	589	2855205	gbdt	binary	custom	TRUE	TRUE	FALSE	TRUE	-100	-1	0	0.001	0	0	31	418	1	1	1	0.1	50	0.5	FALSE	668111	0.298459658112915	0.875999448850052	0.664959730363626	8.19489746783802	0.00339252542006863	15735	40450000	16
20221116 035502	589	2855205	gbdt	binary	custom	TRUE	TRUE	FALSE	TRUE	-100	-1	0	0.001	0	0	31	2891	1	1	1	0.1	50	0.5	FALSE	668111	0.0118946819517205	0.300534667460938	0.998562465118353	6.49734314003006	0.0221891928425643	17296	45568000	17
20221116 041357	589	2855205	gbdt	binary	custom	TRUE	TRUE	FALSE	TRUE	-100	-1	0	0.001	0	0	31	429	1	1	1	0.1	50	0.5	FALSE	668111	0.0606052688170215	0.300465579300639	0.526203067327917	11.9957110584096	0.000555864207993047	16214	45492000	18
20221116 042723	589	2855205	gbdt	binary	custom	TRUE	TRUE	FALSE	TRUE	-100	-1	0	0.001	0	0	31	480	1	1	1	0.1	50	0.5	FALSE	668111	0.110345824235795	0.300197769888548	0.986791668424453	5.98706453898115	0.0205062841078486	18181	44518000	19
20221116 054609	589	2855205	gbdt	binary	custom	TRUE	TRUE	FALSE	TRUE	-100	-1	0	0.001	0	0	31	2596	1	1	1	0.1	50	0.5	FALSE	668111	0.00910831704043908	0.356266179134179	0.713192083245402	7.30326472540628	0.0213673496793263	17318	45604000	20
20221116 060919	589	2855205	gbdt	binary	custom	TRUE	TRUE	FALSE	TRUE	-100	-1	0	0.001	0	0	31	693	1	1	1	0.1	50	0.5	FALSE	668111	0.0584844568029871	0.300846176931178	0.603417128015452	6.57875137210787	0.0222754474160478	17040	46160000	21
20221116 064630	589	2855205	gbdt	binary	custom	TRUE	TRUE	FALSE	TRUE	-100	-1	0	0.001	0	0	31	885	1	1	1	0.1	50	0.5	FALSE	668111	0.0457845126167592	0.576885367932161	0.794304697176477	5.97258829492345	0.0248023975376027	16597	45286000	22
20221116 125523	589	2855205	gbdt	binary	custom	TRUE	TRUE	FALSE	TRUE	-100	-1	0	0.001	0	0	31	719	1	1	1	0.1	50	0.5	FALSE	668111	0.047301832479245	0.300107785657125	0.78932608647297	5.57024762800521	0.0237533484550434	16909	45542000	23
20221116 135840	589	2855205	gbdt	binary	custom	TRUE	TRUE	FALSE	TRUE	-100	-1	0	0.001	0	0	31	937	1	1	1	0.1	50	0.5	FALSE	668111	0.0116558862794001	0.528745683561038	0.999648847393436	11.9442460018562	0.00580914873103082	16937	45246000	24
20221116 141315	589	2855205	gbdt	binary	custom	TRUE	TRUE	FALSE	TRUE	-100	-1	0	0.001	0	0	31	447	1	1	1	0.1	50	0.5	FALSE	668111	0.0694695446187377	0.32284942337623	0.998042873535963	6.02803667336368	0.0229684849838565	17384	44832000	25
20221116 153323	589	2855205	gbdt	binary	custom	TRUE	TRUE	FALSE	TRUE	-100	-1	0	0.001	0	0	31	2954	1	1	1	0.1	50	0.5	FALSE	668111	0.00593330219637122	0.383746739844888	0.500290009530019	5.61276300357377	0.0190242752959558	19067	43786000	26
20221116 154231	589	2855205	gbdt	binary	custom	TRUE	TRUE	FALSE	TRUE	-100	-1	0	0.001	0	0	31	236	1	1	1	0.1	50	0.5	FALSE	668111	0.142753936304448	0.347644674089585	0.979362549878488	3.60208081768552	0.0225160844836461	18097	43646000	27
20221116 160650	589	2855205	gbdt	binary	custom	TRUE	TRUE	FALSE	TRUE	-100	-1	0	0.001	0	0	31	825	1	1	1	0.1	50	0.5	FALSE	668111	0.0982805382816613	0.393326836973814	0.742866468340348	6.51395341275124	0.0197917163594148	17786	44508000	28
20221116 181845	589	2855205	gbdt	binary	custom	TRUE	TRUE	FALSE	TRUE	-100	-1	0	0.001	0	0	31	2858	1	1	1	0.1	50	0.5	FALSE	668111	0.00517497664151447	0.36900920843636	0.838358563516784	11.8545336851112	0.00375260271221215	15899	45962000	29
20221116 203619	589	2855205	gbdt	binary	custom	TRUE	TRUE	FALSE	TRUE	-100	-1	0	0.001	0	0	31	5302	1	1	1	0.1	50	0.5	FALSE	668111	0.00525098127962118	0.356427583028599	0.842736114335396	6.61286146832704	0.0214126316133481	17588	45064000	30
20221116 210851	589	2855205	gbdt	binary	custom	TRUE	TRUE	FALSE	TRUE	-100	-1	0	0.001	0	0	31	1022	1	1	1	0.1	50	0.5	FALSE	668111	0.0625877051434027	0.39312888878033	0.75884551656142	8.41469365847111	0.00928814948635788	15820	46440000	31
20221116 213912	589	2855205	gbdt	binary	custom	TRUE	TRUE	FALSE	TRUE	-100	-1	0	0.001	0	0	31	449	1	1	1	0.1	50	0.5	FALSE	668111	0.0251394849335028	0.460735239950794	0.693234338319717	11.9998023192464	0.00542016697948372	16817	45246000	32
20221116 225156	589	2855205	gbdt	binary	custom	TRUE	TRUE	FALSE	TRUE	-100	-1	0	0.001	0	0	31	2314	1	1	1	0.1	50	0.5	FALSE	668111	0.00960539290545025	0.661466541800805	0.240848990672771	11.9979280845488	0.00382584179525133	15842	46316000	33
20221116 235514	589	2855205	gbdt	binary	custom	TRUE	TRUE	FALSE	TRUE	-100	-1	0	0.001	0	0	31	1266	1	1	1	0.1	50	0.5	FALSE	668111	0.0157821303319091	0.678453807233471	0.608451488058708	11.976223342408	0.000877508178404959	15835	45690000	34
20221117 012501	589	2855205	gbdt	binary	custom	TRUE	TRUE	FALSE	TRUE	-100	-1	0	0.001	0	0	31	2947	1	1	1	0.1	50	0.5	FALSE	668111	0.00950436237794244	0.300053339512101	0.425394691087831	11.1602078401027	0.00276664240652857	17343	45714000	35
20221117 021021	589	2855205	gbdt	binary	custom	TRUE	TRUE	FALSE	TRUE	-100	-1	0	0.001	0	0	31	2286	1	1	1	0.1	50	0.5	FALSE	668111	0.0667718512383634	0.347643512604189	0.749715846997003	2.39029034533526	0.0218593165130987	18422	41716000	36
20221117 023722	589	2855205	gbdt	binary	custom	TRUE	TRUE	FALSE	TRUE	-100	-1	0	0.001	0	0	31	886	1	1	1	0.1	50	0.5	FALSE	668111	0.0690978141175489	0.357031530660842	0.489741228357243	8.91766533237036	0.00941337315610282	16191	45938000	37
20221117 025657	589	2855205	gbdt	binary	custom	TRUE	TRUE	FALSE	TRUE	-100	-1	0	0.001	0	0	31	874	1	1	1	0.1	50	0.5	FALSE	668111	0.0646429113139229	0.894470037682331	0.155273424602498	11.5886773371575	0.0016888215377702	17491	43258000	38
20221117 031310	589	2855205	gbdt	binary	custom	TRUE	TRUE	FALSE	TRUE	-100	-1	0	0.001	0	0	31	413	1	1	1	0.1	50	0.5	FALSE	668111	0.129853376964018	0.300041757374603	0.863015606505543	10.0211621452664	0.0012911686486583	14995	44650000	39
20221117 034014	589	2855205	gbdt	binary	custom	TRUE	TRUE	FALSE	TRUE	-100	-1	0	0.001	0	0	31	549	1	1	1	0.1	50	0.5	FALSE	668111	0.0615204881496314	0.397187737691654	0.985832015850718	11.217308762391	0.000592443470548854	14769	45822000	40
20221117 084316	589	2855205	gbdt	binary	custom	TRUE	TRUE	FALSE	TRUE	-100	-1	0	0.001	0	0	31	9689	1	1	1	0.1	50	0.5	FALSE	668111	0.00724225995233129	0.585005283814768	0.902013951716064	9.05035894165256	0.00170262419813726	17504	45152000	41
20221117 090722	589	2855205	gbdt	binary	custom	TRUE	TRUE	FALSE	TRUE	-100	-1	0	0.001	0	0	31	982	1	1	1	0.1	50	0.5	FALSE	668111	0.0745385313516876	0.352681044017557	0.306678770768471	5.85976345785336	0.024276518017429	17178	45004000	42
20221117 091411	589	2855205	gbdt	binary	custom	TRUE	TRUE	FALSE	TRUE	-100	-1	0	0.001	0	0	31	103	1	1	1	0.1	50	0.5	FALSE	668111	0.180276850263209	0.301036628629055	0.998227628117413	6.25601148176812	0.0202172163392129	17813	44614000	43
20221117 103147	589	2855205	gbdt	binary	custom	TRUE	TRUE	FALSE	TRUE	-100	-1	0	0.001	0	0	31	3177	1	1	1	0.1	50	0.5	FALSE	668111	0.0125020245306128	0.899985221316918	0.306015542099509	10.2534097761552	0.00667712172880734	16628	45864000	44
20221117 105202	589	2855205	gbdt	binary	custom	TRUE	TRUE	FALSE	TRUE	-100	-1	0	0.001	0	0	31	725	1	1	1	0.1	50	0.5	FALSE	668111	0.0654452298957136	0.309748882688117	0.760607568690683	6.12108655425656	0.0212733451928799	17671	45458000	45
20221117 110604	589	2855205	gbdt	binary	custom	TRUE	TRUE	FALSE	TRUE	-100	-1	0	0.001	0	0	31	354	1	1	1	0.1	50	0.5	FALSE	668111	0.0570839412441728	0.374043839961261	0.765179780592109	6.30597145487464	0.0198782485558904	18540	44200000	46
20221117 111625	589	2855205	gbdt	binary	custom	TRUE	TRUE	FALSE	TRUE	-100	-1	0	0.001	0	0	31	267	1	1	1	0.1	50	0.5	FALSE	668111	0.223649435778302	0.350828789676496	0.826750865959928	5.48872699748389	0.0207083954516843	17620	44440000	47
20221117 120139	589	2855205	gbdt	binary	custom	TRUE	TRUE	FALSE	TRUE	-100	-1	0	0.001	0	0	31	1674	1	1	1	0.1	50	0.5	FALSE	668111	0.0781634011844572	0.349149803545715	0.894823580406843	7.71689578826575	0.00527224837851336	16781	45078000	48
20221117 140456	589	2855205	gbdt	binary	custom	TRUE	TRUE	FALSE	TRUE	-100	-1	0	0.001	0	0	31	4006	1	1	1	0.1	50	0.5	FALSE	668111	0.0108689149239412	0.387252803755147	0.640746598274215	9.71795304789191	0.00349015047627079	17511	45698000	49
20221117 181250	589	2855205	gbdt	binary	custom	TRUE	TRUE	FALSE	TRUE	-100	-1	0	0.001	0	0	31	9747	1	1	1	0.1	50	0.5	FALSE	668111	0.00982007246352637	0.300103112900898	0.453078116892088	8.28767760257794	0.012636262788107	15509	46742000	50
20221117 200944	589	2855205	gbdt	binary	custom	TRUE	TRUE	FALSE	TRUE	-100	-1	0	0.001	0	0	31	1463	1	1	1	0.1	50	0.5	FALSE	668111	0.0189610277823191	0.636616695809001	0.786729829409313	11.9772712696473	0.000166514606304827	16283	45994000	51
20221117 203735	589	2855205	gbdt	binary	custom	TRUE	TRUE	FALSE	TRUE	-100	-1	0	0.001	0	0	31	622	1	1	1	0.1	50	0.5	FALSE	668111	0.100169297280692	0.411301207489037	0.483485627864719	8.69984709651439	0.00841449218410758	18687	42946000	52
20221117 215206	589	2855205	gbdt	binary	custom	TRUE	TRUE	FALSE	TRUE	-100	-1	0	0.001	0	0	31	2550	1	1	1	0.1	50	0.5	FALSE	668111	0.0218757372663283	0.355210335646962	0.164788245911627	11.4056071762135	0.00204766720825952	19026	43388000	53
20221117 233250	589	2855205	gbdt	binary	custom	TRUE	TRUE	FALSE	TRUE	-100	-1	0	0.001	0	0	31	3180	1	1	1	0.1	50	0.5	FALSE	668111	0.0113246476100502	0.649549546874897	0.510456741329309	10.7258826213729	0.00192043736030262	15787	46746000	54
20221117 234700	589	2855205	gbdt	binary	custom	TRUE	TRUE	FALSE	TRUE	-100	-1	0	0.001	0	0	31	225	1	1	1	0.1	50	0.5	FALSE	668111	0.085090388963214	0.646479235656481	0.406583626164101	11.6694899546338	0.00291870195120113	16397	44486000	55
20221118 050850	589	2855205	gbdt	binary	custom	TRUE	TRUE	FALSE	TRUE	-100	-1	0	0.001	0	0	31	9712	1	1	1	0.1	50	0.5	FALSE	668111	0.00537560175181922	0.632044899436017	0.69898669445325	9.57863296865594	0.00241483909525698	16565	46230000	56
20221118 094044	589	2855205	gbdt	binary	custom	TRUE	TRUE	FALSE	TRUE	-100	-1	0	0.001	0	0	31	9983	1	1	1	0.1	50	0.5	FALSE	668111	0.00509306831280415	0.666658057558266	0.318263118092577	9.88824035901912	0.00713095183507115	16260	46280000	57
20221118 122815	589	2855205	gbdt	binary	custom	TRUE	TRUE	FALSE	TRUE	-100	-1	0	0.001	0	0	31	2601	1	1	1	0.1	50	0.5	FALSE	668111	0.00520723140429888	0.660800666225215	0.812102408871533	10.7348671426302	0.00984493133629563	17070	45700000	58
20221118 125831	589	2855205	gbdt	binary	custom	TRUE	TRUE	FALSE	TRUE	-100	-1	0	0.001	0	0	31	843	1	1	1	0.1	50	0.5	FALSE	668111	0.0503854674565013	0.347324675015964	0.721836116683386	5.58348763532774	0.0224847856539805	17596	46008000	59
20221118 161610	589	2855205	gbdt	binary	custom	TRUE	TRUE	FALSE	TRUE	-100	-1	0	0.001	0	0	31	8797	1	1	1	0.1	50	0.5	FALSE	668111	0.00509743696814228	0.639212062367061	0.169990685127738	10.0799010756559	0.013914635539432	16905	45870000	60
20221118 164224	589	2855205	gbdt	binary	custom	TRUE	TRUE	FALSE	TRUE	-100	-1	0	0.001	0	0	31	704	1	1	1	0.1	50	0.5	FALSE	668111	0.086215707329054	0.356327940911849	0.925985443455339	5.63774884368066	0.0203390946313299	18656	45168000	61
20221118 180913	589	2855205	gbdt	binary	custom	TRUE	TRUE	FALSE	TRUE	-100	-1	0	0.001	0	0	31	3274	1	1	1	0.1	50	0.5	FALSE	668111	0.0272545207524261	0.61252720488739	0.398531311094506	9.29318820924583	0.00373664464416687	16403	45194000	62
20221118 182407	589	2855205	gbdt	binary	custom	TRUE	TRUE	FALSE	TRUE	-100	-1	0	0.001	0	0	31	397	1	1	1	0.1	50	0.5	FALSE	668111	0.0681739140389197	0.301262230449805	0.698775113669649	5.83846116781328	0.0211517990344782	17932	45176000	63
20221118 184617	589	2855205	gbdt	binary	custom	TRUE	TRUE	FALSE	TRUE	-100	-1	0	0.001	0	0	31	190	1	1	1	0.1	50	0.5	FALSE	668111	0.0621032612659279	0.397547013813031	0.787373383674466	11.2434736843159	0.00781674469101124	18362	43436000	64
20221118 194802	589	2855205	gbdt	binary	custom	TRUE	TRUE	FALSE	TRUE	-100	-1	0	0.001	0	0	31	845	1	1	1	0.1	50	0.5	FALSE	668111	0.0224994585026393	0.803328942946857	0.471179724906199	11.7897788590551	0.00178596384450157	16409	45502000	65
20221118 200142	589	2855205	gbdt	binary	custom	TRUE	TRUE	FALSE	TRUE	-100	-1	0	0.001	0	0	31	232	1	1	1	0.1	50	0.5	FALSE	668111	0.185547254170487	0.461624782659346	0.341996654241916	7.57805662734015	0.0192268095429969	18413	44534000	66
20221118 202311	589	2855205	gbdt	binary	custom	TRUE	TRUE	FALSE	TRUE	-100	-1	0	0.001	0	0	31	719	1	1	1	0.1	50	0.5	FALSE	668111	0.140516938761836	0.615756707408745	0.845957521901792	6.00536117992341	0.0204134277618483	17520	43920000	67
20221118 204552	589	2855205	gbdt	binary	custom	TRUE	TRUE	FALSE	TRUE	-100	-1	0	0.001	0	0	31	306	1	1	1	0.1	50	0.5	FALSE	668111	0.133537495414914	0.75916487436695	0.989944546638301	10.024287475965	0.00110891027624684	17668	43944000	68
20221118 210014	589	2855205	gbdt	binary	custom	TRUE	TRUE	FALSE	TRUE	-100	-1	0	0.001	0	0	31	554	1	1	1	0.1	50	0.5	FALSE	668111	0.233215398651466	0.791111992199812	0.735522606527526	5.36615401249379	0.0232023573857207	16643	45034000	69
20221118 212848	589	2855205	gbdt	binary	custom	TRUE	TRUE	FALSE	TRUE	-100	-1	0	0.001	0	0	31	372	1	1	1	0.1	50	0.5	FALSE	668111	0.0910818052222789	0.729192409486184	0.594077887729742	11.084523726115	0.000802884728013372	15798	45604000	70
20221118 214155	589	2855205	gbdt	binary	custom	TRUE	TRUE	FALSE	TRUE	-100	-1	0	0.001	0	0	31	140	1	1	1	0.1	50	0.5	FALSE	668111	0.212723044474152	0.704883426622069	0.472582869189524	10.4005510598498	0.00407873867774938	17420	40920000	71
20221118 221745	589	2855205	gbdt	binary	custom	TRUE	TRUE	FALSE	TRUE	-100	-1	0	0.001	0	0	31	809	1	1	1	0.1	50	0.5	FALSE	668111	0.110426640969672	0.519712100231415	0.717062978555355	7.10777570058033	0.0174285303818148	16351	44658000	72
20221118 223151	589	2855205	gbdt	binary	custom	TRUE	TRUE	FALSE	TRUE	-100	-1	0	0.001	0	0	31	170	1	1	1	0.1	50	0.5	FALSE	668111	0.0865983823506755	0.686977696918929	0.244292858412489	11.4999159734945	0.00999269255868159	16902	44756000	73
20221118 224835	589	2855205	gbdt	binary	custom	TRUE	TRUE	FALSE	TRUE	-100	-1	0	0.001	0	0	31	357	1	1	1	0.1	50	0.5	FALSE	668111	0.1878254814585	0.300354926175345	0.499518966530799	8.39820743016689	0.0118747003021354	17174	44052000	74
20221118 231212	589	2855205	gbdt	binary	custom	TRUE	TRUE	FALSE	TRUE	-100	-1	0	0.001	0	0	31	273	1	1	1	0.1	50	0.5	FALSE	668111	0.0640634421282879	0.421821656061849	0.737878959507728	10.4235140065853	0.00925599839478587	16441	46238000	75
20221118 233247	589	2855205	gbdt	binary	custom	TRUE	TRUE	FALSE	TRUE	-100	-1	0	0.001	0	0	31	1185	1	1	1	0.1	50	0.5	FALSE	668111	0.0431022743253619	0.866335714837583	0.494887147562066	4.66379504694557	0.0222649389865138	17914	43932000	76
20221118 235638	589	2855205	gbdt	binary	custom	TRUE	TRUE	FALSE	TRUE	-100	-1	0	0.001	0	0	31	549	1	1	1	0.1	50	0.5	FALSE	668111	0.167946069452504	0.45639329683464	0.915316398719617	5.93995447251434	0.0158243326985813	20485	42230000	77
20221119 002000	589	2855205	gbdt	binary	custom	TRUE	TRUE	FALSE	TRUE	-100	-1	0	0.001	0	0	31	799	1	1	1	0.1	50	0.5	FALSE	668111	0.250665563410064	0.519253685674025	0.292446362129832	2.92625900245714	0.0224762391161596	16806	41428000	78
20221119 003606	589	2855205	gbdt	binary	custom	TRUE	TRUE	FALSE	TRUE	-100	-1	0	0.001	0	0	31	138	1	1	1	0.1	50	0.5	FALSE	668111	0.258974661318839	0.610508633574844	0.931969630398892	10.1853326654832	0.00215248370641258	15830	43060000	79
20221119 005030	589	2855205	gbdt	binary	custom	TRUE	TRUE	FALSE	TRUE	-100	-1	0	0.001	0	0	31	543	1	1	1	0.1	50	0.5	FALSE	668111	0.217120380654099	0.305536347081838	0.0532481738924398	3.69237634799164	0.0197649432867897	18541	39638000	80
20221119 011623	589	2855205	gbdt	binary	custom	TRUE	TRUE	FALSE	TRUE	-100	-1	0	0.001	0	0	31	576	1	1	1	0.1	50	0.5	FALSE	668111	0.0860407541630906	0.362843394903	0.266547086551948	10.2355734030355	0.00637543199986708	16882	44476000	81
20221119 013243	589	2855205	gbdt	binary	custom	TRUE	TRUE	FALSE	TRUE	-100	-1	0	0.001	0	0	31	1583	1	1	1	0.1	50	0.5	FALSE	668111	0.238719882791258	0.873156817631191	0.708497383850405	2.02819445578288	0.0205179805822428	18168	41504000	82
20221119 021753	589	2855205	gbdt	binary	custom	TRUE	TRUE	FALSE	TRUE	-100	-1	0	0.001	0	0	31	751	1	1	1	0.1	50	0.5	FALSE	668111	0.0632725135919822	0.572476515197158	0.620790108058321	9.6727378255794	0.0034761082189625	16199	45602000	83
20221119 032910	589	2855205	gbdt	binary	custom	TRUE	TRUE	FALSE	TRUE	-100	-1	0	0.001	0	0	31	2162	1	1	1	0.1	50	0.5	FALSE	668111	0.0399544483337645	0.336259455299824	0.559903002015038	7.98316123958433	0.0132569354861721	15928	46224000	84
20221119 040237	589	2855205	gbdt	binary	custom	TRUE	TRUE	FALSE	TRUE	-100	-1	0	0.001	0	0	31	1391	1	1	1	0.1	50	0.5	FALSE	668111	0.0730211223898826	0.623721117181043	0.836631748714968	5.7675218464297	0.0176228211230084	19343	43954000	85
20221119 042856	589	2855205	gbdt	binary	custom	TRUE	TRUE	FALSE	TRUE	-100	-1	0	0.001	0	0	31	572	1	1	1	0.1	50	0.5	FALSE	668111	0.0654628442780726	0.341979933483082	0.706827515340749	8.87404019593792	0.0137604963052712	15269	45942000	86
20221119 052907	589	2855205	gbdt	binary	custom	TRUE	TRUE	FALSE	TRUE	-100	-1	0	0.001	0	0	31	1523	1	1	1	0.1	50	0.5	FALSE	668111	0.0183988186448659	0.42969936226253	0.73622801294164	9.19691872702517	0.013346501108511	16008	46624000	87
20221119 061909	589	2855205	gbdt	binary	custom	TRUE	TRUE	FALSE	TRUE	-100	-1	0	0.001	0	0	31	962	1	1	1	0.1	50	0.5	FALSE	668111	0.0521693878161531	0.581796092736811	0.746272212660356	9.12067394833547	0.00573834575882922	15602	46316000	88
20221119 072420	589	2855205	gbdt	binary	custom	TRUE	TRUE	FALSE	TRUE	-100	-1	0	0.001	0	0	31	1609	1	1	1	0.1	50	0.5	FALSE	668111	0.0167630260303377	0.301787524630702	0.501271206200746	9.52833317728948	0.0144057759011827	16208	46784000	89
20221119 083501	589	2855205	gbdt	binary	custom	TRUE	TRUE	FALSE	TRUE	-100	-1	0	0.001	0	0	31	2295	1	1	1	0.1	50	0.5	FALSE	668111	0.0475156703107536	0.300188402048676	0.390039795625755	8.81590007627315	0.00634853645317714	16167	44786000	90
20221119 133446	589	2855205	gbdt	binary	custom	TRUE	TRUE	FALSE	TRUE	-100	-1	0	0.001	0	0	31	6126	1	1	1	0.1	50	0.5	FALSE	668111	0.00516530090179902	0.723129074760122	0.552042695150093	9.95577231514605	0.00647988769376906	15756	47288000	91
20221119 171952	589	2855205	gbdt	binary	custom	TRUE	TRUE	FALSE	TRUE	-100	-1	0	0.001	0	0	31	5425	1	1	1	0.1	50	0.5	FALSE	668111	0.00535137903753167	0.649767732766245	0.562071028532299	10.1972988628968	0.00530419216596807	16196	46488000	92
20221119 223436	589	2855205	gbdt	binary	custom	TRUE	TRUE	FALSE	TRUE	-100	-1	0	0.001	0	0	31	9178	1	1	1	0.1	50	0.5	FALSE	668111	0.00507115952214104	0.738185142843336	0.518704751358114	9.58790602578218	0.00467323185837561	16995	45850000	93
20221120 003851	589	2855205	gbdt	binary	custom	TRUE	TRUE	FALSE	TRUE	-100	-1	0	0.001	0	0	31	1979	1	1	1	0.1	50	0.5	FALSE	668111	0.00684619317989576	0.727234648079949	0.549101196526627	11.033576783638	0.00976786929611697	15473	46814000	94
20221120 061534	589	2855205	gbdt	binary	custom	TRUE	TRUE	FALSE	TRUE	-100	-1	0	0.001	0	0	31	7891	1	1	1	0.1	50	0.5	FALSE	668111	0.00508991684429477	0.715516712199935	0.636240675690999	10.1698082639495	0.00199303383398537	16502	46436000	95
20221120 105018	589	2855205	gbdt	binary	custom	TRUE	TRUE	FALSE	TRUE	-100	-1	0	0.001	0	0	31	7430	1	1	1	0.1	50	0.5	FALSE	668111	0.00507411371084391	0.710000602913173	0.496809147394402	10.2353662785335	0.00313748946300942	17122	45356000	96
20221120 125009	589	2855205	gbdt	binary	custom	TRUE	TRUE	FALSE	TRUE	-100	-1	0	0.001	0	0	31	2890	1	1	1	0.1	50	0.5	FALSE	668111	0.0309565812538982	0.417928592108125	0.982349567779797	9.72116635244116	0.000143850337271119	17863	44994000	97
20221120 173407	589	2855205	gbdt	binary	custom	TRUE	TRUE	FALSE	TRUE	-100	-1	0	0.001	0	0	31	5916	1	1	1	0.1	50	0.5	FALSE	668111	0.00770615163517203	0.322977828473941	0.545334679906704	9.14313010961571	0.00923158662460978	16904	45952000	98
20221120 190313	589	2855205	gbdt	binary	custom	TRUE	TRUE	FALSE	TRUE	-100	-1	0	0.001	0	0	31	3868	1	1	1	0.1	50	0.5	FALSE	668111	0.0108986193829946	0.776227265542507	0.575709879021979	9.81969649503853	0.00375623156314086	16345	46270000	99
20221120 200939	589	2855205	gbdt	binary	custom	TRUE	TRUE	FALSE	TRUE	-100	-1	0	0.001	0	0	31	3742	1	1	1	0.1	50	0.5	FALSE	668111	0.016832178045013	0.713854337446176	0.562322380297353	8.50130362383607	0.00865768514169122	17652	44376000	100
20221120 203153	589	2855205	gbdt	binary	custom	TRUE	TRUE	FALSE	TRUE	-100	-1	0	0.001	0	0	31	660	1	1	1	0.1	50	0.5	FALSE	668111	0.091246957996524	0.458628468836045	0.716306540917555	9.64614610502793	0.00184649760490138	15509	45542000	101
20221120 230745	589	2855205	gbdt	binary	custom	TRUE	TRUE	FALSE	TRUE	-100	-1	0	0.001	0	0	31	3968	1	1	1	0.1	50	0.5	FALSE	668111	0.00605333655496862	0.576577022667102	0.51285894338195	11.8483315617359	0.00077743951964593	16141	46038000	102
20221121 015758	589	2855205	gbdt	binary	custom	TRUE	TRUE	FALSE	TRUE	-100	-1	0	0.001	0	0	31	3976	1	1	1	0.1	50	0.5	FALSE	668111	0.00559850432350909	0.579946496102822	0.735069619044748	10.6046179455996	0.00508330576019058	15414	46292000	103
20221121 040319	589	2855205	gbdt	binary	custom	TRUE	TRUE	FALSE	TRUE	-100	-1	0	0.001	0	0	31	1344	1	1	1	0.1	50	0.5	FALSE	668111	0.00533469677153888	0.52197908100384	0.876483800490183	11.9998388311387	0.0111973683145569	17453	45494000	104
20221121 055105	589	2855205	gbdt	binary	custom	TRUE	TRUE	FALSE	TRUE	-100	-1	0	0.001	0	0	31	2648	1	1	1	0.1	50	0.5	FALSE	668111	0.00721515527896263	0.767881896553936	0.30189778147469	11.895485000998	0.00371637717014485	16142	45716000	105
20221121 061736	589	2855205	gbdt	binary	custom	TRUE	TRUE	FALSE	TRUE	-100	-1	0	0.001	0	0	31	451	1	1	1	0.1	50	0.5	FALSE	668111	0.0401797356497009	0.718933962834376	0.723801310263784	11.4630407347817	0.00225026677133687	16525	44630000	106
20221121 145831	589	2855205	gbdt	binary	custom	TRUE	TRUE	FALSE	TRUE	-100	-1	0	0.001	0	0	31	4630	1	1	1	0.1	50	0.5	FALSE	668111	0.00982959879175592	0.446799355620656	0.560884575330008	10.0006640196016	0.00277905745288823	16859	45562000	107
20221121 152620	589	2855205	gbdt	binary	custom	TRUE	TRUE	FALSE	TRUE	-100	-1	0	0.001	0	0	31	771	1	1	1	0.1	50	0.5	FALSE	668111	0.0376051285817042	0.717200907726321	0.543301110509597	10.2324451984892	0.00523791248829029	16154	46892000	108
20221121 154924	589	2855205	gbdt	binary	custom	TRUE	TRUE	FALSE	TRUE	-100	-1	0	0.001	0	0	31	1091	1	1	1	0.1	50	0.5	FALSE	668111	0.083361056188851	0.303511299413744	0.833337302786723	5.69287607756465	0.0214935789920092	17542	45316000	109
20221121 182644	589	2855205	gbdt	binary	custom	TRUE	TRUE	FALSE	TRUE	-100	-1	0	0.001	0	0	31	3981	1	1	1	0.1	50	0.5	FALSE	668111	0.00506960277242785	0.61831253037439	0.588779249156704	11.2435720175921	0.00287444612649648	15911	46498000	110
20221121 190439	589	2855205	gbdt	binary	custom	TRUE	TRUE	FALSE	TRUE	-100	-1	0	0.001	0	0	31	744	1	1	1	0.1	50	0.5	FALSE	668111	0.0172862516851331	0.362644152641414	0.999400683334114	11.9957010554675	0.00462251357014071	16191	45698000	111
20221121 194239	589	2855205	gbdt	binary	custom	TRUE	TRUE	FALSE	TRUE	-100	-1	0	0.001	0	0	31	543	1	1	1	0.1	50	0.5	FALSE	668111	0.0441695461758124	0.595568383436609	0.702666277243757	11.8892250141364	0.000378185795998903	16791	44738000	112
20221122 002241	589	2855205	gbdt	binary	custom	TRUE	TRUE	FALSE	TRUE	-100	-1	0	0.001	0	0	31	8926	1	1	1	0.1	50	0.5	FALSE	668111	0.00533757894384789	0.550177981437376	0.753573952675777	9.30041204045538	0.00463247351558093	16045	46070000	113
20221122 005222	589	2855205	gbdt	binary	custom	TRUE	TRUE	FALSE	TRUE	-100	-1	0	0.001	0	0	31	1370	1	1	1	0.1	50	0.5	FALSE	668111	0.0413691612234209	0.311372874965004	0.512640016011147	9.91548953496307	0.00321873304595207	15592	46336000	114
20221122 013249	589	2855205	gbdt	binary	custom	TRUE	TRUE	FALSE	TRUE	-100	-1	0	0.001	0	0	31	1667	1	1	1	0.1	50	0.5	FALSE	668111	0.0207030689822078	0.726943423507268	0.576231974859411	10.1758452254467	0.00316936448932634	17134	45732000	115
20221122 014318	589	2855205	gbdt	binary	custom	TRUE	TRUE	FALSE	TRUE	-100	-1	0	0.001	0	0	31	441	1	1	1	0.1	50	0.5	FALSE	668111	0.0489189323347356	0.302638607023651	0.853054055492907	5.86937906967709	0.0196339002108313	18798	43604000	116
