Feature	Gain	Cover	Frequency
ctrx_quarter_normalizado	0.11140131171558	0.00416185284829398	0.00440272470510052
ctrx_quarter	0.0407921892118426	0.00551187999169049	0.0087028331851099
mpayroll_sobre_edad	0.0173806013063439	0.00392370492995874	0.00201323260654985
mcuentas_saldo	0.0165159537120595	0.00708658667349904	0.00755450876147103
mcaja_ahorro	0.0162325391274505	0.00340955225491607	0.00734927631128876
cpayroll_trx	0.0149674781558026	0.00235519585428263	0.00170049744436735
mpasivos_margen	0.0124616961701423	0.00629129159312194	0.00831191423238177
mprestamos_personales	0.0118748343002975	0.0100853786602171	0.0018666379992768
cdescubierto_preacordado_avg12	0.00992518505034801	0.00254868700804706	0.00102616225091133
mprestamos_personales_lag1	0.00978416163444672	0.00395578154012427	0.000987070355638517
mcomisiones_mantenimiento_tend6	0.00919352426587472	0.0052003558073532	0.00461284364219188
mtarjeta_visa_consumo	0.0081250409294091	0.00240673133417817	0.00351827057455313
numero_de_cliente	0.00743949536271891	0.0100983098272562	0.0119376875189351
mcomisiones_mantenimiento	0.00710430228049549	0.00349120656886653	0.0021696001876411
mcomisiones_avg12	0.00651139997969469	0.00333434779811268	0.00387987060582665
mcuenta_corriente_tend12	0.00647518335226137	0.00646660935084324	0.00662118976183263
mcuenta_corriente_avg12	0.00596352103792148	0.00895999142477394	0.00699256276692435
cliente_antiguedad	0.00591296748178583	0.00859218349689685	0.00848294127420033
mrentabilidad_annual_tend12	0.00590746673339412	0.00781192172776889	0.00837055207529099
ctrx_quarter_tend12	0.00590056371613629	0.00717413192931849	0.00707074655746997
ccomisiones_otras_tend12	0.00563447936298397	0.00636759988401002	0.00700722222765165
mcomisiones_otras_avg12	0.00532207251769414	0.003726824113869	0.00348406516618942
vm_status01	0.00489388558105696	0.00158659440403333	0.00040557841345543
azar	0.00487970373326262	0.00912912698820784	0.0104424225247501
mcuenta_corriente_avg6	0.00465405116643185	0.00677896813376828	0.00568298427528513
Master_Fvencimiento_avg12	0.00465171546763836	0.00478028851465512	0.00605435728037685
chomebanking_transacciones_tend12	0.00455875116661515	0.00368174745515286	0.00584423834328548
mcaja_ahorro_avg12	0.00449326273753498	0.00511272059668314	0.00663096273565083
Visa_mfinanciacion_limite_avg6	0.0043379491723326	0.00447130240957311	0.00580514644801267
mcuenta_corriente_tend6	0.00431651503720297	0.00671345505400849	0.00581491942183087
cmobile_app_trx_avg12	0.00429799296206462	0.00341072276882009	0.00542888695601185
Master_mfinanciacion_limite_avg12	0.00428331781425155	0.00435428829067351	0.00566832481455782
chomebanking_transacciones_avg12	0.00419891215475496	0.00436499354695119	0.00658209786655982
mrentabilidad_annual_delta1	0.00418558629123486	0.00670282339715405	0.00588333023855829
ctransferencias_recibidas_avg12	0.00418131842977053	0.00378493054397976	0.00608367620183146
mrentabilidad_annual_lag1	0.00417811803986572	0.00261619104656339	0.00307848675273399
mrentabilidad_annual_avg12	0.00413559908018916	0.00441216086962542	0.00567809778837603
cliente_edad_avg6	0.00406394659869363	0.00570845052645112	0.0062302708091045
mrentabilidad_annual_tend6	0.00405140333284712	0.00560868776637588	0.00660164381419622
thomebanking_avg12	0.00403915884853624	0.00481816847079489	0.0065283465105597
Visa_fechaalta	0.00392931219032589	0.0033092873517674	0.00506728692473833
Master_fechaalta_avg6	0.00391816366630287	0.00301678405768643	0.00443204362655512
mcomisiones_otras_avg6	0.00388446483239726	0.00272362104227973	0.00282927592036981
mpasivos_margen_avg12	0.00388157439318564	0.00479711950754296	0.00641595731165036
ctarjeta_debito_avg12	0.00386882936035105	0.00507638890191448	0.00509660584619294
mactivos_margen_tend12	0.00385408161220021	0.00364451668366925	0.00510149233310204
vm_msaldototal	0.00385107475454481	0.00216293245841807	0.00285859484182442
cmobile_app_trx_tend12	0.00381523957068346	0.00368016506755347	0.00440761119200962
mcuentas_saldo_tend6	0.00378583045030571	0.00328201168859395	0.00426590307164567
mcuentas_saldo_tend12	0.00378549944791863	0.00412125065707713	0.00472523284110122
ctransferencias_recibidas_avg6	0.00375987841181365	0.00339425505513664	0.00512592476764755
Master_mfinanciacion_limite	0.00375200337203426	0.0041786830548632	0.0059126491600129
mactivos_margen_tend6	0.00373358860608736	0.00435494832652669	0.00547775182510286
ccomisiones_mantenimiento_tend6	0.00373031626658885	0.00642052415985966	0.00213050829236828
mpayroll	0.00369079368814102	0.00226248684405788	0.00163697311454903
mtransferencias_recibidas_avg12	0.0036810186304595	0.00569724029635297	0.00598105997674032
mcaja_ahorro_tend12	0.00367201009403716	0.00259742429448642	0.00458352472073727
mrentabilidad_annual_avg6	0.00364740684552415	0.00685471011798319	0.00487182744837427
ccomisiones_otras_avg12	0.00361611346238604	0.00480336901070459	0.00644038974619587
cliente_edad	0.00358727587002588	0.00616035633203531	0.00571718968364884
Visa_Fvencimiento_avg6	0.00356337393447124	0.00542246078132579	0.005292065322557
mv_status07_avg6	0.00356107668253858	0.00171428814522344	0.000786724392365353
mtarjeta_visa_consumo_tend12	0.00355055640246943	0.00400966622554155	0.00350849760073493
mactivos_margen_avg12	0.00354928575051041	0.00444641857039083	0.00448579498255524
cliente_edad_avg12	0.00354715343497366	0.00582994697603625	0.00550707074655747
ctrx_quarter_avg12	0.00354167685243831	0.0055059731661853	0.00636220595565025
vm_mpagominimo_avg6	0.00354131897873411	0.00132860294889711	0.00250188129746
cliente_edad_tend12	0.00351801282688554	0.00579198209748506	0.00583446536946728
mcuentas_saldo_avg12	0.00351641584886169	0.00492994051795421	0.00597617348983122
mrentabilidad_tend12	0.00348062624736547	0.00759760980041729	0.00547775182510286
mcaja_ahorro_avg6	0.00345301413160703	0.0049994495116986	0.00593708159455841
Master_Fvencimiento	0.00344782824569918	0.00373210613059538	0.00488160042219247
mpasivos_margen_avg6	0.00339647743484395	0.00444257189968111	0.00688017356801501
ctransferencias_recibidas_tend12	0.00339493427187313	0.00329157929908609	0.00485228150073786
cliente_edad_lag1	0.00339365278234338	0.00533859644025007	0.00491091934364708
mactivos_margen_avg6	0.00337519532946116	0.00653263888467542	0.00429033550619118
vm_Fvencimiento_avg6	0.00336844437644087	0.00593668422504465	0.00460307066837368
ccomisiones_mantenimiento_avg12	0.00336585773219265	0.00704642655061274	0.00408021656909981
chomebanking_transacciones_avg6	0.00333094062741312	0.00300655704039601	0.00544354641673915
ctarjeta_visa_transacciones_tend12	0.00332575746267787	0.00185853405071725	0.00318598946473422
vm_Fvencimiento_lag1	0.00330462725289102	0.00461718385780531	0.00423169766328196
Master_Fvencimiento_avg6	0.00327341878208477	0.0035923798272899	0.00425613009782747
Master_fechaalta_lag1	0.00326228674614055	0.00368025722409623	0.00492557880437438
mactivos_margen	0.00323819863541763	0.00336210893440473	0.00395316790946317
mrentabilidad_tend6	0.00322262470121617	0.00306710782058204	0.00495001123891989
mpasivos_margen_tend12	0.00322174642530365	0.00333518507018376	0.00449556795637345
Visa_Fvencimiento	0.00321400188378554	0.00386793150720607	0.00521388153201138
Visa_cconsumos_avg6	0.00320919553867457	0.00259722173880882	0.00389453006655395
chomebanking_transacciones	0.00316585443673389	0.00351707629433987	0.00491580583055618
Master_fultimo_cierre_avg12	0.00315907611400324	0.00544360190112047	0.00458841120764638
mcaja_ahorro_dolares_avg12	0.00315820375407124	0.0042308949260393	0.00421703820255466
thomebanking_tend12	0.00313797012205477	0.00669185299423628	0.00538002208692083
Visa_mconsumospesos_tend6	0.00305093896840228	0.00275157781464549	0.00410464900364532
mcuenta_corriente	0.00305075306853469	0.00406567428577169	0.00443204362655512
Visa_Fvencimiento_lag1	0.00304336372906578	0.00299290670634316	0.00440761119200962
ccajas_consultas_tend6	0.00304320156216412	0.00805400485629093	0.00150992445491239
Visa_mpagado_avg6	0.00302651716377397	0.0022895692301135	0.00397760034400868
Visa_fechaalta_lag1	0.00302401421020928	0.00258762613537366	0.00347429219237122
Master_mfinanciacion_limite_tend12	0.00301274847064763	0.00291238296131061	0.00388475709273575
Master_Fvencimiento_lag1	0.00300753471006597	0.00353471719541067	0.00400203277855419
Master_mfinanciacion_limite_tend6	0.00299360124174781	0.0037039776262421	0.00385055168437204
mcomisiones_mantenimiento_tend12	0.00296414071408202	0.00485362137586912	0.00430988145382759
chomebanking_transacciones_tend6	0.00295733205838736	0.00264788739304224	0.00441249767891872
Visa_mlimitecompra_tend6	0.00295516257819192	0.00344907341528832	0.00377725438073551
mcuenta_corriente_lag1	0.00295373646275022	0.00354385987931827	0.00398737331782688
ccomisiones_otras_avg6	0.00295160540674976	0.00374010723712434	0.00600549241128583
Visa_mpagospesos_tend6	0.00295001850858539	0.00321105319509767	0.00432942740146399
Master_mfinanciacion_limite_delta1	0.00294645615605254	0.00250762969561051	0.00416817333346364
mcuentas_saldo_delta1	0.00293374773444781	0.00330568491162237	0.00387498411891755
mpasivos_margen_tend6	0.00290548151662963	0.00247438807577133	0.00396782737019048
mpasivos_margen_lag1	0.0029007348620569	0.00349907274311957	0.00629379513892282
mcaja_ahorro_lag1	0.0029000893262748	0.00239227785428254	0.00503796800328372
Visa_mlimitecompra_delta1	0.00289681720491293	0.00466051174390117	0.00464704905055559
mcomisiones	0.0028812373489724	0.00392114310388101	0.00411442197746352
ctrx_quarter_normalizado_tend6	0.00283693233988467	0.00343702732849262	0.00458841120764638
ctrx_quarter_lag1	0.0028341156957974	0.00388808438175383	0.00617163296619528
ccallcenter_transacciones_avg12	0.00283365630501926	0.00359348020157265	0.00386521114509934
ctrx_quarter_avg6	0.00281708390409512	0.00620327438886423	0.00602015187201314
Visa_msaldopesos_tend6	0.00281590220943235	0.00231498572153183	0.00351827057455313
mcomisiones_mantenimiento_avg12	0.00280649611263996	0.00419732871387204	0.00348895165309852
ctrx_quarter_delta1	0.00279273506112913	0.00248848786954979	0.00384077871055383
mactivos_margen_lag1	0.00278015155577826	0.00390070809821089	0.00345474624473481
ccomisiones_mantenimiento_tend12	0.00277907647819709	0.0122878071168114	0.00400691926546329
mautoservicio_avg12	0.00277849397180282	0.0025050971205856	0.00431476794073669
mrentabilidad_avg6	0.00275287474331106	0.00290354332460078	0.00320553541237063
mtransferencias_recibidas_avg6	0.00275016679461366	0.00218089417748756	0.00458352472073727
mrentabilidad_annual	0.00273982664663294	0.00324728046675304	0.00338633542800739
vm_Fvencimiento	0.0027378075020573	0.00315303011476108	0.004041124673827
ctrx_quarter_tend6	0.00273714402222922	0.0026133807438004	0.00441738416582782
mtransferencias_recibidas_tend12	0.00272887736631757	0.002926022129639	0.00384566519746294
Visa_cconsumos_tend6	0.00268079334728283	0.00252768302222044	0.00385543817128114
ccomisiones_otras_tend6	0.00267462073338665	0.00357042109338975	0.00453465985164626
mactivos_margen_delta1	0.00266881713659944	0.00371467344669628	0.00418771928110005
Master_mlimitecompra_tend12	0.00264954443811327	0.00215858018483298	0.00336190299346188
cproductos_tend6	0.00264304081568142	0.00296637741680783	0.0015587893240034
Visa_fechaalta_avg6	0.00259605376196398	0.00241954675511582	0.00329837866364356
Visa_mfinanciacion_limite_tend6	0.00258586834286518	0.00333040032135534	0.00340588137564379
mcuenta_corriente_delta1	0.00256014238248942	0.00631644734128447	0.00453465985164626
mcuentas_saldo_lag1	0.002552146275357	0.00401474379942563	0.00480341663164684
vm_mfinanciacion_limite_tend6	0.00254810374148393	0.00265935553564914	0.00356224895673505
vm_fechaalta_avg6	0.00254738520779423	0.00248768252201485	0.00325928676837075
mrentabilidad_delta1	0.00253243362743977	0.0032126181264236	0.00443204362655512
cprestamos_personales	0.00252214033955625	0.00365989534605815	0.000659675732728712
mextraccion_autoservicio_avg12	0.00248046399965273	0.00182242504138296	0.00353293003528044
mrentabilidad	0.00246609260906235	0.0029229680681025	0.00347429219237122
Visa_msaldopesos	0.00245881589294915	0.00192249446572164	0.0024774488629145
cproductos_tend12	0.00245545289511669	0.00709849484000805	0.00320553541237063
ctransferencias_emitidas_avg12	0.00245285249807214	0.00186829745454682	0.00336190299346188
cproductos_avg12	0.00243641647833299	0.00283898404933217	0.00412419495128173
vm_fechaalta_lag1	0.00243174304975924	0.00217011280556706	0.00350849760073493
Visa_mconsumospesos_avg6	0.00240301883357301	0.00198618360080068	0.00329837866364356
mcuentas_saldo_avg6	0.00239731599379112	0.00246697796632034	0.00468614094582841
mcomisiones_otras_tend6	0.00235838420217149	0.0027656494582172	0.00317133000400692
mcomisiones_delta1	0.00234853768973097	0.00408777943219968	0.00408021656909981
ctarjeta_visa_debitos_automaticos_tend12	0.00234256006878015	0.00332553536802725	0.00261427049636934
vmr_msaldopesos2_avg6	0.00233474833115779	0.00200366173391627	0.00385055168437204
vmr_msaldototal_lag1	0.00233436292667237	0.00112661389249695	0.00148549202036688
chomebanking_transacciones_lag1	0.00232999898819994	0.00196644841870611	0.00388964357964485
vmr_mpagominimo_avg6	0.00232724012241383	0.00181984796072392	0.00239926507236887
Visa_mpagominimo_avg6	0.00231538414815258	0.00177594480392258	0.00289768673709723
ctransferencias_recibidas_tend6	0.00230730937290157	0.00286012485459941	0.00313223810873411
mcaja_ahorro_dolares_tend12	0.00227511696163089	0.00432928194304958	0.00260938400946024
mcaja_ahorro_tend6	0.00227120040132305	0.00194702461878674	0.00339610840182559
mtransferencias_recibidas_tend6	0.00226096654555263	0.0024430729365615	0.00320064892546153
mttarjeta_visa_debitos_automaticos_avg6	0.00225331718058971	0.00111507608205994	0.00204743801491356
mcuenta_debitos_automaticos_tend12	0.00224728406544225	0.0037002633715887	0.00189107043382231
mrentabilidad_avg12	0.00223773082628541	0.0024052503816813	0.00312735162182501
mcomisiones_tend12	0.00223549521480974	0.00235693409023335	0.00337656245418919
mttarjeta_visa_debitos_automaticos_avg12	0.00223178168015562	0.00109965385761926	0.00246767588909629
vmr_msaldopesos2_tend6	0.00221365685683082	0.00370960908296508	0.00335701650655278
mcomisiones_otras_lag1	0.00220818196603803	0.00223742356696556	0.0037430489723718
mcomisiones_avg6	0.00220066089244585	0.00219338013092165	0.00250188129746
mpasivos_margen_delta1	0.00218615656750827	0.00265855003085048	0.00329349217673446
mprestamos_personales_tend12	0.00217582430436287	0.00744041306991875	0.00190084340764051
mttarjeta_visa_debitos_automaticos_tend12	0.00217412601994091	0.00236840726527944	0.00238949209855067
mtransferencias_emitidas_tend12	0.00215873482995704	0.00227343523005417	0.00238460561164157
cmobile_app_trx_avg6	0.00214199669617927	0.00311499446753372	0.0034352002970984
mrentabilidad_lag1	0.00212722015758587	0.00201505564804503	0.0031029191872795
Master_Fvencimiento_tend12	0.00211740833405571	0.00373829508722295	0.00346451921855301
ctarjeta_visa_transacciones_avg12	0.00210891969129676	0.00292515214671315	0.00362577328655337
mcomisiones_otras_tend12	0.00210129962405672	0.00194839517214877	0.00308825972655219
mcaja_ahorro_dolares	0.00209664680824367	0.00313471062071757	0.0028048434858243
mautoservicio_avg6	0.00206838429580905	0.00229190915707547	0.00382611924982653
vmr_mpagado_avg6	0.00206120060509223	0.00279660131822263	0.00275109212982418
cproductos_avg6	0.00206042299028264	0.00407257203000713	0.00394828142255407
mcomisiones_mantenimiento_avg6	0.00205110655448955	0.00256050018726626	0.00272665969527868
Master_fultimo_cierre_tend12	0.00204100301600273	0.00867507972248242	0.00370884356400809
thomebanking_avg6	0.00201848192077066	0.00216414024382488	0.00324951379455254
mcomisiones_tend6	0.00200209907746543	0.00216100424788774	0.00302962188364297
vmr_msaldopesos2	0.00199602012009577	0.00171934008512037	0.00313712459564321
tcallcenter_tend6	0.00199132964240982	0.00325131396676787	0.00108480009382055
cextraccion_autoservicio_tend12	0.00198387337974045	0.00267915346596992	0.00253120021891461
Master_mpagospesos_tend12	0.00194870571799155	0.00423122942598204	0.00241392453309618
Visa_mconsumospesos	0.00190755224247741	0.00138724627736449	0.00335213001964368
mcuenta_debitos_automaticos	0.00186321971138711	0.00171584678600038	0.000972410894911213
mtransferencias_recibidas	0.00186054042298493	0.00218554289319398	0.0031078056741886
mtransferencias_emitidas_avg6	0.00185963588703966	0.00163304413233109	0.00334235704582547
cproductos	0.00183215949647041	0.00259241056967463	0.00228198938655043
vm_status04_tend6	0.0018313437535464	0.00277603452555108	0.000669448706546915
ccallcenter_transacciones_tend12	0.00182975035957116	0.00475478175385873	0.00246278940218719
Master_msaldopesos_tend12	0.00181922960630399	0.00396429626997857	0.00222335154364121
mcaja_ahorro_delta1	0.00181832825645455	0.00219596019959146	0.00304428134437028
tcallcenter_avg12	0.00180237132108899	0.00164099003929263	0.00191550286836782
ccaja_ahorro	0.0017779365440094	0.00217204384684444	0.000850248722183673
vmr_msaldototal	0.00176217867124618	0.00107310050673403	0.00201811909345895
mttarjeta_visa_debitos_automaticos_tend6	0.00174912393689279	0.00182880475890876	0.00189595692073141
Visa_mpagospesos_lag1	0.00174799577984377	0.00209295686320207	0.00324462730764344
Visa_mpagominimo_lag1	0.00174667829256204	0.00178728131679178	0.00269245428691497
vmr_mpagominimo	0.00173410557566782	0.000964124608602454	0.0018666379992768
vm_cconsumos_avg6	0.00169120794454	0.00184114178359543	0.00208652991018637
ccomisiones_otras	0.00168026233888745	0.00246828702956595	0.00322996784691614
ctarjeta_debito_transacciones_tend12	0.00167429045011033	0.00188492746439432	0.00260449752255114
tcallcenter_tend12	0.0016702501330621	0.00310721478832934	0.00230642182109594
Visa_cconsumos_lag1	0.00166357785785478	0.00106475389180159	0.00222823803055032
Visa_mpagominimo_delta1	0.00165284297652637	0.00202979880772183	0.00271688672146047
ctransferencias_emitidas_tend12	0.00161531593552339	0.00162598880984336	0.00189595692073141
Master_fultimo_cierre_avg6	0.00159875849096404	0.00284542148264499	0.00235528669018696
vmr_mconsumospesos_avg6	0.00159819558140603	0.00125052921543392	0.00262892995709665
ctarjeta_visa_transacciones	0.00159783707215868	0.00346015421734092	0.00287814078946083
Visa_cconsumos	0.00158986651464917	0.0010600883488766	0.00214516775309559
cproductos_delta1	0.00158576537017519	0.00123575947818763	0.000322508136000704
ctrx_quarter_normalizado_delta1	0.00158333287235764	0.00128510348807745	0.00193016232909512
ccomisiones_mantenimiento_avg6	0.00157576648452004	0.00415932420486219	0.00178356772182207
vm_mconsumospesos_avg6	0.00156659692747116	0.00116227155494093	0.00215982721382289
cpagomiscuentas_tend12	0.00156523749339173	0.00253773988016057	0.001876410973095
mcomisiones_mantenimiento_delta1	0.00156444342190254	0.00282011303140563	0.00220869208291391
Visa_mpagominimo	0.00152849025362817	0.00117605792211577	0.00265824887855125
ccajas_transacciones_tend12	0.00150303944021845	0.00445595803067622	0.00237971912473247
ccajas_transacciones_avg12	0.00150291879977598	0.00269170248215767	0.00238460561164157
vmr_mpagospesos_tend6	0.00150139062841211	0.00128301596939385	0.00231130830800504
vm_mpagominimo	0.00149148571088617	0.00113926056945783	0.00182265961709489
ccomisiones_mantenimiento_delta1	0.00148395333350928	0.00104045444462083	0.000327394622909805
Visa_msaldopesos_avg6	0.0014815143679021	0.00176371094423941	0.00212562180545918
mv_status07_delta1	0.0014736056332845	0.00896669290388077	0.00116298388436617
Visa_msaldototal_avg6	0.00147267623357141	0.00178960347295284	0.00226732992582313
vm_mpagominimo_tend6	0.00146373078377715	0.00138886121855492	0.00201323260654985
mautoservicio	0.00146087596881047	0.00231214270791407	0.00239926507236887
ccallcenter_transacciones	0.0014570049207097	0.00299491213336239	0.000752518984001642
thomebanking_tend6	0.00140818400882472	0.00383679816486217	0.00244812994145989
ctarjeta_visa_transacciones_tend6	0.00140726506250161	0.00150241506371674	0.00205232450182266
cforex_sell_tend12	0.00138288526609509	0.0016455409369622	0.00132423795236653
ctarjeta_visa_debitos_automaticos_avg6	0.00137669463930757	0.000825992173148283	0.00172981636582196
mprestamos_personales_tend6	0.00135289832616408	0.00221683208388921	0.000991956842547619
Master_msaldototal_tend6	0.00132527058587188	0.00307250574067363	0.00135844336073024
ccomisiones_otras_lag1	0.00130857686071592	0.00133760472450726	0.00225267046509582
vmr_mpagospesos_avg6	0.00130798369964667	0.001338045534728	0.00227710289964133
vm_msaldopesos_delta1	0.00130699903303727	0.00182455753749187	0.00157833527163981
mtransferencias_recibidas_delta1	0.00128972790376145	0.00119740867445567	0.00207675693636817
mcaja_ahorro_dolares_delta1	0.00128493461936522	0.00178096544833826	0.00167117852291274
cpayroll_trx_avg6	0.00127235334279323	0.00097140387463437	0.00163697311454903
thomebanking	0.00126422140901117	0.000707466749852928	0.000786724392365353
ccajas_consultas_tend12	0.00125145943109089	0.00433889594634055	0.00176890826109477
ccuenta_debitos_automaticos_tend12	0.00125101808863078	0.00184933915525299	0.00119718929272988
cpagomiscuentas_tend6	0.00124910841237838	0.00122514464855174	0.00143662715127586
vm_status01_avg6	0.00124810194418099	0.00290083665863247	0.000786724392365353
matm_other_avg12	0.00124498411742768	0.0018830607439804	0.00146105958582137
cdescubierto_preacordado_tend12	0.0012302979373012	0.005773033076751	0.000894227104365587
cprestamos_personales_tend12	0.00120932477551288	0.00617987527650822	0.00138287579527574
vmr_msaldopesos_delta1	0.00120794544530088	0.00196836153191886	0.00196436773745883
Visa_msaldototal	0.0011872181897642	0.000823717353368396	0.00211096234473188
cforex_sell_avg12	0.0011684039995422	0.00147868365311013	0.00129003254400281
foto_mes	0.00116800466073865	0.00949855111538516	0.00163208662763992
cpayroll_trx_avg12	0.00115812225875291	0.00187598088835159	0.00166140554909453
Master_cconsumos_avg6	0.00112916224783684	0.0012108987567729	0.00130957849163922
ccaja_seguridad	0.00111923844326178	0.00304645783540005	0.000288302727636993
mtarjeta_master_consumo	0.00110710292435022	0.00059944843054194	0.00040557841345543
vm_mpagospesos_lag1	0.00110665352964335	0.0012975309394059	0.00202300558036805
ctarjeta_visa_avg12	0.00106046637141692	0.00208529355915408	0.00086979466982008
mtarjeta_visa_consumo_lag1	0.00103952610225805	0.000834756637797638	0.00193504881600422
ccallcenter_transacciones_avg6	0.00102455821214421	0.00252273000120643	0.00227710289964133
mcuenta_debitos_automaticos_tend6	0.00100636834594442	0.000760177933355412	0.000811156826910861
mpagomiscuentas	0.000996670033820729	0.00115744355858817	0.00105059468545684
ccajas_otras_tend12	0.000979771276128112	0.0072682687369011	0.0012411676749118
Visa_Fvencimiento_tend6	0.000950162812388547	0.00398807077084579	0.0018666379992768
ctarjeta_debito_transacciones	0.000947816070243708	0.000976848502052241	0.00167117852291274
vmr_msaldopesos_lag1	0.000945473988179496	0.00147290138047502	0.00152947040254879
vmr_mpagominimo_lag1	0.000941039363527426	0.000872633920454086	0.00144151363818496
ccaja_seguridad_lag1	0.000900347608756915	0.000661849575714493	8.79567643638283e-05
ctarjeta_master_transacciones_tend12	0.000896614173941957	0.00146172118774832	0.000904000078183791
mcuenta_debitos_automaticos_lag1	0.000866540621339497	0.000790517880207472	0.000977297381820314
Master_msaldototal	0.000862876008362965	0.00182732962516971	0.00106036765927504
mcomisiones_mantenimiento_lag1	0.000851159259566252	0.00409002106933362	0.00131935146545742
mprestamos_personales_avg12	0.000845482575133238	0.00150261368780122	0.000972410894911213
mttarjeta_visa_debitos_automaticos_delta1	0.000837828416482733	0.000854372299461321	0.00130469200473012
ccomisiones_mantenimiento	0.000832955787793488	0.00239720712847409	0.000596151402910392
cplazo_fijo_tend12	0.000824435920187765	0.00118671301126521	0.000493535177819259
mtransferencias_emitidas_lag1	0.000821463888346921	0.00120657919404257	0.0012460541618209
Master_mconsumospesos	0.000815790190121937	0.000927841980115939	0.00086979466982008
mv_status07	0.000815537590662707	0.00129496125014193	0.000571718968364884
catm_trx_other_avg12	0.000799551169178792	0.00094604572805796	0.000923546025820197
matm_other_tend6	0.000789320684522659	0.00115713768064335	0.000728086549456134
cprestamos_prendarios_avg12	0.000767002971662859	0.00476122217518232	0.000620583837455899
mplazo_fijo_dolares	0.000765984453304335	0.00208116570090434	0.000288302727636993
matm_other_avg6	0.000753503259223212	0.000913210949474953	0.000786724392365353
ctarjeta_visa_transacciones_delta1	0.000729974281162467	0.0018904867370676	0.00119230280582078
mtarjeta_master_consumo_avg6	0.000703306867803365	0.000469058088261904	0.000620583837455899
Master_msaldototal_lag1	0.000699542965557531	0.00190154803841832	0.00104082171163863
cprestamos_personales_tend6	0.000653100422516896	0.00343837665125179	0.000679221680365118
vm_status05_avg6	0.000653068534087458	0.000669252136506688	0.000737859523274337
ccajas_otras_avg6	0.000549241526761617	0.0023095717605403	0.00040557841345543
cdescubierto_preacordado	0.000534289791517098	0.00328121656320114	0.000586378429092189
ccajas_consultas	0.000515264249468127	0.00135258252166153	0.000229664884727774
mpayroll_sobre_edad_tend6	0.0005140714376958	0.000804593455372304	0.000566832481455782
ccuenta_debitos_automaticos_tend6	0.00050967116003943	0.0018527616856968	0.000557059507637579
mpayroll_delta1	0.000489641591012492	0.00142715336291751	0.000449556795637345
tcallcenter_avg6	0.000414095487195899	0.000514915246844454	0.000806270340001759
ctarjeta_master	0.000408914308506673	3.12855736295555e-05	7.32973036365236e-05
mpayroll_tend6	0.000407048010791412	0.000873432191121401	0.000503308151637462
catm_trx_other_avg6	0.000400848053855467	0.000509295742164556	0.000425124361091837
