Feature	Gain	Cover	Frequency
azar_under	0.528548154174074	0.033224868384829	0.00563329529757973
ctrx_quarter	0.0661537358895693	0.0169433044735491	0.00837186955738394
ctrx_quarter_normalizado	0.046023735932235	0.0198618990759864	0.00635397273437031
ctrx_quarter_lag1	0.017975362847057	0.00662648809884225	0.00540508077592937
mpayroll_sobre_edad	0.0151701245356484	0.0103267696152363	0.00240225812263528
mpasivos_margen	0.0119154106960042	0.011412993396146	0.0113266470482253
cpayroll_trx	0.0102057454549	0.0150980105859575	0.00275058555041739
mprestamos_personales	0.00803250889351278	0.0149632035732941	0.00419194042399856
ctrx_quarter_normalizado_lag1	0.00692173364943643	0.00620438650728103	0.00437210978319621
mcuentas_saldo	0.00631160291549764	0.0103730181604543	0.00840790342922347
mpayroll	0.00550675211921404	0.00765648126074688	0.00249834844754069
mtarjeta_visa_consumo	0.00519390963189133	0.00415354609278796	0.00319500330310492
mcaja_ahorro_lag1	0.00493270234107306	0.00311342092415665	0.00618581466578584
ccomisiones_mantenimiento_tend6	0.00460552904133635	0.0100775118697872	0.0049846856044682
mcaja_ahorro	0.00458286081721642	0.00829696017884924	0.0103417212179449
mcomisiones_avg6	0.00440423904274051	0.00496472942928719	0.00697855984625548
mcomisiones_mantenimiento_tend6	0.00379132479952219	0.0182766465721928	0.00753107921446159
mcomisiones_otras_avg6	0.00372526595604489	0.0045562659685789	0.00497267431385502
cpayroll_trx_avg6	0.00361226484020296	0.00421040527680908	0.00207795327607951
mcaja_ahorro_avg6	0.00326377701862459	0.0027029968019304	0.00672632274337878
cpayroll_trx_lag1	0.00277287667663637	0.00287666527921031	0.0010690048645727
mprestamos_personales_lag1	0.00276061928563268	0.00392936174816272	0.00215002101975857
mrentabilidad_annual_avg6	0.00268784390948586	0.0044933345005036	0.00832382439493124
mpasivos_margen_avg6	0.0022587781480195	0.00410846241117771	0.00822773407002582
mpasivos_margen_lag1	0.00225871773109411	0.00324776660469823	0.00713470662422677
numero_de_cliente	0.00179862324112323	0.00287672294572554	0.00779532760795147
mcomisiones_mantenimiento	0.00178645245213154	0.00284850095316983	0.00288270974716233
ctarjeta_visa_transacciones	0.00164272937554004	0.00246934938215519	0.00184973875442916
mactivos_margen	0.0016274131240895	0.00237086074078636	0.00360338718395292
mcuenta_corriente_avg6	0.00161975937544346	0.0022869271278627	0.00554921626328749
ctrx_quarter_tend6	0.00160266904554994	0.00269857954686344	0.00601765659720137
mcuenta_corriente_tend6	0.00158700810980509	0.00451120535357474	0.00657017596540748
mrentabilidad_annual	0.00157256410369229	0.00358745121268645	0.00502071947630773
mcuentas_saldo_lag1	0.00155489867038972	0.00362844057171506	0.00596961143474866
cliente_edad_lag1	0.00154894012804209	0.00540644916933115	0.0054411146477689
mcuentas_saldo_tend6	0.0015079519843897	0.00154853623354385	0.00375953396192421
cliente_edad	0.00150696657239149	0.00360525863259083	0.0065101195123416
mcuenta_corriente	0.00144341921003556	0.00160449005327579	0.00481652753588373
mrentabilidad_annual_delta1	0.00141191798465176	0.00219713459699121	0.00587352110984325
cprestamos_personales	0.00137511062853421	0.00374769492521979	0.00150141132664705
mrentabilidad_annual_lag1	0.0013560672202985	0.00276595133661179	0.00546513722899526
ctransferencias_recibidas_avg6	0.00135443579933963	0.00213785918598178	0.00480451624527056
ccomisiones_otras_avg6	0.00132266862379843	0.00671478130031764	0.00554921626328749
Visa_msaldopesos	0.0013215114437877	0.00104321032719635	0.00186175004504234
mprestamos_personales_avg6	0.00129115718934326	0.00170887221250157	0.0015254339078734
mcomisiones_tend6	0.00125212018668164	0.00227858278310828	0.00550117110083479
ctrx_quarter_normalizado_avg6	0.00125148919258777	0.00442040365868666	0.00362740976517927
mactivos_margen_avg6	0.00124771366773911	0.00323960102614104	0.00472043721097832
mpayroll_lag1	0.00124560910920567	0.00179693474791602	0.00102095970211999
vmr_msaldopesos	0.00122033093229454	0.000963336436945183	0.0019338177887214
mcomisiones_mantenimiento_avg6	0.00121657704483122	0.00425037393851804	0.00375953396192421
cliente_edad_avg6	0.00120514418647157	0.00452577191532295	0.00557323884451384
chomebanking_transacciones_avg6	0.00120006285841759	0.00171372196643278	0.00425199687706444
azar_sampling	0.00119374161876789	0.00249995300179008	0.00687045823073689
Visa_mpagospesos_tend6	0.0011807946456142	0.0020100817215254	0.00336316137168939
mcomisiones_otras_lag1	0.0011785056274511	0.00189677855239285	0.00380757912437691
chomebanking_transacciones_tend6	0.00116981010105368	0.00262347467742216	0.0052369227073449
cliente_antiguedad	0.00114518815930796	0.0029255953173867	0.00524893399795808
mcomisiones_otras_tend6	0.00110073701041928	0.00263199778837381	0.00355534202150021
ccomisiones_mantenimiento_avg6	0.00106670453646359	0.00304383474022331	0.00270254038796469
mcuenta_debitos_automaticos	0.00106651891455	0.00685231017250015	0.00138129842051528
Master_Fvencimiento	0.00105806286645236	0.0018050253600034	0.00430004203951715
vm_msaldototal	0.0010506989738158	0.00101662029702177	0.00222208876343763
mcuentas_saldo_avg6	0.00104897771599823	0.00307254113150699	0.00462434688607291
mactivos_margen_delta1	0.00104490735023558	0.00469572666902177	0.00399975977418774
Visa_Fvencimiento_avg6	0.00102560081983989	0.0014575211725494	0.0039156807398955
mcuentas_saldo_delta1	0.00101842278134088	0.00230623387716317	0.00356735331211339
mrentabilidad	0.00101384786825892	0.00231599681819236	0.00415590655215903
ccomisiones_otras_tend6	0.00100331733741404	0.00296304395237991	0.00512882109182632
mcomisiones_mantenimiento_delta1	0.00100215920688554	0.00384471307045014	0.00392769203050868
mrentabilidad_tend6	0.00099928698563442	0.00343918483536729	0.00510479851059996
mv_status07_avg6	0.000993283779526185	0.000997227047948439	0.000960903249054111
cliente_antiguedad_lag1	0.000984488421261672	0.00201889893170474	0.00436009849258303
mrentabilidad_avg6	0.00097885395830503	0.00201881819858341	0.00503273076692091
ctrx_quarter_normalizado_tend6	0.000966080312162039	0.00156616488725101	0.00392769203050868
vm_Fvencimiento_avg6	0.000961888287591241	0.00259419162098614	0.00383160170560327
ctrx_quarter_delta1	0.000960583764441905	0.00186764542889644	0.0039156807398955
mactivos_margen_tend6	0.000956540463490313	0.00213013763959189	0.00488859527956279
mrentabilidad_delta1	0.000955391997952098	0.00174208812527658	0.0041198726803195
Visa_fechaalta_lag1	0.000945407887378356	0.00112981389977537	0.00248633715692751
mactivos_margen_lag1	0.000943642028507709	0.00143940812011428	0.00313494685003904
mprestamos_personales_tend6	0.000938046568693016	0.00812310140206905	0.00235421296018257
vm_status01_avg6	0.000937078397841447	0.00127231939222261	0.000804756471082818
Visa_cconsumos_avg6	0.000932229995136073	0.00142237343151404	0.00251035973815386
vm_msaldopesos	0.000920642637984007	0.00120620473250637	0.00231817908834304
cdescubierto_preacordado_avg6	0.000917351805942416	0.00498836116723024	0.00140532100174164
mpasivos_margen_tend6	0.00091680171455792	0.00131757607337856	0.00375953396192421
mttarjeta_visa_debitos_automaticos_tend6	0.000907998565798287	0.00217814501352453	0.0025944387724461
vm_Fvencimiento	0.000893471545822432	0.00171130573944446	0.0030508678157468
ctransferencias_recibidas_tend6	0.00089145905236955	0.00170424735797977	0.00357936460272656
Master_Fvencimiento_lag1	0.000888630382264841	0.00208827174953172	0.00387964686805597
mtransferencias_recibidas_avg6	0.000870949856305162	0.00127761317832113	0.00423998558645126
Visa_Fvencimiento	0.000865219161462773	0.0014074551040229	0.00369947750885833
cproductos_tend6	0.000857695944726945	0.00656951358179067	0.00267851780673833
tcallcenter_tend6	0.000853448968191918	0.00526457224189996	0.00227013392589034
cprestamos_personales_tend6	0.000852594533841761	0.00224466910549893	0.000924869377214582
mrentabilidad_lag1	0.000843477128310663	0.00164478164747006	0.00392769203050868
Master_fechaalta	0.000829131552543683	0.00168052912026386	0.00337517266230256
Master_Fvencimiento_avg6	0.000821229243700173	0.00239192055214996	0.00436009849258303
cproductos	0.00081423648663407	0.00285502880269436	0.00219806618221128
vmr_mpagominimo	0.000806813951382163	0.00140017182314879	0.00231817908834304
mcaja_ahorro_tend6	0.000802586762588862	0.00109699588595547	0.00327908233739715
ccomisiones_mantenimiento_delta1	0.00079995823017134	0.00267369067888828	0.00150141132664705
vm_mpagominimo	0.000788121625026404	0.0013762113860689	0.0030508678157468
cliente_antiguedad_avg6	0.000770198532981212	0.00186769156210862	0.00297880007206774
cdescubierto_preacordado	0.000766974029502831	0.00372684847996256	0.00117710648009129
mrentabilidad_annual_tend6	0.000765323278866337	0.00171923488528919	0.00486457269833644
Master_fechaalta_avg6	0.000763428868802915	0.00120214500983387	0.00258242748183292
thomebanking_avg6	0.000760699076740367	0.00124053937567693	0.00290673232838869
ccajas_consultas_tend6	0.00075549356530126	0.00858063330059029	0.00215002101975857
Master_fechaalta_lag1	0.000753446463176297	0.00119480406244453	0.00266650651612516
vm_status01	0.000746646675546299	0.00805694637579215	0.000984925830280464
ccallcenter_transacciones_avg6	0.00074258006156668	0.00284835678688174	0.00235421296018257
mtransferencias_recibidas_tend6	0.000739119891862052	0.00167263457432827	0.0035072968590475
ccallcenter_transacciones_tend6	0.000729856733619211	0.00360073181114493	0.00210197585730587
vmr_mpagominimo_avg6	0.000721564688315533	0.00144277007795244	0.0019818629511741
chomebanking_transacciones	0.000719793000875273	0.00186344730658737	0.00341120653414209
ctarjeta_visa_debitos_automaticos_avg6	0.000717073641319896	0.00101020201387618	0.00187376133565552
Visa_mfinanciacion_limite_tend6	0.00071440262969902	0.00276702393379515	0.00306287910635998
mcuenta_corriente_lag1	0.000705204558701915	0.00166153953679718	0.00419194042399856
Visa_fechaalta	0.000700586181297428	0.00141610508130806	0.00319500330310492
Visa_msaldototal	0.000689921910711194	0.000890197995673397	0.0021860548915981
Master_mfinanciacion_limite	0.000689568281508418	0.000905802554695825	0.00291874361900186
vm_fechaalta	0.000682337318894835	0.00158663650015922	0.00270254038796469
Visa_mfinanciacion_limite_avg6	0.000680772762453807	0.000602476684562893	0.00196985166056093
Visa_mconsumospesos_tend6	0.000676375187133673	0.000939681632396033	0.00254639360999339
mcuenta_corriente_delta1	0.000673690473731921	0.00205827362830679	0.0038676355774428
Visa_fechaalta_avg6	0.0006597391112702	0.00109634425433332	0.00253438231938022
Visa_mpagospesos_delta1	0.000653493917459457	0.00143074084287455	0.00277460813164375
cmobile_app_trx_avg6	0.000648717967259794	0.00103040836081431	0.00308690168758633
mcomisiones_lag1	0.000648645692256789	0.00171806425502993	0.00409585009909315
Master_mfinanciacion_limite_tend6	0.000647540645409657	0.00103126182523978	0.0032550597561708
Visa_mpagominimo_tend6	0.000644800750845351	0.00106238444351178	0.00205393069485316
mcomisiones	0.000644127412632414	0.00219711729703664	0.00343522911536845
ctarjeta_visa_transacciones_tend6	0.000641857807636837	0.00127403785437659	0.00253438231938022
mcomisiones_otras	0.000639083808337938	0.00205161891244874	0.00321902588433127
mautoservicio_avg6	0.000631121209560127	0.000930074390957983	0.00216203231037175
mttarjeta_visa_debitos_automaticos_avg6	0.000630596329738415	0.00115549279900924	0.00159750165155246
chomebanking_transacciones_lag1	0.000630521927520211	0.00132875184403099	0.00296678878145457
vmr_mpagospesos_tend6	0.000628622000852098	0.00377826971159707	0.00229415650711669
ccaja_seguridad_avg6	0.000620227024867358	0.00332130294492513	0.000516485496366585
ccomisiones_otras	0.000616481792718807	0.00353865957414663	0.00270254038796469
vm_Fvencimiento_lag1	0.000615355575156747	0.0018249260744108	0.00347126298720798
thomebanking_tend6	0.000612915569911942	0.00273998410480174	0.0027986307128701
ccomisiones_otras_lag1	0.000601206886931479	0.00260111160281426	0.00229415650711669
mcaja_ahorro_dolares_avg6	0.000589031811145775	0.00215447290902081	0.00212599843853222
cdescubierto_preacordado_lag1	0.000584384160028403	0.000929249759790131	0.000744700018016936
cprestamos_personales_avg6	0.000583873301464583	0.00169639894525637	0.00157347907032611
vm_mpagospesos_tend6	0.000579491754754721	0.00163981079385686	0.00228214521650351
Master_mlimitecompra_tend6	0.000578504060916456	0.000941821060111229	0.0019818629511741
tcallcenter_avg6	0.000571671509716712	0.000940754229579393	0.00104498228334635
Visa_Fvencimiento_lag1	0.000566474046226518	0.00140763963687165	0.0035072968590475
vmr_msaldototal_tend6	0.000559652309612452	0.000608375969071372	0.0012731968049967
ctrx_quarter_normalizado_delta1	0.000547231292663548	0.00111328090985766	0.00249834844754069
mcaja_ahorro_dolares_delta1	0.000546415613366941	0.000944179620584316	0.00164554681400516
Visa_mpagado_tend6	0.000535794933587544	0.000633778069032124	0.0017296258482974
active_quarter_avg6	0.00053480901460329	0.0016949053825118	0.00225812263527716
chomebanking_transacciones_delta1	0.00053246532955266	0.000928488561789037	0.00257041619121975
mcaja_ahorro_delta1	0.000531901663423394	0.00153660503154185	0.00312293555942586
Master_mfinanciacion_limite_avg6	0.000526145259143517	0.000774144133764172	0.00202990811362681
cmobile_app_trx_tend6	0.00052529677772514	0.00182171981616376	0.00181370488258963
mcomisiones_delta1	0.000524564182215721	0.00144742953238338	0.00308690168758633
mv_status07_delta1	0.000523344481757142	0.0031696227099041	0.000972914539667287
mpasivos_margen_delta1	0.000522399490279391	0.00107023285623519	0.00264248393489881
ctarjeta_debito_avg6	0.000519170267025256	0.00142728661861201	0.0023422016695694
Visa_mfinanciacion_limite	0.000517796492520312	0.000995174120006094	0.0027986307128701
ctarjeta_debito_transacciones_avg6	0.000512985861874623	0.00200389410444075	0.00233019037895622
mcomisiones_otras_delta1	0.000508468454232783	0.00122942127153974	0.00307489039697315
mcaja_ahorro_dolares_lag1	0.000508442210463863	0.000859086910704439	0.00171761455768422
ctransferencias_emitidas_avg6	0.000507791615516805	0.000678296618793079	0.00195784036994775
mcaja_ahorro_dolares	0.00050757181221275	0.00135209524939788	0.0019818629511741
vm_msaldototal_lag1	0.000506508488572559	0.000352278974915412	0.00105699357395952
vm_fechaalta_avg6	0.000506218798134089	0.00116411970968831	0.00255840490060657
Visa_mpagominimo_lag1	0.00049853050724729	0.00145998929940143	0.00175364842952375
mv_status07	0.000492873656630787	0.00290893546113548	0.000780733889856465
Visa_status_tend6	0.000485303585432341	0.000531477671006303	0.000228214521650351
vmr_Visa_mlimitecompra	0.000485011579548257	0.0013499846549403	0.00195784036994775
vmr_msaldopesos2	0.000482648083282897	0.000705699746832465	0.00196985166056093
Visa_cconsumos_tend6	0.000480984583265363	0.00127189266000988	0.00228214521650351
cproductos_avg6	0.000479906311432452	0.00234326154659518	0.00295477749084139
ccallcenter_transacciones	0.000479763521689819	0.0030854353643134	0.00104498228334635
ctrx_quarter_avg6	0.000476151940941304	0.00356440767319878	0.00402378235541409
vmr_msaldopesos2_lag1	0.000475764729660206	0.000953279396688304	0.00164554681400516
cproductos_delta1	0.000473867406719694	0.00161036050452665	0.000516485496366585
mcuenta_debitos_automaticos_avg6	0.000470602105384998	0.00124952958540198	0.00121314035193081
vm_fechaalta_lag1	0.000470117116490532	0.000980942024046245	0.00235421296018257
ccajas_transacciones_tend6	0.000463331621849048	0.00151449568960099	0.00129721938622305
mautoservicio_tend6	0.000461907246930598	0.00117450544908202	0.00162152423277881
ctarjeta_debito_transacciones	0.000459615421566105	0.00106722843079147	0.00114107260825176
Master_mlimitecompra_delta1	0.000457923888151923	0.000411150720318208	0.00192180649810822
vm_status06	0.000457360066585093	0.000628195950357434	0.000240225812263528
mtransferencias_recibidas_delta1	0.000450003737559813	0.00168743756878894	0.00229415650711669
Master_mfinanciacion_limite_delta1	0.000449962794299658	0.000766964652617489	0.00235421296018257
Visa_cconsumos	0.000449525738892869	0.000716898584090985	0.00169359197645787
ccaja_ahorro	0.000445423049579042	0.00264786184671479	0.000792745180469642
mpagomiscuentas_avg6	0.00044494530305329	0.00241016623757013	0.00133325325806258
vmr_msaldopesos2_avg6	0.000444533295577148	0.00120367893913911	0.00206594198546634
vm_status01_tend6	0.000443934454591775	0.00322686825957728	0.000588553240045643
Visa_mconsumospesos_delta1	0.000439166294034894	0.0011709070585314	0.00170560326707105
vm_cconsumos_tend6	0.000436706221839257	0.000668106945551161	0.00175364842952375
Visa_mfinanciacion_limite_delta1	0.000436507964742041	0.000925622535981887	0.00242628070386163
vm_mfinanciacion_limite_tend6	0.000435385277410202	0.000695100641332383	0.00257041619121975
mcuenta_debitos_automaticos_tend6	0.000434968188462817	0.00162161124164888	0.00129721938622305
ctransferencias_emitidas_tend6	0.000433592665660126	0.00183652281062443	0.00181370488258963
Visa_msaldototal_tend6	0.000430485792192245	0.000544942802313534	0.00202990811362681
Visa_mlimitecompra	0.00042936067550676	0.000670782671858037	0.00189778391688187
mautoservicio	0.000427569951946581	0.00239864446782629	0.00166956939523152
ctarjeta_visa_transacciones_delta1	0.000421781272615173	0.00279857905093141	0.00142934358296799
Visa_mlimitecompra_tend6	0.000420692549123429	0.00053765952143943	0.00190979520749505
vmr_msaldototal	0.000409200302576072	0.000472548259088272	0.00159750165155246
vmr_mpagominimo_tend6	0.000408484014152179	0.000809926206467115	0.00183772746381599
mcaja_ahorro_dolares_tend6	0.000407542750411169	0.00172606836734447	0.00200588553240046
vmr_msaldopesos2_tend6	0.000405645614501663	0.000782615344852104	0.0012731968049967
Visa_mpagospesos	0.000402678086716689	0.000740703321579744	0.00181370488258963
mtransferencias_recibidas	0.00039822437836449	0.00122543074868552	0.00211398714791904
Master_mfinanciacion_limite_lag1	0.000398000756706587	0.000596214101008437	0.00174163713891058
Master_fultimo_cierre_avg6	0.000396542389309732	0.000953400496370297	0.0015254339078734
Visa_mpagominimo	0.000394705975726158	0.000665955984532918	0.00196985166056093
vmr_mpagado_avg6	0.000391560428492072	0.000572582363065381	0.00124917422377034
Visa_msaldopesos_tend6	0.000390992659571441	0.0016779052938207	0.00184973875442916
Visa_msaldototal_avg6	0.000389229867734368	0.000448299489432207	0.00128520809560987
Visa_mpagado_avg6	0.000384874354440478	0.000570765867835498	0.00133325325806258
vm_mconsumospesos_tend6	0.000381214543505514	0.000324864313572979	0.0010690048645727
vmr_mpagospesos_delta1	0.000379631181150799	0.000528726978229622	0.0012731968049967
ctarjeta_debito_transacciones_tend6	0.000379129263799015	0.00100673625631059	0.00177767101075011
cproductos_lag1	0.000377067457003156	0.00294595159726444	0.00148940003603387
vm_mpagominimo_avg6	0.000376954335317274	0.000973024411504562	0.00171761455768422
cliente_edad_tend6	0.000374924914468834	0.000798808102329923	0.00200588553240046
Visa_cconsumos_lag1	0.000373214680315364	0.000680245747008002	0.00135727583928893
Visa_mconsumospesos	0.000372280684444411	0.000820029379936182	0.00190979520749505
Visa_mconsumospesos_avg6	0.000369888006754864	0.000865228394576903	0.00168158068584469
Master_mlimitecompra_avg6	0.0003697089645513	0.000531056705445092	0.0012731968049967
mpayroll_tend6	0.000369289858028265	0.00162673779485322	0.00103297099273317
Visa_msaldototal_lag1	0.000367611360336917	0.000626961886931418	0.00157347907032611
mtransferencias_emitidas_delta1	0.000365090165604666	0.001447458365641	0.0015254339078734
vm_mpagominimo_lag1	0.00036424113059485	0.000499928320521564	0.00130923067683623
mtransferencias_emitidas_tend6	0.000361763872721246	0.00124694035886795	0.00160951294216564
Visa_mpagospesos_lag1	0.000361491214876035	0.000599316559528048	0.00178968230136328
ccuenta_debitos_automaticos_tend6	0.000359996761047394	0.00290429907331063	0.00141733229235481
vm_status03_tend6	0.000353870720159214	0.00142040123669302	0.000324304846555762
vmr_msaldopesos2_delta1	0.000350251988519563	0.00134956368937909	0.00188577262626869
vmr_mpagominimo_delta1	0.00034627713157404	0.000320441291854501	0.00102095970211999
mcomisiones_mantenimiento_lag1	0.000344141659240521	0.0012820592666457	0.00212599843853222
Visa_msaldopesos_delta1	0.000343746737417765	0.000943539522265215	0.00124917422377034
Visa_mlimitecompra_delta1	0.000336710465889626	0.000820773277982705	0.00162152423277881
vmr_msaldopesos_avg6	0.000331832567016904	0.000642093580528924	0.00115308389886493
mtarjeta_visa_consumo_tend6	0.000331517844496446	0.000546747764240371	0.00116509518947811
vm_mlimitecompra_tend6	0.000330792725580671	0.000641320849224783	0.00154945648909975
mtransferencias_recibidas_lag1	0.000330313616783809	0.000609108333814849	0.00195784036994775
mtarjeta_master_consumo	0.00032609987192549	0.00184859817891452	0.000492462915140232
vm_msaldototal_delta1	0.000325673675344527	0.000892781455555898	0.000888835505375053
vm_mpagominimo_tend6	0.000325591654312978	0.000621235601968643	0.00144135487358117
vm_fultimo_cierre_avg6	0.000325351245588782	0.000763008729672409	0.00163353552339199
vm_cconsumos_avg6	0.000324886627119967	0.000579427378423704	0.00136928712990211
Visa_mpagominimo_avg6	0.000323892173818512	0.00116188801554874	0.00183772746381599
vmr_msaldopesos_delta1	0.00031930170662465	0.00198282852642562	0.00099693712089364
Master_msaldototal_tend6	0.000318946435768693	0.000747652136665489	0.000840790342922347
vm_mpagospesos_delta1	0.000314941864877865	0.00125604013497194	0.00151342261726022
vm_status04	0.000313855596378196	0.00170425889128282	0.000408383880847997
mttarjeta_visa_debitos_automaticos_delta1	0.000313323179848637	0.00106650183269952	0.00144135487358117
mttarjeta_visa_debitos_automaticos_lag1	0.00031290110844685	0.00153687606416346	0.0013212419674494
Master_msaldototal	0.000311330103715797	0.00204842418750475	0.000744700018016936
mpagomiscuentas_tend6	0.000310840495241402	0.000692303815343514	0.00114107260825176
vm_mconsumospesos_avg6	0.000309248618307553	0.000941388561246971	0.00123716293315717
ctarjeta_visa_debitos_automaticos_tend6	0.00030922494834108	0.00172045164876064	0.00160951294216564
vmr_msaldopesos_tend6	0.000308540934810271	0.000493619603754921	0.00144135487358117
vmr_mconsumospesos_avg6	0.000308483119140211	0.000780879582743549	0.00115308389886493
ccallcenter_transacciones_delta1	0.000308315019959974	0.00385249228335526	0.00109302744579905
vm_mpagado_tend6	0.000306972923880656	0.000743753880235644	0.00103297099273317
ccaja_seguridad	0.000306269793379829	0.00466969600404496	0.000396372590234821
vmr_Master_mlimitecompra_tend6	0.000305359651255756	0.000550294254927287	0.000948891958440935
vmr_msaldototal_lag1	0.000303089079677081	0.000335665251876382	0.00105699357395952
Visa_mpagospesos_avg6	0.000302512483810485	0.000668412578081903	0.00166956939523152
matm_other_tend6	0.000302361655482355	0.000980048193060112	0.00099693712089364
mtransferencias_emitidas	0.000298852541881382	0.00193844837630123	0.00123716293315717
vmr_mpagominimo_lag1	0.00029871685859649	0.000429448305602083	0.00135727583928893
vm_Fvencimiento_tend6	0.000297826183836834	0.00218629329212715	0.00122515164254399
vm_mpagado_avg6	0.000297139942695003	0.000473741955953624	0.00121314035193081
Visa_mconsumototal_tend6	0.000295012987266036	0.000590804981879451	0.00153744519848658
Master_mconsumospesos_tend6	0.000294428353238528	0.000872084943238273	0.00073268872740376
vmr_mpagado_tend6	0.000294391583314027	0.000622406232227901	0.00121314035193081
mtransferencias_emitidas_avg6	0.000291010497637978	0.000740472655518807	0.00150141132664705
Visa_msaldopesos_lag1	0.000290297739179669	0.000754629785008851	0.00120112906131764
vm_status04_tend6	0.000289227257138016	0.00203035150163029	0.000648609693111525
vm_mfinanciacion_limite_delta1	0.00028922648836906	0.000705226881407543	0.00171761455768422
Visa_mconsumospesos_lag1	0.000289204890039434	0.000420700295241025	0.00146537745480752
vmr_Master_mlimitecompra_avg6	0.000289181709157877	0.00107615520734976	0.00146537745480752
catm_trx_tend6	0.000288474942260475	0.00205275494279885	0.00157347907032611
vmr_mconsumospesos	0.000287786183381333	0.000689743422067107	0.0012731968049967
Master_fultimo_cierre	0.000287390968199421	0.000484081562135151	0.00103297099273317
ccajas_consultas_avg6	0.000287185357140531	0.000843147885893652	0.000768722599243289
mtarjeta_visa_consumo_lag1	0.000286058384057996	0.000437729217189742	0.00103297099273317
vm_msaldopesos_lag1	0.000285906824733467	0.00156810248216288	0.00134526454867576
vm_mfinanciacion_limite	0.000282725537665846	0.000781704213911401	0.00164554681400516
ccaja_ahorro_lag1	0.000278460238850921	0.00172647203295111	0.000456429043300703
vm_mconsumospesos	0.00027806666531718	0.000433779060896186	0.0008648129241487
cprestamos_personales_lag1	0.000278049131011065	0.00155523708261409	0.000780733889856465
Visa_mconsumosdolares_avg6	0.000277536803158455	0.00127136212806972	0.00118911777070446
ctransferencias_recibidas	0.000277106070599673	0.00029240959879906	0.00108101615518587
Visa_cconsumos_delta1	0.000275450172859205	0.000682904173360307	0.00133325325806258
vm_fultimo_cierre_lag1	0.000272684036322471	0.000496756662183672	0.00162152423277881
vmr_mpagospesos_avg6	0.000272113434514685	0.000837467734143064	0.00140532100174164
ccaja_ahorro_avg6	0.000269969064750323	0.00175315432955006	0.0008648129241487
mtarjeta_visa_consumo_avg6	0.000269769216746545	0.000415037443445007	0.00115308389886493
Visa_mconsumototal_delta1	0.000268100602990111	0.00071445929049657	0.000972914539667287
vmr_Master_mlimitecompra	0.000267400169228292	0.00141320445559177	0.00175364842952375
Visa_fultimo_cierre_avg6	0.000266678660807629	0.000515573246104656	0.00118911777070446
vm_msaldopesos_delta1	0.000265993076516709	0.000592454244215155	0.000840790342922347
Master_Fvencimiento_tend6	0.000265934701061466	0.000887262770047966	0.00126118551438352
matm_tend6	0.000265105101511242	0.00105402856545432	0.00103297099273317
Master_status_avg6	0.000263341916975793	0.000326380942923644	0.000288270974716233
Visa_mfinanciacion_limite_lag1	0.000262536729134475	0.000636897827506305	0.00130923067683623
ccaja_seguridad_lag1	0.000261692571547334	0.00116119601736593	0.000168158068584469
Master_msaldototal_delta1	0.000261130187454807	0.00051452371552739	0.000588553240045643
cextraccion_autoservicio_avg6	0.000261023827282839	0.000437060285613023	0.00123716293315717
Visa_msaldopesos_avg6	0.000259139884925157	0.000417367170660476	0.000936880667827758
mautoservicio_lag1	0.000258092709264275	0.000554377044205882	0.00115308389886493
Visa_msaldototal_delta1	0.000257578211101415	0.00073504623643525	0.00115308389886493
Visa_mconsumosdolares_tend6	0.000257116624538892	0.000825167466443566	0.0012731968049967
vmr_mconsumospesos_tend6	0.000254508440114917	0.000737883428984782	0.00134526454867576
catm_trx_avg6	0.000253912874336707	0.000708133273775357	0.0010690048645727
mextraccion_autoservicio_avg6	0.000252538103394608	0.000446148528413964	0.00121314035193081
Visa_fultimo_cierre_lag1	0.000252099094339281	0.000816396389476415	0.00151342261726022
mpayroll_sobre_edad_avg6	0.000252014489497553	0.000902907695631058	0.000780733889856465
mprestamos_personales_delta1	0.000251743307172873	0.00116872149760401	0.000972914539667287
vm_mlimitecompra_delta1	0.000251736345166876	0.000437982949856774	0.0010690048645727
ctarjeta_visa_transacciones_avg6	0.000250552001339374	0.000719107211624462	0.00100894841150682
Master_mpagospesos_tend6	0.000250047709432899	0.00228523749896633	0.000972914539667287
cpagomiscuentas_avg6	0.000249466374577353	0.000520993898536689	0.00116509518947811
thomebanking_delta1	0.000247674886096602	0.000865747393214012	0.000660620983724701
ccomisiones_otras_delta1	0.000246110913597643	0.00220914653211454	0.00104498228334635
Visa_mpagominimo_delta1	0.000246089588560992	0.000827289594204192	0.00164554681400516
tcallcenter	0.000245972444020595	0.000208533652390629	0.00030028226532941
mextraccion_autoservicio_tend6	0.000245277223992767	0.00111235247896239	0.00124917422377034
mpayroll_delta1	0.000245111169125352	0.00048401236231687	0.000588553240045643
vm_cconsumos_lag1	0.000244663372990348	0.000419771864345751	0.000984925830280464
ctarjeta_visa_transacciones_lag1	0.000242602646840541	0.000849456602660295	0.00118911777070446
ccuenta_debitos_automaticos_avg6	0.000242422884097253	0.000717117716848876	0.000984925830280464
ctarjeta_debito_transacciones_delta1	0.000242022349900705	0.00153828312713518	0.00136928712990211
Master_mlimitecompra	0.000241763799826414	0.000632226839772319	0.00135727583928893
Master_msaldopesos_tend6	0.000241755311728714	0.00148892059009453	0.000840790342922347
vmr_Master_mlimitecompra_lag1	0.000241741050002817	0.000772016239352022	0.00121314035193081
Master_fultimo_cierre_tend6	0.000240668935713883	0.00114209110086877	0.00112906131763858
vmr_Visa_mlimitecompra_lag1	0.000235686822669232	0.000877753561685814	0.0011170500270254
vmr_mpagospesos	0.000232965987414803	0.000282404458405892	0.00112906131763858
vm_mpagominimo_delta1	0.000231601572643492	0.000591237480743709	0.00108101615518587
matm_avg6	0.000229392084573083	0.000404767037081761	0.00110503873641223
Visa_fultimo_cierre_tend6	0.000229160637591227	0.00610778932761189	0.00140532100174164
mpayroll_sobre_edad_tend6	0.000227328012826953	0.000681525943646205	0.000576541949432467
Visa_status	0.000225507754358443	0.00355053887628491	0.000456429043300703
vmr_msaldopesos_lag1	0.000224236177422467	0.000519817501625907	0.000816767761695994
ctarjeta_visa_debitos_automaticos	0.000223763333369842	0.000382663461792416	0.000636598402498349
cpagomiscuentas_tend6	0.000223436811765101	0.000818172518145634	0.00115308389886493
vmr_mpagado_delta1	0.000222404001479171	0.000646389735913887	0.000840790342922347
vm_mpagospesos	0.000221379874909177	0.000561591125261705	0.00100894841150682
mpagomiscuentas_delta1	0.00022111152422709	0.000759883204546705	0.000840790342922347
Master_mpagospesos_lag1	0.000220342933078269	0.00144302381061947	0.00073268872740376
mextraccion_autoservicio_delta1	0.000219922866094958	0.000460224924782681	0.000948891958440935
vmr_mconsumospesos_delta1	0.000218902168648416	0.000616899080023016	0.000792745180469642
mttarjeta_visa_debitos_automaticos	0.0002175138194012	0.000400828414091251	0.00109302744579905
vm_mlimitecompra	0.000217227606329164	0.000328629937017785	0.000816767761695994
vmr_Visa_mlimitecompra_avg6	0.000216684923143077	0.00070020989458215	0.00104498228334635
Visa_mconsumototal_lag1	0.00021664152179764	0.000182987386141791	0.000804756471082818
Master_mpagospesos_avg6	0.000215853428804895	0.00160349818921376	0.000912858086601405
ctarjeta_master_transacciones_avg6	0.000215767112904747	0.00189718798465102	0.000504474205753408
vm_fultimo_cierre	0.000215682152764771	0.000374140350840772	0.00103297099273317
ctarjeta_debito_transacciones_lag1	0.0002137559944089	0.000442042672529275	0.000876824214761876
vm_mlimitecompra_avg6	0.000213750804866187	0.000573879859658155	0.000948891958440935
vmr_msaldototal_delta1	0.000213352887425774	0.00194307323082303	0.00116509518947811
ccajas_consultas	0.000213214213303375	0.00165464838822667	0.000612575821271996
Master_cconsumos_avg6	0.000211455869759024	0.000587575657026325	0.00073268872740376
Visa_mpagado_lag1	0.000210381410302291	0.000476573381851633	0.00069665485556423
Visa_mlimitecompra_avg6	0.000208042938301118	0.000585476595871793	0.00120112906131764
mpagomiscuentas_lag1	0.000207126676103137	0.000425405882884152	0.000720677436790583
vm_status06_tend6	0.000206776385642043	0.00198637501711254	0.000384361299621644
matm_other_avg6	0.000206672477986113	0.000992331160805039	0.000780733889856465
vmr_mconsumototal_avg6	0.000206568847346469	0.000243162394788885	0.000636598402498349
Master_mpagominimo_tend6	0.000206131292516313	0.000764461925856316	0.000612575821271996
vm_mfinanciacion_limite_lag1	0.000205752097028671	0.000397362656525664	0.00099693712089364
Master_mlimitecompra_lag1	0.000201662166502894	0.000448039990113653	0.00100894841150682
mpagomiscuentas	0.000200702458063727	0.000876115832653157	0.000636598402498349
Master_mpagominimo_avg6	0.000198851413574435	0.000450335117419982	0.000768722599243289
mautoservicio_delta1	0.000197646346524921	0.000348236552197481	0.000924869377214582
Master_fultimo_cierre_lag1	0.000196182415671441	0.000582956569156049	0.00115308389886493
ccajas_transacciones_avg6	0.000194947054673051	0.000296377055047187	0.000648609693111525
vm_msaldototal_tend6	0.00019474767662432	0.00108518578363547	0.00104498228334635
vm_cconsumos	0.000193071879365669	0.000477369179761867	0.000600564530658819
matm_other_delta1	0.000191876516724829	0.000470564530964208	0.000624587111885172
vm_cconsumos_delta1	0.000190624171675664	0.000351794576187443	0.000636598402498349
vmr_mconsumospesos_lag1	0.00019054822226092	0.00036194964952022	0.000936880667827758
mcuenta_debitos_automaticos_lag1	0.000186896332833756	0.00185723662289663	0.000780733889856465
Master_cconsumos_tend6	0.000186682790577796	0.000536881023483766	0.000768722599243289
ccomisiones_mantenimiento	0.000186397435884501	0.00257204767913613	0.000984925830280464
Visa_mconsumosdolares	0.000184926474520154	0.000392835835079764	0.000648609693111525
catm_trx_other_tend6	0.000184537494370448	0.000927167998590169	0.000780733889856465
vm_mconsumospesos_lag1	0.000184215876670314	0.000462076019921705	0.000984925830280464
mtransferencias_emitidas_lag1	0.000183414267437326	0.000269590958720809	0.000780733889856465
Visa_mconsumototal_avg6	0.000181378357863339	0.000774686199007375	0.00123716293315717
mtarjeta_master_consumo_avg6	0.000180919438764416	0.00096316343739948	0.000504474205753408
Visa_fultimo_cierre	0.000180867657347916	0.000700106094854728	0.00128520809560987
ctarjeta_debito_lag1	0.000180797411639481	0.000955378457842836	0.000780733889856465
vmr_mpagospesos_lag1	0.000180449568864842	0.000369232930394325	0.0011170500270254
tcallcenter_delta1	0.000179566023623725	0.00123292739566599	0.000456429043300703
mtarjeta_visa_descuentos_avg6	0.000178655787893518	0.00056475125029655	0.000396372590234821
ctarjeta_visa_debitos_automaticos_lag1	0.000178451440000409	0.000358593458333578	0.000684643564951054
vm_mpagospesos_lag1	0.000177491307879266	0.000414080179292116	0.0012731968049967
cpayroll_trx_tend6	0.000176913057015229	0.00100457952864082	0.000840790342922347
vm_msaldototal_avg6	0.000176845139266293	0.000398637086512344	0.00110503873641223
cextraccion_autoservicio_tend6	0.000174060781071425	0.0010282170332354	0.000936880667827758
Master_fultimo_cierre_delta1	0.000171829871118729	0.000280334230508977	0.000540508077592937
ccajas_otras_tend6	0.000170681119936114	0.00318752239623285	0.00069665485556423
ctransferencias_recibidas_delta1	0.00017056403953683	0.000995375952809415	0.000852801633535523
vm_status06_avg6	0.000168758622455592	0.000133394183040209	0.000168158068584469
cmobile_app_trx	0.000168353228830917	0.000480402438463197	0.000816767761695994
cpagomiscuentas_lag1	0.000167234845153026	0.00031100128331063	0.000504474205753408
vm_mpagado_delta1	0.000166578456427065	0.000690885219068748	0.00056453065881929
Master_mpagado_tend6	0.000165006618872621	0.000341189704035837	0.000492462915140232
Visa_Fvencimiento_tend6	0.000163463991092958	0.000363898777735143	0.000828779052309171
ctarjeta_debito	0.000162949495636245	0.000464872845910573	0.000708666146177407
thomebanking	0.000162903867963922	0.000389848709590622	0.000672632274337878
vm_msaldopesos_tend6	0.000162764129892186	0.00169196439023484	0.00109302744579905
mextraccion_autoservicio	0.00016101068020517	0.00027921550011343	0.000492462915140232
vm_status06_delta1	0.00016000598445665	0.00121343611351677	0.000180169359197646
cmobile_app_trx_lag1	0.000158517135389333	0.000551897384050803	0.00073268872740376
vm_mconsumospesos_delta1	0.000158095139704817	0.000380575933940931	0.00069665485556423
vm_mpagospesos_avg6	0.000157398483528674	0.000308561989716215	0.000912858086601405
vm_mfinanciacion_limite_avg6	0.000156851428909898	0.000546395998497441	0.000912858086601405
vm_mconsumototal_tend6	0.000156372116860693	0.000356425197360765	0.000948891958440935
mtarjeta_visa_consumo_delta1	0.000155689270531628	0.000521287997764385	0.00105699357395952
Visa_status_avg6	0.000155538918266679	0.000330994264142396	0.000168158068584469
Master_msaldopesos_lag1	0.000155126989468745	8.86507338698395e-05	0.000240225812263528
vm_status02	0.000155122277049438	0.00193230689242877	0.000324304846555762
vm_msaldopesos_avg6	0.000154445384083086	0.000700313694309572	0.000960903249054111
vmr_mconsumototal_tend6	0.00015318556405888	0.000558471366787524	0.000948891958440935
Visa_mconsumototal	0.000152490816421336	0.000393274100595545	0.000756711308630112
vm_fultimo_cierre_tend6	0.000151372187176425	0.00126044585673585	0.000840790342922347
Visa_status_lag1	0.000151226203218216	0.000939704699002127	0.000180169359197646
mplazo_fijo_dolares_tend6	0.000150286737316376	0.00116252234721632	0.00056453065881929
Master_cconsumos	0.000150192090965612	0.000562836721990768	0.000348327427782115
tcuentas_avg6	0.000149702316897319	0.0011126984780538	0.000576541949432467
Master_mconsumospesos_lag1	0.000149127217161585	0.000453212676530178	0.000468440333913879
Master_mconsumospesos_avg6	0.000148297787485138	0.000463817548681784	0.000660620983724701
vm_status02_tend6	0.000148154694120229	0.000948516142529943	0.000504474205753408
Master_mconsumospesos	0.000146278407505142	0.000371476157836943	0.000420395171461174
mforex_sell_avg6	0.000145930221803874	0.000358391625530258	0.000516485496366585
mv_status07_tend6	0.00014569047117088	0.00180471972747266	0.000636598402498349
foto_mes	0.000144853064909785	0.00018620517769187	0.0008648129241487
vmr_msaldototal_avg6	0.000142712557801471	0.000472357959587998	0.00099693712089364
vmr_mconsumosdolares_tend6	0.000142433597046612	0.000742883115855604	0.000588553240045643
Master_mpagospesos_delta1	0.000141697614004812	0.000454169940683069	0.000492462915140232
mcuenta_debitos_automaticos_delta1	0.000140119634740001	0.00114857858383264	0.00104498228334635
vm_status05	0.000135978536495017	0.0009179990226679	0.000264248393489881
matm_delta1	0.000135331661645301	0.000415602575294304	0.000672632274337878
vm_mconsumosdolares_avg6	0.000134556403886547	0.000191072231577653	0.00043240646207435
Master_mconsumototal_lag1	0.00013411402065362	0.000323514917116494	0.000372350009008468
catm_trx_other_delta1	0.000132795259315424	0.000827618293341028	0.000408383880847997
ctransferencias_recibidas_lag1	0.000131048274552303	0.00172048048201825	0.000756711308630112
Visa_fechaalta_tend6	0.000130909139845263	0.000432222064984857	0.000528496786979761
vm_mconsumototal_avg6	0.000130588340851601	0.000489773247188786	0.000816767761695994
ccajas_extracciones_tend6	0.000129713486808851	0.00305998713114046	0.000900846795988229
Visa_fultimo_cierre_delta1	0.000129179063275724	0.000280536063312298	0.000468440333913879
mplazo_fijo_dolares_delta1	0.000128788784217539	0.00098106889037976	0.000492462915140232
Master_mpagominimo	0.000128443105539721	0.000424587018367823	0.000408383880847997
Master_Fvencimiento_delta1	0.000128413341860413	0.000214634769702428	0.000492462915140232
vm_mconsumototal_delta1	0.000128405321074669	0.000252383270574865	0.000420395171461174
vm_mconsumosdolares_tend6	0.000127382114407284	0.00027814290293007	0.000576541949432467
ccajas_consultas_delta1	0.000127368733723125	0.00125612086809327	0.000360338718395292
Master_mconsumosdolares_avg6	0.000127210342087091	0.00154806336811893	0.000252237102876704
cextraccion_autoservicio_lag1	0.000127184538084564	0.000185962978327886	0.000456429043300703
ctarjeta_visa_descuentos_avg6	0.000126929031687825	0.000580592242031439	0.000348327427782115
vm_mconsumototal_lag1	0.00012679969320166	0.000160976077276821	0.000504474205753408
Master_fechaalta_tend6	0.000125455097244913	0.0001910837648807	0.000744700018016936
vmr_mpagado_lag1	0.000125170739727512	0.000690441186901443	0.000588553240045643
Master_cconsumos_lag1	0.000125122416853149	0.000888312300625232	0.000324304846555762
Master_mconsumototal	0.000124938855872818	0.000143704955964119	0.000204191940423999
ctarjeta_visa_descuentos_tend6	0.000124686406523198	0.000715491521119266	0.000444417752687526
cpagomiscuentas_delta1	0.000124065030369164	0.000799448200649025	0.000528496786979761
vmr_mconsumototal_lag1	0.000123897854165149	0.000173039912263857	0.000516485496366585
Visa_mpagado_delta1	0.000123377268131378	0.00120887469216173	0.000792745180469642
vmr_mconsumosdolares_avg6	0.000122805629565177	0.000706708910849067	0.000456429043300703
Visa_mlimitecompra_lag1	0.000121010353099926	0.0004487896548117	0.000912858086601405
cdescubierto_preacordado_tend6	0.000119676088311076	0.00328320267830977	0.000312293555942586
Visa_mconsumosdolares_delta1	0.000119652943711801	0.000201411837759181	0.000504474205753408
vm_mpagado_lag1	0.000119236196142486	0.000330192699580638	0.00030028226532941
mpayroll_sobre_edad_lag1	0.000118013557879787	0.00110570352975586	0.0010690048645727
Master_mconsumototal_delta1	0.000117550181379974	0.000477772845368508	0.00030028226532941
Visa_delinquency_tend6	0.000116482513017585	0.000983635050307691	0.000492462915140232
matm_other_lag1	0.000115924307386816	0.000612649057850241	0.000396372590234821
vm_status02_avg6	0.000115725045987019	0.00108583164860609	0.000348327427782115
Master_mpagado_avg6	0.000114975147235212	0.000280184297569368	0.000516485496366585
Master_mconsumototal_tend6	0.000114688907412479	0.000690689152916951	0.000504474205753408
matm_other	0.000114631963099196	0.000464993945592566	0.000456429043300703
Visa_delinquency_avg6	0.000113580301798558	0.000403060108230823	0.000264248393489881
ctarjeta_master_debitos_automaticos_delta1	0.000113415068609482	0.00202640134533673	0.000504474205753408
vm_status05_tend6	0.000112490275429154	0.00103637107848955	0.000384361299621644
Master_msaldopesos_avg6	0.000109606946938729	0.00199043473978504	0.000624587111885172
ccajas_otras_avg6	0.000109600886092195	0.000692027016070389	0.000324304846555762
Visa_mpagosdolares_tend6	0.000108787057596877	0.000507701766775161	0.000444417752687526
Visa_mpagado	0.000107941379918881	0.000294768159272147	0.000408383880847997
vm_mlimitecompra_lag1	0.000107195139061847	0.000451396181300295	0.00056453065881929
Master_msaldototal_avg6	0.000107116108324996	0.000531719870370287	0.000492462915140232
ctransferencias_emitidas	0.000106672663542533	0.000864392230106004	0.000528496786979761
cpayroll_trx_delta1	0.000106589995076462	0.00302554868824248	0.000600564530658819
ctarjeta_debito_tend6	0.000104351496973796	0.0012014876115602	0.000636598402498349
mcaja_ahorro_adicional_tend6	0.000104320482732096	0.0010229520803945	0.000348327427782115
vmr_mconsumototal_delta1	0.000104109729263925	0.000260248983252837	0.000612575821271996
vmr_Visa_mlimitecompra_tend6	0.000102861303944657	0.00117168555648706	0.000816767761695994
ctarjeta_visa_debitos_automaticos_delta1	0.000102469754374353	0.000907232684273638	0.000444417752687526
mextraccion_autoservicio_lag1	0.000101844444049368	0.000238047374887594	0.000552519368206114
Master_msaldopesos	9.91182914298346e-05	0.000953244796779164	0.00056453065881929
ctransferencias_emitidas_lag1	9.89786533865112e-05	0.000251483672937208	0.000408383880847997
active_quarter_tend6	9.76753543540679e-05	0.000595060770703749	0.000492462915140232
Master_msaldototal_lag1	9.62888364232148e-05	0.000427135878341183	0.000504474205753408
cplazo_fijo_avg6	9.34337716631485e-05	0.000205160161249417	0.000252237102876704
matm	9.31544181364682e-05	0.000585580395599215	0.000480451624527055
mv_status07_lag1	9.28779753241647e-05	0.000369596229440301	0.000408383880847997
vm_fechaalta_tend6	9.20039271031146e-05	0.000490770877902341	0.000516485496366585
mpayroll_avg6	9.16374572110932e-05	0.000464376913879558	0.000624587111885172
Master_mconsumototal_avg6	9.09149640809005e-05	0.000309236687944457	0.000420395171461174
cprestamos_personales_delta1	9.02389635326319e-05	0.00208533652390629	0.000420395171461174
ccajas_depositos_tend6	8.98911586800219e-05	0.00141949587240384	0.000576541949432467
cseguro_vida_avg6	8.98556173645671e-05	0.00109382422761758	0.000384361299621644
ctarjeta_master_transacciones_tend6	8.82942121279443e-05	0.000255750995064554	0.000372350009008468
matm_lag1	8.79702006041393e-05	0.000172197981141435	0.000384361299621644
catm_trx	8.76688888495432e-05	0.000196469817403593	0.000264248393489881
Master_mpagominimo_delta1	8.76118357635587e-05	0.000283119523194799	0.00043240646207435
Master_cconsumos_delta1	8.68696672878708e-05	0.000206642190690941	0.000228214521650351
mforex_sell_tend6	8.68406627715187e-05	0.000345912591633534	0.000444417752687526
ctransferencias_emitidas_delta1	8.68358032639343e-05	0.000683365505482183	0.000648609693111525
mplazo_fijo_dolares	8.64305680418947e-05	0.000826511096248528	0.000228214521650351
ccheques_depositados_avg6	8.12654033182232e-05	0.000657063807883774	0.000204191940423999
vmr_msaldodolares_tend6	7.8680676580185e-05	0.00103492941560869	0.00030028226532941
cextraccion_autoservicio_delta1	7.83390874965326e-05	0.000247325917188808	0.000396372590234821
vm_mconsumototal	7.69594608711677e-05	0.000164759000676198	0.000480451624527055
ccajas_otras_delta1	7.64376613803348e-05	0.00259620994901934	0.000420395171461174
Master_msaldopesos_delta1	7.60417636378349e-05	0.000435139990655718	0.000408383880847997
cforex_sell_tend6	7.59106129369923e-05	0.000579312045393236	0.000324304846555762
mpayroll_sobre_edad_delta1	7.56669174126171e-05	0.000254136332637991	0.00043240646207435
vmr_mconsumototal	7.53536825500854e-05	0.000485874990758941	0.000624587111885172
vm_status01_lag1	7.45957306488513e-05	0.000886870637744372	0.000144135487358117
ccuenta_debitos_automaticos_lag1	7.42234532172956e-05	9.10208276459733e-05	0.000168158068584469
vm_mconsumosdolares	7.27839590516549e-05	0.00020154447074422	0.000252237102876704
vm_fultimo_cierre_delta1	7.09300066185765e-05	0.000198072946527109	0.00030028226532941
vm_msaldodolares_avg6	7.0921178308587e-05	0.000745974041072168	0.000180169359197646
vmr_msaldodolares_avg6	6.99553860815314e-05	0.000966485028676981	0.00030028226532941
Master_status	6.88997271604814e-05	0.000836758436005681	0.000348327427782115
mtarjeta_visa_descuentos_tend6	6.87237139549472e-05	0.000351759976278302	0.000204191940423999
catm_trx_other_avg6	6.86778354462204e-05	0.000559740030122681	0.000492462915140232
vmr_msaldodolares2_avg6	6.85532523154198e-05	0.000832220081256733	0.000384361299621644
vmr_mpagado	6.85298069628952e-05	0.000197409781601914	0.000312293555942586
ctarjeta_master_debitos_automaticos_tend6	6.82648695113311e-05	0.000499507354960353	0.000324304846555762
catm_trx_delta1	6.79890345002874e-05	0.000251870038589279	0.000348327427782115
Visa_msaldodolares_avg6	6.76467876854737e-05	0.000561798724716549	0.000372350009008468
vm_status01_delta1	6.74383271741594e-05	0.000651124156814631	9.60903249054111e-05
ccomisiones_mantenimiento_lag1	6.72334257424938e-05	0.00120529360156567	0.000528496786979761
vmr_mconsumosdolares	6.64464676837434e-05	0.00034966091512377	0.00030028226532941
cextraccion_autoservicio	6.64367523586428e-05	7.0889447177645e-05	0.000264248393489881
vm_status05_avg6	6.63647693696223e-05	0.000219184657754422	0.000324304846555762
Visa_mconsumosdolares_lag1	6.58911426362997e-05	0.000132863651100052	0.000324304846555762
vm_mpagosdolares_avg6	6.39333406833107e-05	0.000383493859611791	0.000180169359197646
Master_mpagado_delta1	6.28948994225166e-05	0.000957252619587954	0.000384361299621644
ccajas_transacciones	6.23784512466065e-05	5.01814015569728e-05	0.000108101615518587
Visa_msaldodolares_delta1	6.0619440196503e-05	0.000568759073105341	0.000336316137168939
catm_trx_other_lag1	5.88453801705589e-05	0.000188811704180465	0.000168158068584469
thomebanking_lag1	5.8083749607764e-05	3.810603326689e-05	0.000312293555942586
Master_msaldodolares_avg6	5.7698622026043e-05	0.000793208683700663	0.000144135487358117
mtarjeta_master_consumo_delta1	5.75199162564298e-05	0.000770885975653428	0.000288270974716233
mcajeros_propios_descuentos_tend6	5.72644129126908e-05	0.00150861370504708	0.000348327427782115
cforex_avg6	5.71665217323331e-05	0.000723905065691964	0.000384361299621644
mforex_sell_delta1	5.60287102789527e-05	0.000858037380127173	0.000264248393489881
mttarjeta_master_debitos_automaticos_delta1	5.57973999041454e-05	0.000504287909073284	0.000372350009008468
Master_status_delta1	5.57162891617022e-05	0.000251806605422521	0.00013212419674494
Master_mpagado_lag1	5.5689541598348e-05	0.000812388566667624	0.000276259684103057
ccuenta_debitos_automaticos	5.53887885566217e-05	0.000150376971776739	0.000276259684103057
cseguro_accidentes_personales_avg6	5.52766562040953e-05	5.42757241386151e-05	0.000180169359197646
Master_mconsumospesos_delta1	5.52419347208783e-05	0.00044845518902334	0.000360338718395292
mpagodeservicios_avg6	5.46688109382806e-05	0.000304046701573362	0.00013212419674494
vm_Finiciomora_tend6	5.45113850239083e-05	0.000823991069532785	0.000156146777971293
mcheques_depositados_tend6	5.45073800069834e-05	0.00130777276578872	0.000324304846555762
Visa_msaldodolares_tend6	5.44335991691457e-05	0.000348046252697207	0.000324304846555762
mplazo_fijo_dolares_avg6	5.4427107179162e-05	0.00064168414827076	0.000360338718395292
catm_trx_lag1	5.32880351176686e-05	7.42398717127636e-05	0.000156146777971293
cmobile_app_trx_delta1	5.30513249256848e-05	0.000392472536033787	0.000336316137168939
active_quarter_lag1	5.26289880654843e-05	0.000363950677598854	0.000552519368206114
ccallcenter_transacciones_lag1	5.15710841876353e-05	0.000429505972117317	0.000276259684103057
cforex_tend6	5.11150921106622e-05	0.00038449725697687	0.000264248393489881
cplazo_fijo_tend6	4.96664777723947e-05	0.000777137025904837	0.000264248393489881
mtarjeta_master_consumo_tend6	4.94234280302128e-05	0.000291204368630661	0.000264248393489881
catm_trx_other	4.9171348107535e-05	0.000124006074360049	0.000192180649810822
cforex_sell_avg6	4.87127672062728e-05	0.000182814386596087	0.000192180649810822
Master_status_tend6	4.8642224230352e-05	0.000229080231768645	0.000192180649810822
vmr_msaldodolares2_tend6	4.84637255110248e-05	0.000582345304094565	0.000216203231037175
mtarjeta_master_descuentos_tend6	4.81459728436386e-05	0.000321081390173603	0.000108101615518587
vmr_mconsumosdolares_lag1	4.80070107353406e-05	0.000218423459753328	0.000204191940423999
Master_madelantopesos_tend6	4.72850517987973e-05	5.0838799830645e-05	3.60338718395292e-05
active_quarter_delta1	4.70203676597737e-05	0.000668320311657528	0.000324304846555762
vm_msaldodolares_delta1	4.60556325268543e-05	0.000733696839978765	0.000228214521650351
Master_mpagosdolares_tend6	4.55101982585031e-05	0.000232194223591302	0.000156146777971293
cplazo_fijo_delta1	4.53236627577575e-05	0.000569301138348544	0.000204191940423999
cseguro_vivienda_avg6	4.51684022247363e-05	0.00020389149791426	0.000228214521650351
Visa_mpagosdolares_avg6	4.47828225535665e-05	0.000322459619887705	0.000336316137168939
ccajas_depositos_avg6	4.47499134432032e-05	0.00030826789048852	0.000216203231037175
ccajeros_propios_descuentos_tend6	4.37997348397759e-05	0.000308971421974379	0.000288270974716233
ccajas_extracciones_avg6	4.25062401996211e-05	0.00014954080730584	0.000240225812263528
mcajeros_propios_descuentos_avg6	4.19891044475796e-05	0.000652202520649514	0.000216203231037175
mttarjeta_master_debitos_automaticos_tend6	4.1869688334745e-05	0.000403913572656292	0.000360338718395292
vmr_msaldodolares2	4.10778394891799e-05	0.000227350236311613	0.000240225812263528
ctarjeta_master	4.05159068868315e-05	8.0946487434524e-05	0.00013212419674494
vm_status04_delta1	4.04516618574509e-05	0.000864207697257254	0.00013212419674494
vmr_mpagosdolares_delta1	4.0371298969701e-05	0.000252723503014748	0.000192180649810822
active_quarter	3.99201309349323e-05	0.000211353544985591	0.000528496786979761
vm_mpagado	3.9841820980717e-05	0.000354487602448889	0.000312293555942586
vmr_msaldodolares_delta1	3.97741114958947e-05	0.000769282846529912	0.000228214521650351
ccaja_ahorro_tend6	3.9572177331771e-05	0.000768936847438505	0.000180169359197646
Visa_status_delta1	3.94877321241173e-05	0.000520036634383798	7.20677436790583e-05
ccheques_depositados_tend6	3.80911108882187e-05	0.0007310730135356	0.000204191940423999
vm_status04_avg6	3.70810072751467e-05	0.000381804230715423	0.000324304846555762
mplazo_fijo_dolares_lag1	3.70486634740976e-05	0.000224368877473994	0.000168158068584469
Master_mpagosdolares_avg6	3.66494575921684e-05	0.000295229491394022	9.60903249054111e-05
cpagomiscuentas	3.63380221805106e-05	0.000117680057638835	0.000216203231037175
Visa_mpagosdolares	3.61209193604073e-05	0.00015096517023213	0.000204191940423999
Master_mpagospesos	3.58695921854336e-05	0.000371389658064091	0.000384361299621644
Master_mconsumosdolares_tend6	3.56803006474151e-05	9.51439834852327e-05	0.000108101615518587
mtarjeta_visa_descuentos_delta1	3.54942749246162e-05	0.000497858092624649	0.000156146777971293
mttarjeta_master_debitos_automaticos_lag1	3.44577592563448e-05	0.00024798331546248	0.000192180649810822
cdescubierto_preacordado_delta1	3.40281872260575e-05	0.0013749311894307	0.000144135487358117
ccajeros_propios_descuentos_avg6	3.39317779237247e-05	0.000163738303356549	0.000144135487358117
vmr_mpagosdolares_avg6	3.37969278280652e-05	0.000498492424292227	0.000216203231037175
cplazo_fijo	3.29900935394451e-05	0.000154967226389397	7.20677436790583e-05
vm_msaldodolares	3.16560919401418e-05	0.000166927261649011	0.00013212419674494
ccajas_transacciones_delta1	3.10811531478548e-05	7.05895812984262e-05	9.60903249054111e-05
Visa_mpagosdolares_lag1	3.09874655651072e-05	0.000348594084591934	0.000192180649810822
mcheques_depositados_avg6	3.05165453782332e-05	0.000613191123093444	0.000144135487358117
mttarjeta_master_debitos_automaticos_avg6	3.02934563399925e-05	0.000115771295984577	0.000108101615518587
vmr_Visa_mlimitecompra_delta1	3.00646422550903e-05	0.000408480760662856	0.000252237102876704
vmr_Master_mlimitecompra_delta1	2.97107383037866e-05	0.000188408038573824	0.000168158068584469
Master_fechaalta_delta1	2.95739514279994e-05	7.61486333670221e-05	0.000204191940423999
mcheques_depositados_delta1	2.94287076414578e-05	0.000644475207608105	0.000156146777971293
vm_msaldodolares_lag1	2.9135832106649e-05	0.000247689216234785	0.000156146777971293
vmr_msaldodolares2_lag1	2.87688480612795e-05	0.000839434162312556	0.000240225812263528
vmr_mpagosdolares_tend6	2.86854236136864e-05	0.000339575041609274	0.000168158068584469
ctarjeta_master_debitos_automaticos	2.81769182385372e-05	0.000232569055940326	0.000108101615518587
mtarjeta_master_descuentos_avg6	2.79586004398915e-05	8.94868983407383e-05	7.20677436790583e-05
mttarjeta_master_debitos_automaticos	2.79484340273217e-05	0.00010616982119805	0.000120112906131764
cseguro_vida_tend6	2.72837162343345e-05	0.000366908969830379	0.000180169359197646
Visa_mpagosdolares_delta1	2.72649829710493e-05	0.000426968645447004	0.000240225812263528
mcaja_ahorro_adicional_delta1	2.70061477880871e-05	0.000771549140578624	0.000240225812263528
Master_mpagominimo_lag1	2.6883152148405e-05	0.000161575809035259	0.000324304846555762
ccajas_consultas_lag1	2.5478779428438e-05	0.000614805785520007	0.000108101615518587
vm_mconsumosdolares_lag1	2.52270439984951e-05	8.79760356415971e-05	0.000144135487358117
ccajas_otras	2.52007191205122e-05	0.00088822580085238	8.40790342922347e-05
ctarjeta_master_transacciones_delta1	2.51859209351416e-05	9.21510913445675e-05	0.00013212419674494
mtarjeta_visa_descuentos	2.49878102599793e-05	0.00121110061964977	0.000216203231037175
ctarjeta_master_transacciones_lag1	2.48803234828733e-05	0.000412771149396295	0.000108101615518587
cpagodeservicios_tend6	2.45251858781505e-05	0.000816771221825438	0.000156146777971293
mtarjeta_master_consumo_lag1	2.41711449361922e-05	0.000101239334145509	0.000180169359197646
cseguro_accidentes_personales_tend6	2.40363753207875e-05	0.000453766275076428	0.000156146777971293
ctarjeta_master_debitos_automaticos_lag1	2.21163193140802e-05	3.26046477135284e-05	4.80451624527056e-05
vm_msaldodolares_tend6	2.17125090044522e-05	7.07164476319419e-05	0.000108101615518587
cplazo_fijo_lag1	2.16397594935071e-05	0.000438951747312712	9.60903249054111e-05
Visa_msaldodolares	2.1451094346225e-05	0.000536465824574078	0.000348327427782115
ctarjeta_master_transacciones	2.1392838607033e-05	0.000466302975488386	0.000168158068584469
vm_status03_avg6	2.05310286662715e-05	8.62402735330417e-05	0.000204191940423999
ctarjeta_master_descuentos_tend6	2.04380374953458e-05	0.000254724531093381	8.40790342922347e-05
tcuentas_tend6	2.04252413793897e-05	0.000715670287316492	0.000108101615518587
vm_Fvencimiento_delta1	2.03332859648652e-05	7.87493932040935e-05	0.000180169359197646
Visa_delinquency_lag1	2.0126230605206e-05	2.92599898299334e-05	3.60338718395292e-05
cforex_buy_avg6	1.99898149307663e-05	0.000874068671362336	0.000168158068584469
Master_mpagado	1.98889182153087e-05	0.000156789488270804	9.60903249054111e-05
mcheques_emitidos_delta1	1.97584702851419e-05	0.00142058576954177	0.000192180649810822
cinversion2	1.95823295095055e-05	0.000633956835229351	0.00013212419674494
Master_mconsumosdolares_delta1	1.95188069066832e-05	7.50241363199514e-06	3.60338718395292e-05
vmr_mconsumosdolares_delta1	1.94038481054307e-05	0.000157971651833109	0.000168158068584469
mcheques_emitidos_avg6	1.93603815663985e-05	0.000679340382718822	0.000108101615518587
ctarjeta_master_debitos_automaticos_avg6	1.93549776629809e-05	1.64234235387565e-05	7.20677436790583e-05
vm_status05_delta1	1.91815002673503e-05	0.00120706973023489	0.000216203231037175
Master_msaldodolares	1.91193685680118e-05	0.000308083357639769	8.40790342922347e-05
Master_delinquency_tend6	1.90976943009948e-05	0.000672466534102881	0.000156146777971293
vmr_mpagosdolares_lag1	1.90785470632338e-05	0.000139754799670563	8.40790342922347e-05
vm_mpagosdolares_delta1	1.85889046977469e-05	0.000550496087730607	0.000120112906131764
cpagodeservicios_avg6	1.85811257127835e-05	9.95554719006641e-05	4.80451624527056e-05
vm_Finiciomora_avg6	1.84444983579267e-05	0.000922537377416847	0.00013212419674494
cinversion1_avg6	1.77579792427053e-05	0.00294409473547389	0.000204191940423999
mtarjeta_master_descuentos	1.74289368611366e-05	8.47005775762833e-05	2.40225812263528e-05
mcheques_emitidos	1.73296935195412e-05	0.000600014324362384	9.60903249054111e-05
Master_msaldodolares_tend6	1.73263704329247e-05	0.000250191942995958	0.000108101615518587
ccajas_depositos_delta1	1.7285434178624e-05	0.000523346692358253	0.00013212419674494
vm_mpagosdolares	1.72847086766374e-05	0.000118031823381765	6.00564530658819e-05
ccajas_extracciones_delta1	1.68649344076875e-05	0.000259856850949243	0.000156146777971293
Master_Finiciomora_tend6	1.65802515428502e-05	0.000565696981146394	8.40790342922347e-05
vmr_msaldodolares	1.62730867976408e-05	5.22862293630284e-05	7.20677436790583e-05
mtarjeta_visa_descuentos_lag1	1.58812161672209e-05	0.000357301728392328	0.000144135487358117
vm_madelantopesos_avg6	1.58130153045089e-05	0.000109376079445082	3.60338718395292e-05
Master_Finiciomora	1.54171585849107e-05	0.000791213422273553	0.000108101615518587
vmr_msaldodolares_lag1	1.51550028136839e-05	4.85206059182222e-05	7.20677436790583e-05
Visa_Finiciomora	1.50843069534256e-05	0.000287646344640699	0.000120112906131764
vmr_madelantopesos_avg6	1.49934508705721e-05	0.00031767329912325	7.20677436790583e-05
ccajeros_propios_descuentos	1.49362225771878e-05	0.000126445367954464	8.40790342922347e-05
ctarjeta_master_descuentos_avg6	1.48246007148776e-05	0.000352082908763615	0.000108101615518587
Master_madelantopesos_avg6	1.48188966286402e-05	9.16897592226923e-07	1.20112906131764e-05
Visa_cadelantosefectivo_avg6	1.45919041525239e-05	0.00022771353535759	4.80451624527056e-05
Master_msaldodolares_lag1	1.44757770170946e-05	0.000729210385093529	0.000168158068584469
tcuentas	1.43868813262166e-05	0.000281481794162142	0.000180169359197646
Visa_msaldodolares_lag1	1.42807559637455e-05	0.000116342194485397	9.60903249054111e-05
vm_mconsumosdolares_delta1	1.42614442462658e-05	0.000155768790951155	0.000156146777971293
Visa_Fvencimiento_delta1	1.41709364502874e-05	2.5321366839424e-05	0.000120112906131764
mprestamos_hipotecarios_lag1	1.38217856864878e-05	8.42161788483143e-05	3.60338718395292e-05
Visa_madelantopesos_avg6	1.37966537611562e-05	0.000230510361346458	4.80451624527056e-05
cinversion2_avg6	1.34090958819669e-05	0.00037529368114546	6.00564530658819e-05
cforex_sell_delta1	1.3251625606861e-05	0.000240734634497517	7.20677436790583e-05
vm_mpagosdolares_tend6	1.29073421385417e-05	0.000117524358047702	0.00013212419674494
ccaja_seguridad_tend6	1.28828624236745e-05	0.000206861323448831	6.00564530658819e-05
mforex_buy_avg6	1.28765793274673e-05	0.00127894527482304	0.000108101615518587
minversion2	1.27882033522696e-05	0.000659854867221119	7.20677436790583e-05
minversion2_tend6	1.26461093124837e-05	0.00039588062708414	9.60903249054111e-05
vm_Finiciomora	1.19681909787176e-05	0.000121630213932392	0.000108101615518587
Master_mconsumosdolares	1.18353085102821e-05	1.92144828761013e-05	4.80451624527056e-05
vm_fechaalta_delta1	1.14996884038476e-05	6.02730417229924e-05	0.00013212419674494
ccheques_depositados_delta1	1.14962276991605e-05	0.00031425367476985	8.40790342922347e-05
cinversion1	1.11709878739971e-05	0.000665085220152879	6.00564530658819e-05
mpagodeservicios_tend6	1.11542627743208e-05	0.000347302354650683	8.40790342922347e-05
mcaja_ahorro_adicional_lag1	1.0923763061609e-05	0.000242210897287517	8.40790342922347e-05
vmr_mpagosdolares	1.0614659014821e-05	0.000120015551505828	9.60903249054111e-05
cseguro_accidentes_personales	1.06039508722504e-05	7.26713424983879e-05	0.000144135487358117
Master_delinquency_avg6	1.05259365023095e-05	0.000271868786072568	9.60903249054111e-05
ccajas_extracciones_lag1	1.04567603681754e-05	0.000153462130341779	4.80451624527056e-05
ccajas_depositos	1.03393955811917e-05	7.47473370468263e-05	7.20677436790583e-05
cliente_edad_delta1	9.68788294880893e-06	0.00012912109426134	0.000120112906131764
ccajas_transacciones_lag1	9.67720372454817e-06	7.386503936374e-05	6.00564530658819e-05
cseguro_vida	9.53055963615721e-06	0.000471815894344795	7.20677436790583e-05
minversion1_pesos_tend6	9.44172963417111e-06	0.000188944337165504	6.00564530658819e-05
vmr_madelantopesos_tend6	9.34051863893872e-06	0.000289549339643434	4.80451624527056e-05
minversion2_lag1	9.21165065659665e-06	2.80605263130579e-05	3.60338718395292e-05
mcajeros_propios_descuentos_lag1	9.18931922866772e-06	0.000327730339380129	9.60903249054111e-05
mcajeros_propios_descuentos_delta1	9.11175372976396e-06	0.000188171605861363	7.20677436790583e-05
Visa_Finiciomora_tend6	9.11154870111271e-06	0.000222938747896181	6.00564530658819e-05
Visa_Finiciomora_avg6	8.93159701607208e-06	0.000648038998249591	7.20677436790583e-05
ccheques_emitidos_avg6	8.51291453932284e-06	0.00098901533617906	7.20677436790583e-05
Visa_madelantopesos_tend6	8.33717396368446e-06	9.70008452757803e-05	2.40225812263528e-05
Visa_cadelantosefectivo_tend6	8.33656523957594e-06	0.000306370662137308	6.00564530658819e-05
mforex_buy_tend6	8.12139857493722e-06	0.000557946601498891	9.60903249054111e-05
cinversion2_lag1	8.08498140351623e-06	5.71129166881475e-05	3.60338718395292e-05
mprestamos_prendarios	8.05482818259446e-06	0.000691732916842694	8.40790342922347e-05
mcaja_ahorro_adicional	8.03541870149901e-06	0.000223486579790908	6.00564530658819e-05
mcaja_ahorro_adicional_avg6	8.00406122648809e-06	0.00012734496559212	0.000108101615518587
ccuenta_debitos_automaticos_delta1	7.74664115572836e-06	0.000126843266909581	0.00013212419674494
ctarjeta_master_avg6	7.73490500189163e-06	6.6587525141159e-05	0.000108101615518587
vm_mpagosdolares_lag1	7.73418838180412e-06	0.000340595738928923	8.40790342922347e-05
cseguro_auto_avg6	7.59685009210939e-06	5.50369221397091e-05	4.80451624527056e-05
minversion2_avg6	7.48950271149471e-06	7.78843954755775e-05	3.60338718395292e-05
ccheques_emitidos_tend6	7.37208615451672e-06	0.000151247736156778	9.60903249054111e-05
cforex_buy_tend6	7.30254836990031e-06	0.000743269481507675	0.000120112906131764
minversion1_pesos_avg6	7.25346921088259e-06	0.000101521900070157	4.80451624527056e-05
ctarjeta_master_tend6	7.1919965439893e-06	0.000745812574829512	8.40790342922347e-05
minversion1_pesos	7.08705033581844e-06	0.000144858286268807	4.80451624527056e-05
minversion2_delta1	7.04992209280449e-06	0.000279924798250813	4.80451624527056e-05
mprestamos_prendarios_tend6	6.95497076090078e-06	0.000593059742625116	8.40790342922347e-05
ccaja_seguridad_delta1	6.7651348072761e-06	0.000261454213421236	2.40225812263528e-05
tcallcenter_lag1	6.37219893154708e-06	2.73512281756748e-05	7.20677436790583e-05
ccajeros_propios_descuentos_delta1	6.23878296560131e-06	0.000145763650557987	8.40790342922347e-05
cseguro_vivienda	6.11353016819247e-06	0.000133555649282865	6.00564530658819e-05
cseguro_vida_lag1	5.9865388624522e-06	2.18786758799305e-05	6.00564530658819e-05
vmr_msaldodolares2_delta1	5.93044780223888e-06	9.95266386430469e-05	4.80451624527056e-05
ccheques_depositados	5.92318394252649e-06	8.46775109701895e-05	3.60338718395292e-05
cforex_delta1	5.79074701970735e-06	0.000327476606713097	6.00564530658819e-05
ctarjeta_master_delta1	5.7730670392656e-06	0.000306336062228167	6.00564530658819e-05
ccajas_depositos_lag1	5.680237643373e-06	5.66285179601785e-06	2.40225812263528e-05
vm_status03_delta1	5.65212413123036e-06	0.000409138158936528	7.20677436790583e-05
Master_Finiciomora_avg6	5.32579011080972e-06	0.000567917141982919	7.20677436790583e-05
mforex_sell_lag1	5.17385746491782e-06	5.71417499457647e-05	4.80451624527056e-05
vmr_madelantopesos_delta1	5.04059656429921e-06	7.29020085593255e-05	1.20112906131764e-05
mcheques_depositados	4.95341381526283e-06	0.000213746705367818	6.00564530658819e-05
cseguro_accidentes_personales_lag1	4.78070786168427e-06	1.84244516173901e-05	7.20677436790583e-05
mprestamos_prendarios_delta1	4.51892249771736e-06	0.000748603634166857	9.60903249054111e-05
ccajeros_propios_descuentos_lag1	4.40280491138081e-06	0.000209289083740199	8.40790342922347e-05
mtarjeta_master_descuentos_delta1	4.363767759232e-06	0.000128780861821457	6.00564530658819e-05
vm_status06_lag1	4.30060650634742e-06	1.89722835121168e-06	1.20112906131764e-05
cprestamos_prendarios_tend6	4.10163106058394e-06	0.000202622834579103	3.60338718395292e-05
ctarjeta_visa_descuentos_delta1	4.05939705896464e-06	6.02326751623284e-05	2.40225812263528e-05
ctarjeta_debito_delta1	3.7638148903109e-06	0.000334644554556733	8.40790342922347e-05
cinversion1_tend6	3.75186920755588e-06	0.000149938706260957	6.00564530658819e-05
ccheques_emitidos	3.73538074609463e-06	0.000131110589036927	1.20112906131764e-05
vm_status02_lag1	3.72919020472961e-06	0.000331028864051536	8.40790342922347e-05
mcheques_emitidos_tend6	3.68883887575731e-06	0.000199474242847305	6.00564530658819e-05
cinversion2_tend6	3.66749632364359e-06	7.97585572206954e-05	2.40225812263528e-05
Visa_Finiciomora_lag1	3.60379319252223e-06	0.000498088758685586	4.80451624527056e-05
mcajeros_propios_descuentos	3.57246123053469e-06	0.000102317697980392	3.60338718395292e-05
mprestamos_hipotecarios_delta1	3.50005045639482e-06	0.000355687065965765	4.80451624527056e-05
ctarjeta_master_descuentos	3.48657966757166e-06	5.90678115545935e-05	4.80451624527056e-05
ccajas_extracciones	3.46890972173821e-06	0.000455853802927914	6.00564530658819e-05
cforex_lag1	3.45605961488572e-06	3.96111293145078e-05	2.40225812263528e-05
cforex_sell_lag1	3.36446602295163e-06	2.93349562997381e-05	1.20112906131764e-05
mprestamos_prendarios_lag1	3.31661426891934e-06	4.60697790207603e-05	1.20112906131764e-05
Visa_fechaalta_delta1	3.31150319560032e-06	5.47255229574434e-06	4.80451624527056e-05
cseguro_vivienda_lag1	3.19704947598703e-06	7.36978064695602e-06	3.60338718395292e-05
Visa_madelantopesos_delta1	3.18834197634765e-06	0.0001986611449825	6.00564530658819e-05
mforex_sell	3.03794474820473e-06	2.09329450300864e-05	2.40225812263528e-05
minversion1_pesos_lag1	2.9835772940244e-06	8.50869432283538e-05	4.80451624527056e-05
cseguro_vivienda_delta1	2.94856120551062e-06	0.000146040449831112	1.20112906131764e-05
cseguro_vivienda_tend6	2.84006190970209e-06	9.33159549523023e-05	6.00564530658819e-05
cforex_buy_delta1	2.67123551656625e-06	8.11079536771803e-05	3.60338718395292e-05
mprestamos_prendarios_avg6	2.59142163324503e-06	7.00186827976056e-05	2.40225812263528e-05
mtarjeta_master_descuentos_lag1	2.52167506641833e-06	4.36593186839625e-05	3.60338718395292e-05
tcuentas_lag1	2.3369670521215e-06	0.000115171564226139	6.00564530658819e-05
cprestamos_prendarios_avg6	2.29807661012112e-06	0.00023985233681443	6.00564530658819e-05
Master_mconsumosdolares_lag1	2.29774823395903e-06	2.06561457569612e-05	3.60338718395292e-05
vm_madelantopesos_tend6	2.19340109510278e-06	9.76409435948821e-05	1.20112906131764e-05
ccheques_emitidos_rechazados_avg6	2.14752561574629e-06	2.2017075516493e-05	1.20112906131764e-05
Master_mpagosdolares_delta1	2.09339030600986e-06	3.72641021444678e-05	2.40225812263528e-05
vm_status03	2.06983343679543e-06	3.96168959660312e-06	4.80451624527056e-05
ctarjeta_visa_descuentos	1.99994848589468e-06	5.07407667547465e-05	1.20112906131764e-05
vm_Finiciomora_lag1	1.99394069402733e-06	0.000123815774859775	3.60338718395292e-05
Master_mpagosdolares_lag1	1.84932023324631e-06	1.54315594767248e-05	3.60338718395292e-05
ccajas_otras_lag1	1.68117493905426e-06	0.000302991404344572	6.00564530658819e-05
mpayroll2_tend6	1.65809952934315e-06	2.81758593435267e-05	1.20112906131764e-05
ccaja_ahorro_delta1	1.58716394841083e-06	3.19876160005204e-05	2.40225812263528e-05
Visa_delinquency	1.57144947368197e-06	1.87589174057496e-05	8.40790342922347e-05
vm_status04_lag1	1.56568466770995e-06	7.10509134203014e-05	3.60338718395292e-05
Visa_cadelantosefectivo_delta1	1.49818603474089e-06	0.000132506118705599	4.80451624527056e-05
mpagodeservicios_lag1	1.47673983064905e-06	8.13962862533523e-05	2.40225812263528e-05
cprestamos_hipotecarios_avg6	1.36513921460443e-06	6.69911907477998e-05	1.20112906131764e-05
mcheques_depositados_lag1	1.34057074198733e-06	4.54066140955647e-05	1.20112906131764e-05
Visa_madelantopesos	1.32931699255339e-06	0.000110650509431762	4.80451624527056e-05
minversion1_pesos_delta1	1.2975110820701e-06	6.80291880220189e-05	2.40225812263528e-05
vm_cadelantosefectivo_tend6	1.1847719418868e-06	7.64657992008113e-05	1.20112906131764e-05
Master_delinquency	1.17585761274576e-06	9.35235544071461e-05	2.40225812263528e-05
ccheques_emitidos_rechazados_tend6	1.17079349077011e-06	4.33940527138842e-05	2.40225812263528e-05
mforex_buy	1.16175543129588e-06	6.94420176452617e-05	1.20112906131764e-05
mprestamos_hipotecarios	1.09246547319299e-06	2.221314166829e-05	1.20112906131764e-05
cprestamos_hipotecarios_lag1	1.04695409049954e-06	5.99155093285392e-05	1.20112906131764e-05
cseguro_vida_delta1	1.03474287045088e-06	0.000239010405692008	2.40225812263528e-05
mpayroll2_delta1	9.36096459207932e-07	6.80118880674486e-05	1.20112906131764e-05
mcheques_emitidos_rechazados_avg6	8.86924242109492e-07	1.01608399843009e-05	1.20112906131764e-05
Visa_madelantopesos_lag1	6.45799908492997e-07	0.000340659172095681	6.00564530658819e-05
cprestamos_prendarios_lag1	6.22462888518539e-07	4.30422869709544e-05	2.40225812263528e-05
mplazo_fijo_pesos_avg6	5.96579077909987e-07	6.08670068299067e-05	1.20112906131764e-05
cprestamos_prendarios	5.71469164672282e-07	5.59422864288892e-05	2.40225812263528e-05
ctarjeta_visa_tend6	5.26683449439003e-07	7.62005332307331e-05	3.60338718395292e-05
vm_madelantopesos	5.02451381953496e-07	3.97495289510703e-05	1.20112906131764e-05
Visa_madelantodolares_lag1	4.96515949921758e-07	2.77375938277453e-06	1.20112906131764e-05
Visa_cadelantosefectivo_lag1	3.47232926552111e-07	8.68976718067138e-05	1.20112906131764e-05
ctarjeta_visa_avg6	2.81217532464519e-07	2.91965566631755e-05	3.60338718395292e-05
cseguro_auto_lag1	2.57365834388005e-07	7.99546233724924e-05	2.40225812263528e-05
Visa_delinquency_delta1	2.34174682119441e-07	5.76665152343977e-05	2.40225812263528e-05
cpagodeservicios_lag1	2.04332382024446e-07	5.40277581231072e-05	1.20112906131764e-05
Master_status_lag1	1.9116293570389e-07	3.55398733389593e-05	1.20112906131764e-05
vm_cadelantosefectivo_lag1	1.63520559504468e-07	5.54751876554906e-06	1.20112906131764e-05
vm_madelantopesos_lag1	1.62102059473245e-07	8.9902097250426e-05	1.20112906131764e-05
Visa_madelantodolares_delta1	1.29323287298728e-07	9.72834112004288e-06	2.40225812263528e-05
cpagodeservicios_delta1	1.04122630734594e-07	6.12130059213131e-05	1.20112906131764e-05
ctarjeta_visa	1.03448370826564e-07	2.77837270399328e-05	6.00564530658819e-05
vm_status02_delta1	1.84673945967367e-08	0.000127004733152237	6.00564530658819e-05
Master_delinquency_delta1	4.84132046527862e-09	3.68489032347801e-06	1.20112906131764e-05
Master_madelantodolares_lag1	1.03227268198123e-10	5.12078655281451e-06	1.20112906131764e-05
vm_status03_lag1	2.41858546211044e-12	1.11757706524263e-05	1.20112906131764e-05
