Feature	Gain	Cover	Frequency
azar_under	0.478951152701244	0.0193717464534144	0.00351898271715193
ctrx_quarter_normalizado	0.0446589556586203	0.0115400035718812	0.00726630605762303
ctrx_quarter_normalizado_avg6	0.0267910269668723	0.00524532071803349	0.00510975572627541
ctrx_quarter_lag1	0.0247112796318169	0.00601737286759502	0.00731451130032374
ctrx_quarter	0.0190263848189972	0.00789533658146241	0.00831921004292804
mpayroll_sobre_edad	0.0165071006291509	0.00716681472503621	0.00233414859392918
ctrx_quarter_normalizado_lag1	0.0139667385294141	0.00440676704135652	0.00453890416797751
cpayroll_trx	0.0127530114588039	0.00715609661821771	0.00101484721475182
mpasivos_margen	0.00961538431001488	0.00841627622503027	0.00813907466230959
mprestamos_personales	0.00714284826651866	0.0121915761502069	0.00206521408201995
mcuentas_saldo	0.00673616317435729	0.00811177444984233	0.00535331905781585
mtarjeta_visa_consumo	0.00554391827284485	0.0046524243674224	0.00296335386707531
mcaja_ahorro_lag1	0.00550774681135123	0.00340210674062249	0.00632757238397759
ctarjeta_visa_transacciones	0.00426196986181223	0.00267437492402062	0.00213879050508946
mcomisiones_otras_avg6	0.00376684553390769	0.00350078962377676	0.00420654170514629
mcomisiones_mantenimiento_tend6	0.00369632310680087	0.0117909688841433	0.0043917513218385
mpasivos_margen_lag1	0.00367080714637816	0.00314148071324591	0.00688573835209109
mcomisiones_avg6	0.00361946869632403	0.00388498328679763	0.00461755482712078
mpayroll_sobre_edad_lag1	0.00357451923441486	0.00265835483891327	0.00194343241624973
cpayroll_trx_lag1	0.00347725242334685	0.00346645743688533	0.000976790444198626
mrentabilidad_annual	0.00315036370232162	0.00372644061816909	0.00534824482174209
mrentabilidad_annual_avg6	0.00306221442673063	0.00436410489084186	0.00596476450470382
cpayroll_trx_avg6	0.00298250310683611	0.00577838131479996	0.00252696956473203
vm_msaldopesos	0.00290552708383438	0.00192948452385731	0.00233922283000294
mpasivos_margen_avg6	0.0027660992919407	0.00440720261464371	0.00839532358403442
mcomisiones_mantenimiento	0.00253001606366953	0.00288534559665792	0.00226057217085968
mpayroll_lag1	0.00252951829070238	0.00267485555661338	0.00185463328495895
mcuenta_corriente_tend6	0.00252731337493207	0.00470578660103332	0.00554106579254493
mcaja_ahorro_avg6	0.00249279485913331	0.00297615211319837	0.00634786932827263
mcaja_ahorro	0.00245139167438009	0.00761502864941241	0.00665486061073505
ctrx_quarter_tend6	0.00232311407874256	0.00324830130698631	0.00594954179648254
cliente_edad	0.00231353228849502	0.00548757756850561	0.0074185331398358
mactivos_margen	0.00229625581849844	0.00295763574256238	0.00335153292671788
mprestamos_personales_lag1	0.00227485518559805	0.00453983918652261	0.00157047606482844
mrentabilidad_annual_lag1	0.00210713675541074	0.00329705247166047	0.00545480377929103
ctrx_quarter_avg6	0.00203538959546969	0.00426138769786213	0.00534317058566833
numero_de_cliente	0.00194576473542751	0.00302435956225197	0.00639353745293646
mpayroll	0.00193294621942039	0.00435380733754203	0.00170494332078306
ccomisiones_mantenimiento_tend6	0.00175840314279994	0.00906929670904165	0.00226310928889656
mprestamos_personales_avg6	0.00175061764619567	0.0029417237997884	0.0013395983234724
ccomisiones_otras_avg6	0.00174068716711246	0.00528873686092804	0.00635294356434639
mcuenta_corriente_avg6	0.00168650086433051	0.00246532077384695	0.00471903954859596
chomebanking_transacciones_tend6	0.00165466229026485	0.00249006133655916	0.00435876878735906
mactivos_margen_avg6	0.0016452326629222	0.00377800348351088	0.00404670326882288
ccomisiones_mantenimiento_avg6	0.00159782939901899	0.00315387202227795	0.00265382546657601
vmr_mpagominimo	0.00159038474793349	0.00143567959410433	0.00220221845601145
mcuentas_saldo_tend6	0.00158357461877336	0.00218267276186096	0.0032373626150583
Visa_Fvencimiento	0.00157564532863421	0.00169921344866709	0.00396805260967961
mcuenta_corriente	0.00156988610756264	0.00213104981744508	0.00316632331002568
mrentabilidad_annual_delta1	0.00155011602536997	0.00256130310262067	0.00499558541461583
Visa_mpagospesos_tend6	0.00149459993623667	0.00222839293724704	0.00312065518536184
mcomisiones_otras_lag1	0.00147126470702509	0.00212597013173037	0.00410759410170799
mcuentas_saldo_lag1	0.0014306152860951	0.00311769240385811	0.00521124044775059
mrentabilidad_delta1	0.00142878260287449	0.00204510369799888	0.00388686483249947
vm_Fvencimiento	0.00142530531168779	0.00213132918513962	0.00331093903812781
Visa_msaldototal	0.00141743132782513	0.00153202840523003	0.00285425779148949
mcuentas_saldo_avg6	0.00141637025756815	0.00304676004502818	0.0050742360737591
cliente_antiguedad_lag1	0.00141074101147686	0.00224918630479122	0.00355450236966825
mrentabilidad	0.00141073538351287	0.00210733059899248	0.0037219521601023
ctrx_quarter_normalizado_tend6	0.00140859371036386	0.00254821187237543	0.00429280371840019
mcomisiones_mantenimiento_avg6	0.00137368844439112	0.0040644124455352	0.00322213990683703
azar_sampling	0.00136287441235976	0.00245521547358422	0.00627429290520312
cliente_antiguedad	0.0013458206180233	0.00260586675583042	0.00467083430589525
cliente_edad_avg6	0.00127673207339797	0.00409237625057259	0.00451353298760872
mcomisiones_otras_tend6	0.00127191759126823	0.00279357180702454	0.00323989973309518
Master_fechaalta_lag1	0.00125610861391659	0.00132179069729669	0.00241026213503557
cliente_edad_lag1	0.00123908095303677	0.00450427237465854	0.00511229284431229
mrentabilidad_lag1	0.00123464816852968	0.0016901475163862	0.00400103514415905
mcomisiones_mantenimiento_delta1	0.00123101968582503	0.00376752869694247	0.00269695647320296
vm_Fvencimiento_avg6	0.00122362763822526	0.0025577704530639	0.00343018358586115
mcaja_ahorro_tend6	0.00122087955249251	0.00168535020231974	0.00295827963100155
mactivos_margen_lag1	0.00119750733483481	0.00207228947902674	0.00393760719323706
mpasivos_margen_tend6	0.00119218633612838	0.00181442108115112	0.00378791722906117
ctransferencias_recibidas_tend6	0.00118531122856482	0.00173280966690086	0.00357479931396328
ccallcenter_transacciones_tend6	0.00118251673281192	0.00388040526135162	0.00178866821600008
ccomisiones_otras_tend6	0.00118166100596437	0.00257329488580997	0.00421922729533069
Master_mfinanciacion_limite	0.00115153705844992	0.000710723430725648	0.00285679490952637
mcuenta_corriente_delta1	0.00113032118583684	0.00204154100890507	0.00363822726488527
vm_status06_tend6	0.00109782018818894	0.00105777621014117	0.000322213990683703
mcuentas_saldo_delta1	0.00109223587205688	0.00337758546653073	0.00271217918142424
Visa_mfinanciacion_limite_tend6	0.00108961229152955	0.00246681974674562	0.00341749799567675
mrentabilidad_annual_tend6	0.00107404513814805	0.00212282198824781	0.00440697403005977
Master_Fvencimiento_lag1	0.00107299456288057	0.00158710289245265	0.00323989973309518
mcomisiones_lag1	0.00105473363577217	0.00211703336945878	0.00548017495965982
mcuenta_corriente_lag1	0.00105110166388656	0.00229178537227808	0.00345048053015619
mrentabilidad_tend6	0.00104153511040539	0.00282943901425908	0.00448055045312928
vm_mpagominimo_avg6	0.00103900447089955	0.00127497708276209	0.00226818352497032
mcomisiones_tend6	0.00103811471628	0.00198365782496852	0.004044166150786
ctransferencias_recibidas_avg6	0.00101945657112839	0.00229812071064136	0.00385134517998315
chomebanking_transacciones_avg6	0.00101528698147381	0.00164343904023126	0.00362554167470087
cprestamos_personales_tend6	0.00099811362874913	0.00189970332682856	0.000601296974740453
Visa_fechaalta_avg6	0.000995232048972186	0.00137530613254656	0.00195358088839725
Master_fechaalta	0.000978760361477364	0.00175441109799161	0.00387164212427819
ctarjeta_visa_transacciones_tend6	0.000970897247739422	0.00118043965572035	0.00220221845601145
Visa_fechaalta_lag1	0.000954223198894366	0.00195937386321943	0.00300141063762851
Master_mlimitecompra_delta1	0.000949731851839585	0.00124893881204944	0.00225296081674904
mcaja_ahorro_dolares_avg6	0.00093098444994673	0.0013153291928778	0.001811502278332
Master_mfinanciacion_limite_tend6	0.000925134249590602	0.00160494637745878	0.00341242375960299
mtransferencias_recibidas	0.000920498093506358	0.00145552070832411	0.00230877741356039
vm_status01_tend6	0.00091305594637971	0.00231499391860086	0.000395790413753209
Master_Fvencimiento_avg6	0.00090993727851991	0.00212433598091499	0.00388432771446259
Master_mlimitecompra_tend6	0.000909283919231534	0.00158678146940624	0.0023316114758923
Visa_mpagominimo_tend6	0.000907211366833682	0.00132322057926014	0.00208297390827811
mv_status07_avg6	0.00090314962507146	0.000820142444420646	0.000573388676334778
vm_status01_avg6	0.000902815157393292	0.00270263311652107	0.000380567705531932
vm_mpagospesos_tend6	0.000890592884021799	0.00202895143892852	0.00236459401037174
vm_fechaalta	0.000871743523786319	0.00178516257206699	0.00287962897185829
mactivos_margen_tend6	0.000855907716354103	0.00196431236311002	0.00385895653409379
chomebanking_transacciones	0.000852068763067751	0.00195987552348812	0.00323228837898454
mautoservicio_tend6	0.000850051939814061	0.00161082211090524	0.00194089529821285
ccallcenter_transacciones_avg6	0.00084135644806912	0.00321434161035428	0.00230877741356039
vm_Fvencimiento_lag1	0.000839333245295292	0.00165019793606692	0.00275023595197743
cprestamos_personales	0.00082676503139081	0.00362414097475432	0.000758598293026985
Master_mfinanciacion_limite_delta1	0.000825101891020656	0.000979336971003114	0.00284410931934197
ctarjeta_debito_transacciones_avg6	0.000821584399833203	0.00177521948530431	0.00322975126094766
Visa_Fvencimiento_avg6	0.000820959168164103	0.00139536653538678	0.00289992591615332
Visa_cconsumos_avg6	0.000814832393767889	0.00118714748434303	0.00204238001968804
Master_mlimitecompra	0.000812015399227936	0.000820274618383654	0.00204491713772492
Master_Fvencimiento	0.000808838499455144	0.00171876918728492	0.00395282990145834
mactivos_margen_delta1	0.000803639641307068	0.00416606623890346	0.00339212681530796
ccomisiones_otras	0.000801790407489319	0.00214080966303176	0.00276545866019871
ctrx_quarter_delta1	0.000800229584292842	0.00297023132044634	0.00329825344794341
mprestamos_personales_tend6	0.000794145308359288	0.00572719093971756	0.00139795203832063
Visa_mfinanciacion_limite	0.000792900040267139	0.00100644464923465	0.00283142372915758
chomebanking_transacciones_delta1	0.000788561316542061	0.00123589564506348	0.00293544556866964
mcomisiones_delta1	0.000787137337141592	0.00136749284896054	0.0030521529983661
mcuenta_debitos_automaticos_tend6	0.000780192716884994	0.0011267439832482	0.00120766818555466
Visa_msaldopesos_tend6	0.000773017895877664	0.00146187707436333	0.00227833199711783
mcuenta_debitos_automaticos	0.000767247080209541	0.0051629913588478	0.00140302627439439
mcaja_ahorro_delta1	0.000756251795781178	0.0019041071229597	0.00303693029014482
mautoservicio	0.000747840053599285	0.00248097738055603	0.00226564640693344
Visa_mconsumospesos_tend6	0.000746450619186869	0.00180821491279713	0.00276292154216183
mextraccion_autoservicio_tend6	0.000740282068350571	0.0011188135454677	0.00150958523194333
vm_mconsumototal_avg6	0.00073280819122646	0.000947861544084894	0.00152734505820149
mcaja_ahorro_dolares_delta1	0.000729642836558366	0.00119335966060442	0.00146137998924262
ccomisiones_mantenimiento_delta1	0.000726293842613864	0.00248902497253102	0.000834711834133371
mrentabilidad_avg6	0.000721277263991195	0.00204233705663682	0.00425982118392076
mcomisiones	0.00071568117376591	0.00211111558066045	0.00387671636035195
vmr_Visa_mlimitecompra	0.00071300953163591	0.00126310245376727	0.00186985599318023
vmr_msaldototal	0.000711113851121226	0.00135741758823485	0.00236459401037174
cproductos_delta1	0.000709784080836292	0.00149195866676256	0.000418624476085125
Visa_fechaalta	0.000702405498909499	0.00184927295203346	0.00300141063762851
vm_mpagado_avg6	0.000702172426303023	0.000649800245639903	0.00175568568152065
cdescubierto_preacordado_avg6	0.000700159357828306	0.00385474849275947	0.000723078640510671
vm_fechaalta_lag1	0.000698987061530824	0.00111492342542007	0.00211595644275754
mpasivos_margen_delta1	0.000697557858963203	0.0018369297062607	0.00302424469996042
mttarjeta_visa_debitos_automaticos_tend6	0.000688245710055352	0.0022575493119052	0.00168210925845114
cmobile_app_trx_avg6	0.000671126013975359	0.00112081117468135	0.00250920973847387
cpagomiscuentas_tend6	0.000670523790471851	0.00121250085361099	0.00132437561525112
Visa_mlimitecompra_tend6	0.000667605212875427	0.00156464233060234	0.0019967118950242
Visa_mpagospesos_avg6	0.00066560100404868	0.000798877456144822	0.00184702193084831
vmr_msaldopesos_avg6	0.000665112404964147	0.000909624217377313	0.00144108304494758
mtransferencias_emitidas_avg6	0.000664821188837576	0.0010010825918717	0.00215147609527386
Master_fechaalta_avg6	0.000663289471539111	0.00170289028800169	0.00270710494535048
ccaja_seguridad	0.000661616365972004	0.00516082851218039	0.000180135380618448
vm_mpagominimo	0.000660272444145358	0.00150849543190713	0.0029151486243746
ctarjeta_visa_debitos_automaticos_avg6	0.000655399042338651	0.00108380546899271	0.00127363325451353
mcuenta_debitos_automaticos_avg6	0.000650909574573517	0.00183157065285145	0.00156793894679156
cprestamos_personales_lag1	0.00065034612702303	0.00227827959642158	0.000664724925662442
mtransferencias_recibidas_avg6	0.000648708906901157	0.00166346339562703	0.00395790413753209
mttarjeta_visa_debitos_automaticos_delta1	0.000648630826939973	0.000799607416895073	0.00148167693353766
mcaja_ahorro_dolares_tend6	0.000645795269543679	0.00214312270738441	0.00195611800643413
vm_msaldototal_tend6	0.000644504498458572	0.00107433700691538	0.00182418786851639
Visa_mlimitecompra_delta1	0.000634122295997078	0.000718020034274451	0.00167196078630362
vm_mconsumospesos	0.000633507783351517	0.000844741821308726	0.00142586033672631
ctransferencias_emitidas_avg6	0.000633170879037237	0.000810343547435798	0.00206775120005683
vmr_msaldopesos2	0.000629863501244106	0.00124045865074097	0.00217431015760577
cproductos_tend6	0.000624798236033819	0.00751764948216599	0.00152227082212773
vm_mfinanciacion_limite	0.000613907610395852	0.000548272618327246	0.00179120533403696
ctarjeta_visa_debitos_automaticos_tend6	0.000613791351357393	0.000986420293838881	0.00122289089377594
vm_mfinanciacion_limite_tend6	0.000613045362577434	0.001145455610875	0.00235951977429798
cproductos	0.000612494836742269	0.00241787632903436	0.0020093974852086
mautoservicio_avg6	0.000610884110877011	0.00318324468160285	0.00314348924769376
Master_mfinanciacion_limite_avg6	0.000606723451199746	0.000788715080761701	0.00177851974385256
vmr_mpagado_avg6	0.000605102254929133	0.000821277938921036	0.00158062453697596
vm_mpagospesos_lag1	0.000601315422959803	0.00100497571587303	0.00227833199711783
Visa_mconsumospesos_avg6	0.000601307621595692	0.000931123514042106	0.00172777738311497
Visa_mlimitecompra	0.000600263516909122	0.000961036885033864	0.00223520099049088
vmr_mpagominimo_avg6	0.000599532354363332	0.0016061028996351	0.00201447172128236
vmr_mpagospesos_tend6	0.000598838817211026	0.00307852685545576	0.00259547175172778
mtarjeta_visa_consumo_lag1	0.000596665691326273	0.00063192972505043	0.00136750662187808
chomebanking_transacciones_lag1	0.000593220516761331	0.00120060820089395	0.00277053289627247
mv_status07	0.000591435715900297	0.00107873779909282	0.000690096106031237
Visa_cconsumos_lag1	0.000587007018150857	0.000726947784684925	0.0014512315170951
vm_mconsumospesos_tend6	0.000586187892851916	0.000709635999484534	0.00131422714310361
mtransferencias_recibidas_tend6	0.00058354281851628	0.00223657570713874	0.00316886042806256
vmr_msaldopesos2_avg6	0.000582324401258231	0.00168048079336436	0.00247369008595756
vmr_msaldopesos2_lag1	0.000570359571267789	0.00182359815971908	0.00194089529821285
vm_fultimo_cierre_avg6	0.000567899178147341	0.000650590285464249	0.00131169002506673
cliente_edad_tend6	0.000565500900328399	0.000465246341882056	0.0014512315170951
ccajas_consultas_avg6	0.000561299035311515	0.00186735374938226	0.00106051533941565
ctarjeta_debito_transacciones_tend6	0.00056038584266338	0.00106056087522546	0.00216162456742137
cproductos_lag1	0.000553858209656441	0.00261258059236051	0.00164405248789795
vmr_mpagospesos_delta1	0.00055372565898436	0.000658944280717119	0.00175822279955753
vm_status04	0.000549468741332487	0.00134078169261803	0.000251174685651075
vmr_mpagospesos_avg6	0.000549024785529235	0.000922376000853916	0.00178866821600008
vm_status06	0.000548199150576338	0.000682348084030714	9.64104854014228e-05
Visa_cconsumos_tend6	0.00054765915665421	0.00130401930717947	0.00255995209921146
mcaja_ahorro_dolares_lag1	0.000544130033971575	0.00162655682041065	0.00185463328495895
ctarjeta_debito_transacciones_delta1	0.00054175971959139	0.00122332409880916	0.00127617037255041
mcaja_ahorro_dolares	0.000540183016464368	0.00107372420035961	0.00176075991759441
thomebanking_tend6	0.000526121282085342	0.00365994209500736	0.00197895206876605
ccuenta_debitos_automaticos_tend6	0.000524978466172149	0.00259177520900151	0.000857545896465287
ccomisiones_otras_lag1	0.000524413347579167	0.00227537777714281	0.00293290845063276
Visa_mconsumototal_delta1	0.000521667606366631	0.000677418596001243	0.001326912733288
Visa_mconsumospesos	0.000521111739357113	0.000792548125688944	0.00192820970802846
vmr_mpagado_tend6	0.000520918716730084	0.00064210411624837	0.00154510488445964
vmr_Master_mlimitecompra	0.000518959209875875	0.001578950162098	0.00196119224250789
cliente_antiguedad_avg6	0.000518875160507097	0.00215737947166709	0.00287455473578453
cmobile_app_trx_tend6	0.000518511646243255	0.00121544472824164	0.0016998690847093
Visa_Fvencimiento_lag1	0.000515077031854763	0.00161856630355605	0.00288977744400581
mcomisiones_otras_delta1	0.000513629843787125	0.00167813770947467	0.00322467702487391
ccaja_ahorro	0.000510607238337407	0.00180579072215741	0.000469366836822716
tcallcenter_avg6	0.000510181755590854	0.00122543287430988	0.00120259394948091
vm_msaldototal_avg6	0.000508741382569687	0.00058635373944218	0.00137004373991496
mttarjeta_visa_debitos_automaticos	0.000508666622655767	0.000400907661434027	0.00102753280493622
Visa_cconsumos	0.000506844687319384	0.000657787758540795	0.00138526644813623
Visa_mfinanciacion_limite_avg6	0.000506790456265077	0.00067972563244648	0.00126348478236602
Master_mfinanciacion_limite_lag1	0.000505342939147309	0.00110952832456636	0.00225296081674904
Visa_mpagominimo	0.000502315329697026	0.00132799986960438	0.00286186914560013
Visa_mpagominimo_lag1	0.000498539338798975	0.000803239196924098	0.00216416168545825
Visa_cconsumos_delta1	0.000498174909168324	0.00128833566488705	0.00132944985132488
matm_tend6	0.000496714888157227	0.000889215355907339	0.00152734505820149
mcomisiones_otras	0.00049317364563634	0.00170108190787144	0.00307498706069801
vm_cconsumos_tend6	0.000493077566215617	0.000924241456104557	0.0017988166881476
cdescubierto_preacordado	0.00048882110778069	0.00302416130130746	0.000649502217441164
vmr_msaldopesos_delta1	0.000486943754973325	0.0018494922406539	0.00106558957548941
vm_mpagado_tend6	0.000484402837223025	0.00106385921639326	0.00176329703563129
vmr_mconsumospesos_avg6	0.000484086158704651	0.000976083689140886	0.00171762891096745
vmr_Master_mlimitecompra_tend6	0.000483531491025848	0.00107857558559276	0.00101484721475182
Visa_msaldototal_tend6	0.000482985178293891	0.00109321685594964	0.00201954595735612
mttarjeta_visa_debitos_automaticos_lag1	0.000478862019262006	0.00106546032371789	0.00142839745476319
Visa_mpagospesos	0.000478632842577201	0.00156936154187248	0.00240518789896181
Visa_msaldopesos_lag1	0.000477512529876851	0.0010772057827034	0.00162882977967667
mpagomiscuentas_lag1	0.000476663375473875	0.000554761158329475	0.000860083014502167
mtransferencias_recibidas_delta1	0.000476231735956736	0.0013845312743738	0.00252696956473203
vmr_msaldototal_tend6	0.000475061828792779	0.000662314716773832	0.00149943675979581
Master_fultimo_cierre_avg6	0.000472803634833828	0.00108865685422586	0.00152988217623837
thomebanking_avg6	0.000470140784790299	0.00113287805671327	0.00191552411784406
vm_fechaalta_avg6	0.000466694575242265	0.00131129788700605	0.00191552411784406
ctrx_quarter_normalizado_delta1	0.000463738170602955	0.00164281722181438	0.00208804814435187
vmr_mconsumospesos_tend6	0.000462441477231319	0.000749985105646544	0.00162882977967667
Visa_mfinanciacion_limite_delta1	0.00045975736009675	0.000881197803469399	0.00217177303956889
Visa_msaldototal_delta1	0.000455298505945091	0.000977895073224841	0.00151973370409085
Visa_mpagospesos_delta1	0.000455107217943159	0.00226836054128855	0.00243055907933061
vmr_mconsumospesos_lag1	0.000455103603916958	0.000453966495720773	0.00140048915635751
Visa_mconsumototal_lag1	0.000454619657031397	0.000508190864044958	0.00131169002506673
Visa_mconsumototal_tend6	0.000453211063349052	0.00118068297597043	0.00165420096004547
mpagomiscuentas_avg6	0.000450570406578785	0.00222676779829278	0.00177090838974192
ccallcenter_transacciones_delta1	0.000445220258560421	0.00475666156097673	0.00134467255954616
Visa_mpagado_tend6	0.000444858652121375	0.000776861479442814	0.00161360707145539
mcuenta_debitos_automaticos_lag1	0.000444643877561492	0.00187855549274722	0.00101231009671494
vmr_mpagominimo_tend6	0.000443823861859566	0.0010314675835951	0.00214386474116322
cextraccion_autoservicio_avg6	0.000434893897436083	0.00055226487280084	0.00176583415366817
vmr_mpagominimo_lag1	0.000434793839648841	0.00090925473107163	0.00180642804225824
Visa_mconsumototal	0.000434479533294708	0.00098285460079136	0.00164405248789795
mtarjeta_visa_consumo_tend6	0.000433648997319303	0.000962256490237987	0.00162629266163979
vm_msaldopesos_delta1	0.000433567400537621	0.00203751871489443	0.00120005683144403
mpagomiscuentas_tend6	0.000432510705820553	0.000521636560827354	0.00126348478236602
ctarjeta_debito_avg6	0.000432481354378596	0.00105271154419499	0.00147152846139014
vm_mpagominimo_delta1	0.000431130981876169	0.00109567108612641	0.00173792585526249
ccajas_consultas_tend6	0.000429984933475189	0.00711788031918606	0.00120513106751779
ctarjeta_debito_lag1	0.000427860676186148	0.000997453815796375	0.00105290398530501
ccallcenter_transacciones	0.000427726161044175	0.00343126611923435	0.000966641972051108
tcallcenter_tend6	0.000425452916318555	0.0044455721153143	0.00158316165501284
mpagomiscuentas_delta1	0.000425157077098831	0.000913024692971074	0.000819489125912094
Visa_mpagado_avg6	0.000424580779714081	0.000646808307749986	0.00174300009133625
mttarjeta_visa_debitos_automaticos_avg6	0.000424008745500368	0.00105443581362151	0.00128378172666105
vmr_mconsumototal_avg6	0.000422728874526838	0.000524216957059723	0.0011036463460426
cproductos_avg6	0.00041902716792682	0.00271199944417244	0.00259039751565402
ctarjeta_visa_transacciones_avg6	0.000417171625717343	0.000672444048666201	0.00146899134335326
mextraccion_autoservicio_avg6	0.000416978810259782	0.000816072087150729	0.00156032759268092
catm_trx_avg6	0.000411660979886733	0.00097972147707732	0.00138272933009935
mpagomiscuentas	0.000411015139589475	0.000840088697020091	0.000890528430944721
vmr_msaldototal_delta1	0.000408231422422456	0.00164628678834335	0.00120513106751779
vmr_msaldopesos2_tend6	0.000395368329754342	0.000853963959182265	0.00145376863513198
Visa_mconsumosdolares_avg6	0.000394366908765093	0.00108353511315928	0.0013395983234724
mtransferencias_emitidas_delta1	0.000393113224179875	0.0014358508194655	0.00151212234998021
vmr_Visa_mlimitecompra_avg6	0.000392814417941043	0.000693808167414281	0.00127870749058729
vmr_mconsumospesos	0.000392093037735085	0.000878154798366502	0.00147406557942702
mtransferencias_emitidas	0.000385226922009029	0.00180499167047195	0.00165927519611922
vmr_Master_mlimitecompra_lag1	0.000379880186639786	0.00129142072534181	0.00137004373991496
Visa_mpagominimo_avg6	0.000378458489755066	0.00131953773201814	0.00227579487908095
vm_cconsumos_delta1	0.000377368769898614	0.000759105109094121	0.00109857210996884
mtransferencias_emitidas_tend6	0.000377037475223878	0.00225798788914609	0.00159331012716036
vm_msaldototal_lag1	0.00037633867028188	0.000804113347452176	0.00135735814973056
vm_mfinanciacion_limite_lag1	0.000373682482380961	0.000596954692066193	0.00115692582481707
mprestamos_personales_delta1	0.000372199856764421	0.00149883171283899	0.000915899611313517
vm_status06_delta1	0.000371675988374184	0.00141915784872829	0.000109096075585821
vm_mconsumototal_tend6	0.000371117558854002	0.000666799619655003	0.00131169002506673
vmr_Master_mlimitecompra_avg6	0.000369174483045543	0.00102347105883309	0.00133452408739864
Visa_mpagospesos_lag1	0.000366919476173996	0.000960078623802054	0.00178105686188944
vm_msaldopesos_tend6	0.000365947392049204	0.00138847546558812	0.00154256776642276
catm_trx_tend6	0.000362967134079094	0.00162033262833444	0.00137258085795184
ctarjeta_visa_transacciones_delta1	0.000362459741966268	0.00163479666542274	0.00124826207414474
mpayroll_tend6	0.00036179238865351	0.00205591192342852	0.00140302627439439
vm_mfinanciacion_limite_delta1	0.000359981912798741	0.000942304229731132	0.00180389092422136
Visa_msaldopesos_delta1	0.000358674081433001	0.000822359362254741	0.00141063762850503
vm_mpagospesos_delta1	0.000357051394818635	0.00106453210202312	0.00173792585526249
vm_mpagospesos	0.000354010098126978	0.000970649536889019	0.00194850665232349
Master_fultimo_cierre_tend6	0.000349864089149193	0.00324901925192174	0.00111125770015324
vmr_msaldopesos_tend6	0.000346977232235343	0.00101708765721053	0.00187493022925399
vmr_msaldopesos	0.000346816755654156	0.000896740259937701	0.00191552411784406
mv_status07_delta1	0.000346644656728244	0.00228704813728571	0.000586074266519176
vmr_msaldototal_avg6	0.00034517689665209	0.00067558318028765	0.00144108304494758
vm_mpagominimo_lag1	0.000344298458475278	0.000719506991358295	0.00132944985132488
cprestamos_personales_avg6	0.000343210700598709	0.00168122877783684	0.00111886905426388
ccajas_otras_tend6	0.000342935481238646	0.0019428611297045	0.000405938885900728
ctarjeta_visa_transacciones_lag1	0.000342774918367017	0.00105895375999343	0.00144869439905822
mpayroll_sobre_edad_avg6	0.000342396594435824	0.0021878996413072	0.0015501791205334
ctransferencias_emitidas_tend6	0.000341974155169712	0.00108819124140162	0.00150451099586957
mautoservicio_lag1	0.00034041557202715	0.00146137241014094	0.00189015293747526
Visa_mconsumospesos_delta1	0.000337662768676602	0.00117137372343946	0.0016998690847093
Visa_msaldopesos_avg6	0.000336601196928308	0.000608607028486862	0.0014512315170951
Master_msaldopesos_tend6	0.000332361634206963	0.00168903605351545	0.00105544110334189
vm_fultimo_cierre_lag1	0.000331077299636192	0.000703838368834394	0.00124826207414474
catm_trx_other_avg6	0.000330176438848724	0.000996937135759161	0.000867694368612805
Master_mpagado_tend6	0.00033010216190564	0.000374016267869233	0.000583537148482296
ccomisiones_otras_delta1	0.000329655354588167	0.00122173500729935	0.000956493499903589
mpayroll_avg6	0.000327442215756074	0.00246839081453319	0.00204999137379867
mcuenta_debitos_automaticos_delta1	0.000326619613884192	0.000722447862035231	0.000745912702842587
ctarjeta_debito	0.000324309152404574	0.000562027722341231	0.00104021839512061
Visa_fultimo_cierre_lag1	0.000323022015265625	0.000531041939876882	0.00139795203832063
mpayroll_delta1	0.000321684909515611	0.00101996544485966	0.00121781665770218
Visa_msaldopesos	0.000320895365369307	0.00151668721365994	0.0022707206430072
ccajas_transacciones_tend6	0.00032074739107164	0.00209422735293243	0.000997087388493662
vmr_mpagominimo_delta1	0.000320619700542092	0.000543907873594265	0.00139541492028375
Master_mpagospesos_tend6	0.000319950322298394	0.00143463121426138	0.00112394329033764
vm_Fvencimiento_tend6	0.000319411047545383	0.00112863947803589	0.000867694368612805
vm_mpagominimo_tend6	0.000318083659697111	0.00125989423121061	0.00162629266163979
Visa_msaldototal_lag1	0.000317585298070683	0.00111560532291104	0.00190030140962278
ctransferencias_recibidas	0.000316687995301992	0.00122160583729005	0.00129900443488233
Master_mlimitecompra_avg6	0.000313190154123962	0.000859926807286166	0.00122035377573906
vm_cconsumos_avg6	0.000309202342594372	0.000621827428741404	0.00145630575316886
cpagomiscuentas_avg6	0.000308245085256821	0.000650722459427257	0.00128378172666105
matm_other_delta1	0.000307953277904763	0.000589570973859952	0.000649502217441164
vmr_mpagospesos_lag1	0.000307538192621618	0.000783947806232285	0.00172524026507809
vmr_mconsumototal_tend6	0.000307274755297699	0.000628739526216001	0.00124572495610786
Master_fultimo_cierre_lag1	0.00030612499681077	0.00122503334846715	0.00146645422531638
Visa_fultimo_cierre_avg6	0.000305279095691696	0.000802836667127663	0.00115692582481707
Visa_mconsumosdolares_tend6	0.00030228658265709	0.00100452512281732	0.00120259394948091
vm_mlimitecompra_delta1	0.000301400237237594	0.0010814533732419	0.00147406557942702
vmr_msaldototal_lag1	0.000300867456094948	0.000847394312430008	0.00153749353034901
ccajas_extracciones_tend6	0.000300119943401691	0.00230626743308861	0.000844860306280889
ctarjeta_master_avg6	0.000299787550050398	0.000160315001314335	8.37248952170251e-05
ccaja_ahorro_lag1	0.000298956749799589	0.000668172426498067	0.000319676872646823
cdescubierto_preacordado_lag1	0.000297770623015355	0.00112859742268402	0.000408476003937607
vmr_mconsumospesos_delta1	0.000297674489307079	0.000664141120626311	0.00134467255954616
mtransferencias_recibidas_lag1	0.000295482571237253	0.00153615884157404	0.00182165075047952
vmr_Visa_mlimitecompra_lag1	0.000295365317015016	0.000630845297763021	0.000872768604686564
Visa_fultimo_cierre	0.000294648096796771	0.000550038943105631	0.00128378172666105
Master_mpagominimo_tend6	0.000293287945795419	0.00174569062038676	0.000933659437571674
matm_other_tend6	0.00029186647360746	0.00124045264283356	0.000969179090087987
active_quarter_avg6	0.000291796548003109	0.00113191979548146	0.00137765509402559
Master_Fvencimiento_tend6	0.00029137296397263	0.000876748948032685	0.00105036686726813
ccomisiones_mantenimiento	0.000289833856680949	0.00221655135174297	0.000903214021129119
ccajas_transacciones_avg6	0.000289500293460557	0.000812073824769726	0.00101231009671494
Visa_mlimitecompra_lag1	0.000286349487764659	0.000627940474530541	0.00115438870678019
Master_mconsumospesos	0.000284725890571574	0.000486664531796822	0.000712930168363153
ccajas_consultas_delta1	0.000283102415378468	0.00204601089201771	0.000443995656453921
ccallcenter_transacciones_lag1	0.000283018323031199	0.00106155217994803	0.000512497843449669
vmr_mpagospesos	0.00028094402315897	0.000558477049062233	0.00152734505820149
Visa_msaldototal_avg6	0.000279692526523028	0.000520522094002898	0.00127870749058729
Visa_mfinanciacion_limite_lag1	0.000279404580321906	0.000893099468047562	0.00140810051046815
Master_mconsumospesos_tend6	0.000278162356917479	0.000978619026067682	0.000827100480022733
cpagomiscuentas_delta1	0.000274737955832632	0.000522288418781282	0.000565777322224139
ctarjeta_visa_debitos_automaticos_lag1	0.000274432855162086	0.000413989879818151	0.000796655063580178
ctarjeta_debito_transacciones	0.000273739308338212	0.00165147762034514	0.00201193460324548
ccuenta_debitos_automaticos_avg6	0.00027312554187042	0.0005584560213863	0.00111125770015324
Visa_mpagado_delta1	0.000272740468388372	0.000807111293249502	0.000685021869957478
vmr_mconsumototal_delta1	0.000272340568846068	0.000574094604373154	0.000981864680272385
vmr_msaldopesos2_delta1	0.000271369879224613	0.00117326921822715	0.00163644113378731
matm_other_avg6	0.000271111707934532	0.00162136298445516	0.000964104854014228
matm_avg6	0.000270085950240782	0.000780301006434736	0.00126094766432914
vm_fultimo_cierre	0.000269371248922134	0.000470698517856151	0.00121274242162842
Visa_status	0.000268460472189149	0.00184947121297797	0.000228340623319159
mcomisiones_mantenimiento_lag1	0.000266410864279993	0.00160757784090413	0.00204999137379867
Master_msaldototal_delta1	0.000264537731409381	0.0013669641531085	0.00107573804763693
ctransferencias_recibidas_lag1	0.000263504135274178	0.00126734103244465	0.00106558957548941
vm_status05_delta1	0.000263304944319697	0.000835255335509171	0.000124318783807098
vm_msaldopesos_lag1	0.000262518194231263	0.00147044134637554	0.00161360707145539
Visa_Fvencimiento_tend6	0.000261545348585056	0.00127743131293886	0.000928585201497915
Master_mlimitecompra_lag1	0.000261257483340956	0.000558410962080729	0.00125079919218162
cforex_tend6	0.000261150022175926	0.000418862292727232	0.000416087358048246
Visa_fultimo_cierre_tend6	0.000260740240321092	0.0037883521040237	0.000827100480022733
mautoservicio_delta1	0.000260152992895109	0.0007582670060105	0.00137511797598872
vm_mlimitecompra	0.000259449195916198	0.000568299977676719	0.00133706120543552
vm_status02_tend6	0.000256621881911267	0.000656372896345865	0.0002232663872454
ccaja_seguridad_lag1	0.000255515857911873	0.00137990818962221	7.8650659143266e-05
matm	0.000255035648237985	0.000463029424047961	0.000771283883211383
vm_mconsumosdolares_tend6	0.000254454888482715	0.000286303823644655	0.000581000030445416
vm_mlimitecompra_tend6	0.000253460986854072	0.000757350800130555	0.00139034068420999
vm_status04_tend6	0.000250492447082292	0.00133737821307056	0.000431310066269523
vm_msaldototal	0.000241111933711977	0.00163180472753282	0.00302170758192354
active_quarter	0.000240057335696832	0.000246285152390166	0.000555628850076621
catm_trx_other_tend6	0.000239529711989123	0.00150978112409275	0.000773821001248262
cpagomiscuentas_lag1	0.000238552687559694	0.000439319217456482	0.000624131037072369
Master_mpagospesos_delta1	0.000235378470715903	0.000769892306847827	0.000667262043699321
foto_mes	0.000234492720091744	0.000347266060128561	0.000791580827506419
mextraccion_autoservicio	0.000233669458419685	0.000762487560965653	0.000903214021129119
Master_fultimo_cierre	0.000232216702803219	0.000500569833496043	0.00116961141500147
cpayroll_trx_tend6	0.000231488402411193	0.00184419026236505	0.00161360707145539
Visa_mconsumosdolares_delta1	0.000230518754557474	0.000503303431367353	0.000667262043699321
cmobile_app_trx	0.000230199313154095	0.000702357419657959	0.000591148502592935
vm_mpagado_delta1	0.000229525081837756	0.000755620522796628	0.000629205273146128
ctarjeta_debito_transacciones_lag1	0.00022948770962186	0.00118462416323105	0.0015882358910866
vmr_msaldopesos_lag1	0.00022901786871572	0.000656559141475559	0.00131169002506673
Master_mconsumototal_lag1	0.000227894713131784	0.000498665326847241	0.000613982564924851
ctransferencias_emitidas_delta1	0.00022642567670961	0.000842368697881985	0.000682484751920598
vmr_mconsumosdolares_tend6	0.000225048053704233	0.00105318616888034	0.000989476034383024
vm_mfinanciacion_limite_avg6	0.000224220968876856	0.000602851453188589	0.00122035377573906
vm_mconsumospesos_lag1	0.000219212390260708	0.000542703288158666	0.00122035377573906
Master_mpagospesos_lag1	0.00021919556981757	0.000917767935870851	0.000837248952170251
Visa_mlimitecompra_avg6	0.000218016782046169	0.000737305417058854	0.00116200006089083
Master_cconsumos_lag1	0.000217811775170227	0.000754668269472226	0.000497275135228391
Visa_mpagominimo_delta1	0.00021771078085452	0.000978555943039883	0.00162629266163979
vm_status01	0.000217214075001646	0.00482590569782459	0.000324751108720582
mextraccion_autoservicio_lag1	0.000216976787377571	0.00024095313456426	0.000928585201497915
vm_fultimo_cierre_delta1	0.000215339907946711	0.000106192767416112	0.000370419233384414
mtarjeta_visa_consumo_delta1	0.000214581683430676	0.000774199976460418	0.00110618346407948
Visa_mconsumospesos_lag1	0.000214310662595297	0.000684820337929712	0.00140048915635751
tcallcenter	0.000211619887837054	0.000916869753713135	0.000403401767863848
vm_mlimitecompra_lag1	0.000211282041932316	0.000422512096478486	0.000697707460141876
mforex_sell_tend6	0.000209526170908689	0.000348392542767837	0.000535331905781585
vm_status04_delta1	0.000209315503293208	0.000951216960373083	0.000131930137917737
vm_mconsumosdolares_avg6	0.000208670041556396	0.000853519374033964	0.000801729299653937
ctransferencias_recibidas_delta1	0.000206527455199692	0.000936161144404948	0.00101992145082558
Master_msaldototal_lag1	0.000205131582164358	0.000499224062236321	0.00067487339780996
vmr_mpagado_lag1	0.00020512718046576	0.000374451841156419	0.000550554614002862
mplazo_fijo_dolares	0.000204257969642916	0.00174912113551757	0.000268934511909232
ccajas_consultas	0.000204217989138345	0.00126598624932381	0.000317139754609944
vmr_mpagado_delta1	0.000202954251273951	0.000902072277763607	0.000720541522473792
vm_mconsumospesos_avg6	0.000202207266071042	0.000835198260388781	0.00127363325451353
cextraccion_autoservicio_tend6	0.000201758625117942	0.000830028456062931	0.00125841054629226
Master_mpagospesos_avg6	0.000201330635016175	0.00127706783454058	0.000761135411063864
mtarjeta_visa_consumo_avg6	0.000200691587997626	0.000699101133842026	0.00140048915635751
matm_lag1	0.000198970607281636	0.000207432015173114	0.000502349371302151
thomebanking_delta1	0.000198739603052442	0.00131313630667335	0.000400864649826969
Master_mconsumospesos_avg6	0.000197003086825552	0.000570399741316329	0.000646965099404285
vm_mconsumototal_delta1	0.000196809058900962	0.000306063831114406	0.000611445446887971
Visa_mpagosdolares_tend6	0.000194718260993024	0.00099358772737838	0.000565777322224139
Master_msaldototal	0.000194392888562172	0.00137516795067614	0.000994550270456783
vm_status02_avg6	0.000194253899361423	0.000721759956636847	0.000230877741356039
Master_cconsumos_tend6	0.000192178270734827	0.000414043950984836	0.000847397424317769
Visa_mconsumosdolares	0.000190385111900487	0.000780547330638525	0.000707855932289394
ccaja_seguridad_avg6	0.000189740836739736	0.0032696714336418	0.000159838436323412
ccajas_depositos_tend6	0.000188449996699383	0.00103245588436396	0.000469366836822716
Master_msaldopesos_avg6	0.000185880832876714	0.0014579869543157	0.000695170342104996
Master_msaldopesos_lag1	0.000184592758472689	0.000952214273003056	0.000608908328851091
Visa_mpagado_lag1	0.000183952928987077	0.000521573477799555	0.000624131037072369
mtarjeta_master_consumo	0.000183868881828301	0.000979838631271805	0.000466829718785837
cextraccion_autoservicio_delta1	0.000183629492203581	0.000391988922884666	0.000586074266519176
mextraccion_autoservicio_delta1	0.000182296358935964	0.00049065378231671	0.00100723586064118
ctarjeta_debito_tend6	0.000182069651424715	0.0012022303358945	0.000489663781117753
cforex_sell_avg6	0.000177443059557389	0.000455393373730523	0.000309528400499305
mtransferencias_emitidas_lag1	0.000177385575216871	0.000638715656469428	0.00122289089377594
Master_msaldototal_tend6	0.000176342894610345	0.00120507808400659	0.000992013152419903
vmr_mconsumosdolares_avg6	0.000176105036589709	0.00072200928479434	0.000806803535727696
Master_mpagominimo	0.000173481704424824	0.000344880920887001	0.000555628850076621
ctarjeta_visa_debitos_automaticos_delta1	0.000172420071302731	0.000440664988716204	0.000459218364675198
ccajas_depositos_avg6	0.00017072306979839	0.000318085653840759	0.000271471629946112
vm_mlimitecompra_avg6	0.000169733691954172	0.00045820807835186	0.000690096106031237
Master_cconsumos	0.000169148220529579	0.000496181057133424	0.000329825344794341
vm_msaldopesos_avg6	0.000169034473985653	0.00115612265048052	0.00157808741893908
ccaja_ahorro_avg6	0.00016803433640055	0.00124120963916715	0.000474441072896476
ccuenta_debitos_automaticos	0.000166270775098664	0.0008635645952226	0.000489663781117753
Visa_mconsumototal_avg6	0.000165967032305339	0.000779997607110558	0.00111886905426388
vm_msaldototal_delta1	0.000164177288541841	0.00172930405292743	0.0012533363102185
ccheques_depositados_avg6	0.000163889716365242	0.00142977081716712	0.000268934511909232
tcallcenter_delta1	0.000163691809007321	0.00161439681581388	0.000258786039761714
Master_fechaalta_tend6	0.00016367975295359	0.000513096320444791	0.000697707460141876
Master_msaldodolares_tend6	0.000161157743555911	0.000329290401159423	0.000187746734729087
mtarjeta_master_consumo_lag1	0.000160800275159834	0.000348810092332795	0.000268934511909232
Master_cconsumos_avg6	0.000158455187734496	0.00135768494011458	0.000768746765174503
cmobile_app_trx_lag1	0.000158177184316733	0.000452314321183169	0.000550554614002862
mtarjeta_master_consumo_avg6	0.000157713309119	0.000253692902226044	0.000403401767863848
catm_trx_delta1	0.000156819009110585	0.000642245302072493	0.000438921420380162
mtarjeta_visa_descuentos_avg6	0.000155779200695087	0.000839466878603211	0.000327288226757462
cextraccion_autoservicio	0.000155578787236541	0.000408264344056924	0.000761135411063864
cplazo_fijo_avg6	0.000154108269731324	0.000420610593783388	0.000309528400499305
mplazo_fijo_dolares_delta1	0.000154098756676283	0.00218271481721283	0.000517572079523428
Master_status_avg6	0.000151094705913829	0.000779607093128942	0.000205506560987243
mv_status07_tend6	0.000151094473811266	0.000993299347822726	0.000426235830195764
vmr_mconsumototal_lag1	0.000151091322281457	0.000397170743025335	0.000992013152419903
vmr_mconsumosdolares	0.000151028412686677	0.000350474282685219	0.000487126663080873
vm_mconsumospesos_delta1	0.000150637830425534	0.000517232764696212	0.000659650689588682
Master_mconsumototal_tend6	0.000150285628904708	0.000593623307407641	0.000646965099404285
catm_trx_other_delta1	0.000150265994675222	0.000564163533425298	0.000395790413753209
vm_mpagospesos_avg6	0.000149756355827166	0.000735527076465651	0.00139541492028375
thomebanking	0.000149384218692306	0.000417813912884279	0.000408476003937607
cinversion1_tend6	0.000148692104301193	0.000310996323097582	7.61135411063864e-05
vmr_mpagado	0.000148516449320883	0.0006288656922716	0.000370419233384414
Master_mpagospesos	0.000148156374660303	0.000401769796147286	0.000771283883211383
Master_mpagominimo_delta1	0.000147239710673062	0.000385449315669457	0.00067233627977308
mplazo_fijo_dolares_lag1	0.000147007071710478	0.000821527267078529	0.000220729269208521
vm_mconsumototal_lag1	0.000146814785288587	0.000437615975705897	0.000814414889838335
vm_cconsumos	0.000146719962402188	0.00106132087551276	0.00101992145082558
cextraccion_autoservicio_lag1	0.000142296353519331	0.000371048361608954	0.000766209647137623
Master_mconsumosdolares_avg6	0.000141965557787696	0.00183053729277702	0.000405938885900728
ctransferencias_emitidas_lag1	0.000140643233891124	0.000538605895305406	0.000669799161736201
Master_msaldototal_avg6	0.00014003166283457	0.000371583065368397	0.000677410515846839
active_quarter_tend6	0.000139799708097618	0.000944013479389127	0.000466829718785837
Visa_fechaalta_tend6	0.000137844735852186	0.000693994412543975	0.000522646315597187
Master_status_tend6	0.000137184208841713	0.000477163026228742	0.000152227082212773
mtarjeta_master_consumo_tend6	0.000136358456936782	0.00155839110294279	0.000570851558297898
ctransferencias_emitidas	0.000136088467251981	0.000470554328078324	0.000695170342104996
matm_other	0.000135684428374323	0.000526959566792146	0.000405938885900728
vm_status06_avg6	0.000135649978292494	0.000143949461530935	0.000159838436323412
mcaja_ahorro_adicional_tend6	0.000135423384308119	0.00105655059702964	0.000271471629946112
vm_cconsumos_lag1	0.000134929321701108	0.000608889400135108	0.000834711834133371
ccomisiones_mantenimiento_lag1	0.000131693055430382	0.00126447526061033	0.000598759856703573
mforex_sell_avg6	0.0001312049047051	0.00100504480680824	0.000530257669707826
vmr_mpagosdolares_lag1	0.000131096759120776	0.000272278363797244	0.000172524026507809
mplazo_fijo_dolares_tend6	0.000130806472962252	0.000672365945869878	0.000428772948232644
Visa_mconsumosdolares_lag1	0.000130321007641312	0.000172090499836899	0.000413550240011366
vm_mpagado_lag1	0.000128028664614143	0.000287388250932065	0.00044906989252768
ctarjeta_master_transacciones_tend6	0.000126261772431025	0.00121295445062041	0.000652039335478044
cseguro_vida_avg6	0.000123992723529406	0.00140684464249258	0.000263860275835473
matm_other_lag1	0.000123351458078746	0.00103473588522585	0.000459218364675198
matm_delta1	0.000122576353564344	0.000582824093839116	0.000781432355358901
vmr_msaldodolares2_tend6	0.000122477367920976	0.000765767878411225	0.000517572079523428
ctarjeta_visa_descuentos_avg6	0.00012197084817412	0.00103412608262379	0.000258786039761714
vm_fechaalta_tend6	0.000119911097175684	0.000528659804589027	0.00050742360737591
mtarjeta_master_consumo_delta1	0.00011871523433673	0.000715160270347543	0.000357733643200016
vm_mconsumosdolares	0.00011771874680282	0.000330011350048559	0.000380567705531932
mpayroll_sobre_edad_delta1	0.000117686632147	0.000804485837711563	0.000758598293026985
vm_status02_delta1	0.0001173803157285	0.00017986172807105	2.28340623319159e-05
Visa_mpagado	0.000116627347003516	0.000378191763518815	0.000360270761236896
cprestamos_personales_delta1	0.000116288207385108	0.00136022928890249	0.000266397393872353
vm_status05_avg6	0.000116215646809816	0.00022987154934749	0.000294305692278028
Master_mconsumospesos_lag1	0.000115929928139507	0.000522606837873984	0.000459218364675198
cpagomiscuentas	0.000115259299470657	0.000319389369748614	0.000553091732039742
vm_mconsumototal	0.000115095605613877	0.000423981029840102	0.000887991312907842
vm_msaldodolares_avg6	0.000114578547038798	0.000628168775012101	0.000350122289089378
cseguro_accidentes_personales_tend6	0.000113488488274214	0.000391403151912243	9.38733673645433e-05
Master_mconsumospesos_delta1	0.000112808868477908	0.000451157799006846	0.000540406141855344
vm_mpagado	0.000112332556375006	0.000485027377027741	0.000294305692278028
Master_fultimo_cierre_delta1	0.000112153381003416	0.000187134299990215	0.000489663781117753
Master_mconsumototal	0.000111726298048101	0.000298316634509893	0.000378030587495053
Master_msaldodolares_avg6	0.000111362664847543	0.00159352834942708	0.00033743669890498
vmr_Visa_mlimitecompra_tend6	0.000108400212487751	0.000931832447116424	0.000692633224068117
vm_status02	0.000108054631001297	0.00102469967589833	0.000177598262581568
cpayroll_trx_delta1	0.000107444608524589	0.00142245018198868	0.000471903954859596
Visa_status_avg6	0.000107322611952214	0.000235089416932616	0.000152227082212773
ccajas_extracciones_avg6	0.000106650355742751	0.000589949472026749	0.000482052427007114
vm_mconsumosdolares_delta1	0.000106459052826257	0.000431716210629796	0.000339973816941859
vmr_msaldodolares2_avg6	0.000105646952956099	0.00081986608067981	0.000697707460141876
ctarjeta_visa_debitos_automaticos	0.000105414506383203	0.00031096928751424	0.000497275135228391
cforex_avg6	0.000104548245912666	0.00113338272093567	0.000436384302343282
mpayroll_sobre_edad_tend6	0.000103907348015555	0.00115563300602664	0.000814414889838335
Visa_delinquency_tend6	0.000102949157639755	0.000699777023425591	0.00027908298405675
Master_mpagominimo_avg6	0.000102011999285431	0.000677565789732775	0.000687558987994358
mcajeros_propios_descuentos_tend6	0.000101645065043446	0.00119869768633773	0.000345048053015619
ccajas_otras_delta1	0.000101120130805081	0.00150358697155359	0.000202969442950364
mcajeros_propios_descuentos_avg6	0.000100793437949411	0.000906797496941157	0.000365344997310655
mttarjeta_master_debitos_automaticos_delta1	0.000100510361546318	0.000387750344207284	0.000256248921724834
Visa_mpagosdolares_avg6	9.98446398288516e-05	0.000715379558967988	0.000383104823568812
ccajeros_propios_descuentos_tend6	9.82560563520916e-05	0.000709329596206651	0.000289231456204268
cseguro_accidentes_personales_avg6	9.60137592810964e-05	0.00026083930808961	0.000271471629946112
ctarjeta_master_transacciones_avg6	9.50552475179881e-05	0.00131863654590672	0.000461755482712078
mplazo_fijo_dolares_avg6	9.46785236645037e-05	0.000698485323332555	0.000332362462831221
Visa_fultimo_cierre_delta1	9.44987073310496e-05	0.000220394075409049	0.000375493469458173
vm_status03_tend6	9.40957060584131e-05	0.00108345100245555	0.00028162010209363
vm_Finiciomora_lag1	9.33518471542556e-05	0.00025663377290298	9.13362493276637e-05
vm_fultimo_cierre_tend6	9.3067505514451e-05	0.00111309101366018	0.000880379958797203
Visa_mpagosdolares_delta1	9.28582621882456e-05	0.000437258505215033	0.000306991282462425
thomebanking_lag1	9.22839325353151e-05	8.42278579270843e-05	0.000347585171052498
vm_status05	9.12458505823556e-05	0.000436687754011134	0.000124318783807098
vmr_msaldodolares_avg6	9.09563868744602e-05	0.00053844968971276	0.000367882115347534
Master_msaldopesos	8.96672630286832e-05	0.000680287371789266	0.00067487339780996
mcheques_depositados_tend6	8.85546053576698e-05	0.00105695913473348	0.000274008747982991
cmobile_app_trx_delta1	8.80705107340251e-05	0.000157956897656117	0.00016744979043405
mtarjeta_visa_descuentos_delta1	8.73770753103954e-05	0.000225482772984871	0.000215655033134762
ctarjeta_master_debitos_automaticos_tend6	8.69506281180483e-05	0.000436113998853529	0.00028162010209363
vmr_Visa_mlimitecompra_delta1	8.59342520870908e-05	0.000514856637315766	0.00028162010209363
cplazo_fijo_tend6	8.50984764755315e-05	0.000999571603158214	0.000327288226757462
vm_msaldodolares_tend6	8.48822111194234e-05	0.000424978342470074	0.000411013121974487
Visa_status_tend6	8.47547231485129e-05	0.000419150672282887	0.000147152846139014
Master_msaldopesos_delta1	8.46133812751994e-05	0.000635753758116559	0.000598759856703573
ctarjeta_master_debitos_automaticos_avg6	8.45830078393646e-05	0.000104080987961683	0.000154764200249652
ccaja_ahorro_tend6	8.45232817130547e-05	0.00108853669607767	0.000137004373991496
vmr_msaldodolares2_delta1	8.35747883285048e-05	0.00053941395885198	0.000266397393872353
ccuenta_debitos_automaticos_lag1	8.15621893669648e-05	0.000127586925701239	0.000365344997310655
cdescubierto_preacordado_tend6	8.15542917978556e-05	0.00243616139523508	0.000126855901843977
vmr_mpagosdolares_tend6	8.11654881211773e-05	0.000636444667468648	0.000301917046388666
Master_status	8.08291834744333e-05	0.000342135307200873	0.000134467255954616
Master_fechaalta_delta1	8.0520520169411e-05	3.70898163923717e-05	0.000147152846139014
cplazo_fijo_delta1	8.03856498828047e-05	0.000320275536091511	9.13362493276637e-05
Master_mpagosdolares_tend6	7.90497300013575e-05	0.000505159874756879	0.000210580797061002
Master_mconsumosdolares_tend6	7.78923471454131e-05	0.000823245528597638	0.000317139754609944
ccajas_otras_avg6	7.75411219302301e-05	0.00084083668149257	0.000309528400499305
vm_mpagosdolares_delta1	7.73999276280751e-05	0.000477748797201166	0.000159838436323412
ctarjeta_master_debitos_automaticos	7.71807723633942e-05	0.000101479564053381	8.11877771801455e-05
vmr_msaldodolares_tend6	7.70920096234215e-05	0.000791286465132955	0.000492200899154632
Visa_mpagosdolares_lag1	7.70646714332096e-05	0.00123753880773997	0.000228340623319159
mcaja_ahorro_adicional_avg6	7.67876050956209e-05	0.000244176376889441	0.000109096075585821
mtarjeta_visa_descuentos_tend6	7.64563470848137e-05	0.000783716501797021	0.000314602636573064
mv_status07_lag1	7.63092236419588e-05	0.000369119823330513	0.000423698712158885
vmr_msaldodolares_delta1	7.60970298888249e-05	0.000581751682366525	0.000246100449577316
Master_mconsumototal_avg6	7.59688088918917e-05	0.000398717779183274	0.000497275135228391
tcuentas_avg6	7.48797050344434e-05	0.000702204218019018	0.000383104823568812
Master_mpagado_delta1	7.39384140262104e-05	0.000605209556846806	0.000271471629946112
catm_trx_other_lag1	7.38528815526635e-05	0.000457027524545899	0.000230877741356039
cforex_sell_tend6	7.20820321214073e-05	0.000336713170763825	0.000322213990683703
Visa_msaldodolares_tend6	7.17596127095938e-05	0.000432500242546732	0.000400864649826969
catm_trx	7.1338328663687e-05	0.000373478560156085	0.000509960725412789
Master_Fvencimiento_delta1	7.0436531083415e-05	0.000233554396589496	0.000327288226757462
Visa_msaldodolares	7.00623890650438e-05	0.000285054178903485	0.000246100449577316
vmr_mconsumosdolares_lag1	6.89206235227656e-05	0.000261806581182535	0.000274008747982991
Master_mpagado_avg6	6.82304781938834e-05	0.000545259652761396	0.000588611384556055
mttarjeta_master_debitos_automaticos_tend6	6.81835609088162e-05	0.000382610579418482	0.000208043679024123
vmr_mconsumototal	6.73277702410182e-05	0.000411577704993248	0.000890528430944721
ccheques_depositados_tend6	6.63519534436802e-05	0.0014510057659059	0.000253711803687955
ctarjeta_master_debitos_automaticos_delta1	6.49854036840936e-05	0.00055806250345098	0.000159838436323412
vm_mpagosdolares_tend6	6.41306676761895e-05	0.000698872833360466	0.000296842810314907
minversion1_pesos_tend6	6.28239451272775e-05	0.000266787136424987	8.37248952170251e-05
vmr_msaldodolares	6.14111534434041e-05	0.000179735562015451	0.000172524026507809
mttarjeta_master_debitos_automaticos_avg6	5.97773204145353e-05	0.000151804800468819	0.00016744979043405
mforex_sell_delta1	5.96462743635452e-05	0.000466724287104786	0.000213117915097882
mttarjeta_master_debitos_automaticos_lag1	5.85476835855824e-05	0.000192682602482862	0.000162375554360291
cplazo_fijo	5.8249281965163e-05	0.000441130601540438	0.000134467255954616
mtarjeta_visa_descuentos_lag1	5.67417350616952e-05	0.000234966254830722	0.000106558957548941
active_quarter_lag1	5.65762244856049e-05	0.00028522840821836	0.000403401767863848
ctarjeta_master_transacciones_lag1	5.64131992368105e-05	0.000237270287322254	0.000213117915097882
Visa_Finiciomora_lag1	5.63840713569498e-05	0.000676084840556341	0.000101484721475182
Master_mpagominimo_lag1	5.54253099400782e-05	0.000173517377846648	0.000487126663080873
catm_trx_other	5.52595126033801e-05	0.000291161216785213	0.000261323157798593
vm_mconsumosdolares_lag1	5.28666112060458e-05	0.00107515107836936	0.000274008747982991
Master_Finiciomora	5.2469445779878e-05	0.000429703561647623	6.85021869957478e-05
vmr_mpagosdolares	5.23514565097266e-05	0.000248556141390946	6.34279509219887e-05
vm_status01_delta1	5.21366875070926e-05	0.000431370755953751	8.62620132539046e-05
vm_mpagosdolares	5.19090905359182e-05	7.18185251728211e-05	7.35764230695069e-05
cplazo_fijo_lag1	5.14090427064703e-05	0.000427714944295088	7.8650659143266e-05
Master_msaldodolares	5.11416322191558e-05	0.000576107253355327	0.000197895206876605
cseguro_accidentes_personales	5.1138428574235e-05	0.000110602571454664	0.000109096075585821
Visa_delinquency_avg6	5.11341850011617e-05	0.000339840286570455	0.000230877741356039
ctarjeta_master	5.10292770065476e-05	2.25867279059077e-05	5.32794787744705e-05
cseguro_vivienda_avg6	5.09599235903779e-05	0.000164664726278792	0.000197895206876605
catm_trx_lag1	5.09521765978536e-05	0.00019623327576186	0.000317139754609944
vmr_Master_mlimitecompra_delta1	5.09439474718719e-05	0.000386419592716086	0.000261323157798593
vm_msaldodolares	5.07360848472362e-05	0.000283813546023429	0.000208043679024123
active_quarter_delta1	5.00641329177378e-05	0.000635858896496225	0.000119244547733339
Master_madelantopesos_tend6	4.96918661626659e-05	5.03672917673035e-05	3.80567705531932e-05
vm_Finiciomora_avg6	4.92039237672519e-05	0.00017645524456988	9.38733673645433e-05
Visa_madelantopesos_avg6	4.90218101388359e-05	0.000586906466923852	0.000126855901843977
mcheques_depositados_avg6	4.87327341687909e-05	0.000692985084099184	0.000241026213503557
Master_status_delta1	4.76306531575168e-05	7.90760773234626e-05	4.56681246638319e-05
vm_status03_delta1	4.75387991757185e-05	0.000373145121294859	4.56681246638319e-05
cseguro_vivienda_tend6	4.72039460394664e-05	0.000303201063233793	0.000109096075585821
ctarjeta_master_descuentos_avg6	4.70681869107773e-05	0.000641208938044359	0.000190283852765966
Visa_msaldodolares_avg6	4.65678421389384e-05	0.000471227213708185	0.000421161594122005
mtarjeta_master_descuentos_tend6	4.64234356151857e-05	0.000317659092414686	0.000129393019880857
ctarjeta_master_transacciones	4.63633644291058e-05	0.00035308171450093	0.00028162010209363
ccaja_seguridad_tend6	4.62781695295967e-05	0.000140395784298232	4.82052427007114e-05
Master_mpagosdolares_lag1	4.56480124786872e-05	0.000292651177822761	8.87991312907842e-05
vm_status05_tend6	4.55565809485193e-05	0.000395830979673023	0.000230877741356039
cseguro_auto_avg6	4.24922665180076e-05	0.000153345828719348	7.61135411063864e-05
Master_mpagado_lag1	4.22077289647489e-05	0.000409093435279431	0.000309528400499305
vm_msaldodolares_delta1	4.00140520842504e-05	0.000471954170504731	0.000192820970802846
mtarjeta_master_descuentos	3.80128634926279e-05	0.000227774789661585	7.10393050326273e-05
minversion2_tend6	3.77745059559003e-05	0.000226305856299969	9.13362493276637e-05
Visa_status_lag1	3.77119485848667e-05	0.00191865226679803	7.10393050326273e-05
Visa_msaldodolares_delta1	3.75611344114576e-05	0.000451950842784896	0.000306991282462425
Visa_delinquency_delta1	3.73654392893203e-05	0.000165794212871773	5.32794787744705e-05
ctarjeta_visa_descuentos	3.71908916198395e-05	0.00019446995493718	8.87991312907842e-05
cseguro_vida_tend6	3.65193128898813e-05	0.00029761671329669	0.000197895206876605
vmr_mconsumosdolares_delta1	3.61831802200458e-05	0.00124082513309295	0.000350122289089378
vmr_mpagosdolares_delta1	3.57843499084784e-05	0.000515583594112312	0.000180135380618448
mpagodeservicios_tend6	3.53015807239319e-05	0.000302546201326161	7.35764230695069e-05
ccajas_otras	3.50907165658514e-05	0.000821974856180535	9.38733673645433e-05
ccheques_depositados_delta1	3.50718842727892e-05	0.000230349177986543	7.35764230695069e-05
mcheques_depositados	3.48170983017798e-05	0.000613512484886696	0.000121781665770218
mcaja_ahorro_adicional_delta1	3.43772825604658e-05	0.000679055750770324	0.000131930137917737
vm_msaldodolares_lag1	3.39821665950209e-05	0.000382820856177813	0.000124318783807098
tcuentas	3.39584714230874e-05	0.000149759107995894	0.000154764200249652
vm_status05_lag1	3.31860862062767e-05	2.14902848036792e-05	4.05938885900728e-05
ccajas_transacciones_delta1	3.31547676749662e-05	0.000154544406247538	0.000134467255954616
Visa_cadelantosefectivo_avg6	3.26643956323212e-05	0.000428315735036035	6.34279509219887e-05
ccajeros_propios_descuentos_avg6	3.22976281862859e-05	0.000205368298977961	0.000131930137917737
mcaja_ahorro_adicional	3.22095324588334e-05	0.000345592857915023	0.000142078610065255
mttarjeta_master_debitos_automaticos	3.15923421163637e-05	0.000159648123591884	0.000109096075585821
ccajas_extracciones	3.10781118534152e-05	0.0006299441116516	0.000124318783807098
ccajas_consultas_lag1	3.0609891360181e-05	0.000707022559761414	0.000177598262581568
ctarjeta_visa_descuentos_tend6	3.0439040052206e-05	0.000568188831389644	0.000276545866019871
mtarjeta_master_descuentos_avg6	3.00275078705098e-05	0.000198020628216177	8.62620132539046e-05
ccheques_emitidos_avg6	3.00233679944636e-05	0.000573797212956385	8.87991312907842e-05
cliente_edad_delta1	2.97865829342923e-05	0.000146538869624417	0.000144615728102134
minversion2	2.93142229367791e-05	0.00087555938236561	9.38733673645433e-05
vmr_msaldodolares2	2.92195689859628e-05	0.00042741154497091	0.000230877741356039
ccajas_otras_lag1	2.89057401046742e-05	0.00011098707752887	5.32794787744705e-05
ctarjeta_master_tend6	2.86828654696737e-05	0.000375202829582603	8.87991312907842e-05
vm_Finiciomora_tend6	2.86731067168661e-05	0.000228348544819189	0.000137004373991496
Visa_Finiciomora_tend6	2.86154391016688e-05	0.000365713339829343	7.35764230695069e-05
mcheques_emitidos_rechazados_tend6	2.82277548483335e-05	3.64890256514246e-05	2.02969442950364e-05
Master_mconsumototal_delta1	2.7776079129275e-05	0.000585602751015997	0.000398327531790089
Visa_Finiciomora	2.76987249446647e-05	0.000363742746199037	0.000104021839512061
cseguro_accidentes_personales_lag1	2.76279337111625e-05	6.69491162174446e-05	0.000119244547733339
ccuenta_debitos_automaticos_delta1	2.7076452202343e-05	0.000298755211750784	0.000175061144544689
cseguro_vivienda_lag1	2.70649372558292e-05	4.46627836820104e-05	6.59650689588683e-05
ctarjeta_master_descuentos_delta1	2.6929659604011e-05	0.000362781481013521	4.56681246638319e-05
mcaja_ahorro_adicional_lag1	2.68831446367014e-05	0.000185328923813669	0.000104021839512061
ccajas_transacciones	2.68436986298815e-05	0.000162585990315115	0.000152227082212773
Master_mpagosdolares_avg6	2.66272634727688e-05	0.000717743670533615	0.000291768574241148
ctarjeta_master_debitos_automaticos_lag1	2.63209129150177e-05	6.97938603758293e-05	7.61135411063864e-05
vm_status01_lag1	2.60467833840583e-05	0.00100491263284523	8.62620132539046e-05
mcajeros_propios_descuentos_lag1	2.58474302441404e-05	0.00044445597829158	8.87991312907842e-05
mcheques_depositados_delta1	2.53292956492731e-05	0.000665087366043303	0.000131930137917737
minversion2_lag1	2.50022724712534e-05	0.000107481463555443	4.56681246638319e-05
Visa_msaldodolares_lag1	2.48267249696354e-05	0.000246363255186489	0.000182672498655327
vm_mpagosdolares_lag1	2.47291961830726e-05	0.000360276183623772	0.000149689964175893
Visa_madelantopesos_delta1	2.42219221172332e-05	0.000373517611554247	6.08908328851092e-05
mprestamos_hipotecarios_tend6	2.40041612392934e-05	0.000142035943021018	2.02969442950364e-05
Visa_status_delta1	2.39663179559618e-05	0.000492414099187686	6.59650689588683e-05
mpagodeservicios_avg6	2.38863114218054e-05	0.000113930952159511	5.58165968113501e-05
cinversion1_avg6	2.37782767447323e-05	0.000286213705033513	8.11877771801455e-05
ccheques_emitidos_rechazados_avg6	2.34852195014691e-05	6.45309334851323e-05	2.28340623319159e-05
tcuentas_tend6	2.34396937970882e-05	0.000608168451245971	8.62620132539046e-05
ccajeros_propios_descuentos	2.28001788923976e-05	0.000172739353837122	6.59650689588683e-05
cpagodeservicios_tend6	2.17586289864109e-05	0.000529029290894709	8.37248952170251e-05
vmr_msaldodolares_lag1	2.15274045728358e-05	0.000135244003694611	0.000147152846139014
Master_mpagosdolares_delta1	2.08834999055814e-05	0.000269112196592453	0.000137004373991496
mtarjeta_visa_descuentos	2.0397321277827e-05	0.00112523299453472	0.000243563331540437
ctarjeta_master_descuentos_tend6	2.01826460454809e-05	0.00035432535133469	0.000152227082212773
Visa_madelantodolares	2.01825274120358e-05	1.81709159599463e-05	4.56681246638319e-05
cpagodeservicios_avg6	2.01064533002123e-05	4.76397018034035e-05	3.29825344794341e-05
Master_cconsumos_delta1	1.99771498092296e-05	0.000304534818678696	0.000365344997310655
vmr_mpagosdolares_avg6	1.98988428411354e-05	0.000441325858531246	0.000309528400499305
ccajas_extracciones_delta1	1.98380260633997e-05	0.000283029514106493	9.64104854014228e-05
cinversion2	1.96335710395204e-05	0.000201781578254507	3.29825344794341e-05
ctarjeta_visa_avg6	1.95953729875482e-05	0.000149263455634612	0.00011417031165958
cdescubierto_preacordado_delta1	1.9569086938331e-05	0.00152224753196741	6.85021869957478e-05
ctarjeta_master_transacciones_delta1	1.94564428281911e-05	0.000306787783957248	0.000268934511909232
ccajas_depositos	1.90109224842353e-05	0.000374821327462102	8.87991312907842e-05
mcheques_emitidos_avg6	1.89677963610795e-05	0.00103126631869688	6.08908328851092e-05
cforex_buy_avg6	1.86493287026646e-05	0.000467394168780942	7.35764230695069e-05
ctarjeta_master_descuentos	1.85779263950452e-05	0.000124069295912994	5.32794787744705e-05
vmr_madelantopesos_tend6	1.85636145355814e-05	0.000220306960751612	3.04454164425546e-05
ctarjeta_master_descuentos_lag1	1.83505495889399e-05	0.000412091381076758	3.55196525163137e-05
Visa_Fvencimiento_delta1	1.81843871831135e-05	0.000114027078678062	0.000177598262581568
minversion1_pesos_avg6	1.80886340607707e-05	0.000439066885345284	6.59650689588683e-05
Visa_Finiciomora_avg6	1.75320512342934e-05	0.000148512467208428	9.64104854014228e-05
Master_Finiciomora_avg6	1.72707475308511e-05	0.000348722977675358	5.83537148482296e-05
Master_delinquency_avg6	1.71602286321625e-05	0.000209147272738518	9.89476034383024e-05
Visa_fechaalta_delta1	1.68121218318501e-05	3.39176412801708e-05	0.000119244547733339
cseguro_vida_lag1	1.68063571013671e-05	0.000146022189587202	5.32794787744705e-05
Master_msaldodolares_lag1	1.66574444198173e-05	0.00033437609478154	0.000134467255954616
Visa_delinquency_lag1	1.63596939851584e-05	0.000100851737729092	5.32794787744705e-05
Master_delinquency_tend6	1.63515389035937e-05	0.000191246712611998	7.35764230695069e-05
minversion1_pesos_delta1	1.63406569101611e-05	0.000143411753817787	6.08908328851092e-05
mplazo_fijo_pesos_tend6	1.60917101532893e-05	1.50678317829543e-05	5.0742360737591e-06
ccajas_extracciones_lag1	1.60843864682783e-05	0.000400327898369013	8.87991312907842e-05
mprestamos_prendarios_delta1	1.52274848253384e-05	0.000103086679285415	3.55196525163137e-05
ccaja_seguridad_delta1	1.5226314237698e-05	0.000149437684949487	1.01484721475182e-05
ctarjeta_master_delta1	1.52260994981591e-05	0.000267703342304931	2.28340623319159e-05
minversion1_pesos_lag1	1.50935845945058e-05	0.000112038461325527	5.0742360737591e-05
minversion2_delta1	1.50442681841117e-05	0.000225663010207155	6.08908328851092e-05
Master_mpagado	1.50209585479165e-05	0.000145953098651993	0.00011417031165958
cpayroll2_trx_tend6	1.48616380205437e-05	0.000101398457303354	2.53711803687955e-05
Visa_madelantopesos	1.45539401101635e-05	0.000117673878475612	9.38733673645433e-05
ccheques_depositados_lag1	1.45330959599047e-05	0.000110776800769538	4.82052427007114e-05
mcajeros_propios_descuentos_delta1	1.40422620098128e-05	0.000361456737429733	9.89476034383024e-05
ctarjeta_debito_delta1	1.39181944732688e-05	9.41048577082553e-05	4.05938885900728e-05
tcallcenter_lag1	1.37427038794308e-05	0.000219348699519801	0.000185209616692207
vmr_madelantopesos_delta1	1.36952899852909e-05	0.000148338237893554	1.77598262581568e-05
ccheques_emitidos_delta1	1.31914438489443e-05	1.55334446071883e-05	2.02969442950364e-05
cforex_buy_tend6	1.3124018731644e-05	0.000342691038636249	5.0742360737591e-05
cinversion2_avg6	1.30502298484579e-05	0.000240072976128773	4.56681246638319e-05
vm_mpagosdolares_avg6	1.30289681770093e-05	0.000478710062386681	0.000266397393872353
mforex_sell_lag1	1.29717248971356e-05	0.000171174293956954	0.000116707429696459
mforex_sell	1.29446382915483e-05	0.000151645590922468	8.62620132539046e-05
mcheques_emitidos_delta1	1.29119436770986e-05	0.000343102580293798	5.32794787744705e-05
vm_fechaalta_delta1	1.25384024617812e-05	5.49333013985018e-05	7.8650659143266e-05
mpayroll2_delta1	1.23996552014298e-05	4.28333758758264e-05	1.77598262581568e-05
vmr_msaldodolares2_lag1	1.23201597732625e-05	0.000378489154935584	0.000164912672397171
Master_mpagosdolares	1.22017088756483e-05	9.08095204941602e-05	5.83537148482296e-05
tcuentas_lag1	1.21451331389785e-05	0.000224860954567991	0.000101484721475182
Master_msaldodolares_delta1	1.15440475964209e-05	0.000158518636998903	0.000144615728102134
Master_madelantopesos_avg6	1.13649112131842e-05	3.42811196784438e-05	1.52227082212773e-05
mtarjeta_master_descuentos_lag1	1.10588489282967e-05	0.000183721808581635	3.55196525163137e-05
cseguro_vivienda	1.09133961020213e-05	2.56417488236239e-05	6.08908328851092e-05
mforex_buy	1.08507991259753e-05	0.000180675799525033	3.29825344794341e-05
mprestamos_hipotecarios_delta1	1.07519226885661e-05	0.000124420758496448	2.28340623319159e-05
ccheques_emitidos_rechazados_tend6	1.07472317387892e-05	3.4449341085909e-05	3.04454164425546e-05
ccajeros_propios_descuentos_delta1	1.06938565526844e-05	0.000166665359446146	5.83537148482296e-05
mprestamos_hipotecarios_lag1	1.05928687442096e-05	0.000160321009221744	2.53711803687955e-05
vm_status04_avg6	1.05539388415699e-05	0.000355109383251626	0.000256248921724834
cprestamos_prendarios_avg6	1.01800511878433e-05	8.38373439454687e-05	3.80567705531932e-05
cinversion1_lag1	9.81646729943789e-06	6.57565465966645e-05	2.28340623319159e-05
mprestamos_prendarios_tend6	9.79869101641301e-06	0.000279454809197858	5.83537148482296e-05
mcajeros_propios_descuentos	9.71073510559444e-06	0.000252983969151727	7.61135411063864e-05
vm_Finiciomora	9.69959204404575e-06	0.000204947745459298	9.13362493276637e-05
Visa_mpagosdolares	9.66432979155653e-06	0.000150447013394278	0.000218192151171641
vm_madelantopesos_tend6	9.28718506071978e-06	0.000240790921064204	2.7908298405675e-05
ccajeros_propios_descuentos_lag1	9.13029169847402e-06	5.56542502876383e-05	3.04454164425546e-05
mforex_buy_tend6	9.11165243230269e-06	0.000262800889858803	6.08908328851092e-05
ccajas_depositos_delta1	9.11112146050876e-06	0.00031642446744204	9.38733673645433e-05
cseguro_vida_delta1	9.10678004661389e-06	0.000285597894524042	2.02969442950364e-05
ccheques_depositados	8.85134709260671e-06	0.000277150776706325	6.08908328851092e-05
Master_madelantopesos_lag1	8.8261412051686e-06	1.58909150980519e-05	2.02969442950364e-05
ctarjeta_visa_descuentos_lag1	8.69026858473606e-06	9.18188489389514e-05	3.80567705531932e-05
vm_status02_lag1	8.67147988815555e-06	7.17584460987264e-05	1.26855901843977e-05
Master_cadelantosefectivo_tend6	8.29740943653413e-06	2.2697874192983e-05	1.26855901843977e-05
vm_status03_avg6	7.89028799932825e-06	0.000184433745609658	0.000162375554360291
Master_Finiciomora_tend6	7.70767120286168e-06	0.000403968690259152	4.56681246638319e-05
Master_mconsumosdolares_delta1	7.5112332712642e-06	0.000141435152280071	9.64104854014228e-05
Visa_madelantopesos_tend6	7.37527683819187e-06	0.000381646310279261	8.37248952170251e-05
cforex_sell_delta1	7.36683906416793e-06	0.000130050167739123	5.58165968113501e-05
Master_delinquency_delta1	7.2726237810172e-06	1.89098885713112e-05	2.02969442950364e-05
cseguro_accidentes_personales_delta1	7.11535356680674e-06	7.55644554426266e-05	1.77598262581568e-05
cseguro_auto_tend6	7.07217998869945e-06	7.90400298790058e-05	2.7908298405675e-05
vm_Fvencimiento_delta1	6.93429588148284e-06	0.000133994358953441	0.0001116331936227
minversion1_pesos	6.88143167355927e-06	0.000420682688672302	5.83537148482296e-05
cinversion2_lag1	6.76579161267386e-06	0.000185623311276733	5.0742360737591e-05
mforex_buy_avg6	6.69796452154438e-06	0.000200513909791108	5.32794787744705e-05
Master_status_lag1	6.67195408974365e-06	3.90123467634026e-05	2.53711803687955e-05
ccheques_emitidos_tend6	6.45233213556188e-06	0.000176443228755061	7.10393050326273e-05
Master_mconsumosdolares	6.15629252173518e-06	0.000122357042301295	0.000139541492028375
cforex_delta1	6.06669524225655e-06	0.000106808577925583	4.82052427007114e-05
ccaja_ahorro_delta1	5.88312900172046e-06	4.50923490617876e-05	1.77598262581568e-05
ctarjeta_visa_descuentos_delta1	5.58018150524273e-06	0.00011701300866057	6.08908328851092e-05
vm_status03	5.51683699275491e-06	2.95288649175519e-06	2.02969442950364e-05
ccajas_transacciones_lag1	5.10564959512456e-06	8.14071453983375e-05	0.0001116331936227
vm_madelantopesos_avg6	5.02492089053317e-06	0.000234695898997296	5.58165968113501e-05
mpayroll2_tend6	4.89051529124687e-06	5.07668176100333e-05	1.52227082212773e-05
mprestamos_prendarios_lag1	4.84678484363684e-06	0.000358569937919482	2.7908298405675e-05
cseguro_auto	4.80878222649421e-06	2.6777243324014e-05	2.7908298405675e-05
cinversion1_delta1	4.69741505897786e-06	1.42177128845141e-05	7.61135411063864e-06
mcheques_emitidos_tend6	4.66012684270759e-06	0.000373556662952408	4.82052427007114e-05
mprestamos_prendarios_avg6	4.54286071751008e-06	0.000372937848489233	3.04454164425546e-05
mforex_buy_delta1	4.38529909201579e-06	0.000169185676604419	2.02969442950364e-05
cprestamos_hipotecarios_avg6	4.36679062433868e-06	1.06520198369928e-05	7.61135411063864e-06
mforex_buy_lag1	4.2915100208304e-06	0.000106757510712602	1.26855901843977e-05
cpagodeservicios_delta1	4.11771209516183e-06	4.7417409229253e-05	1.01484721475182e-05
mtarjeta_master_descuentos_delta1	3.93907201749236e-06	0.000230451312412504	6.34279509219887e-05
mcheques_depositados_lag1	3.87956627004886e-06	0.000153658239904641	5.58165968113501e-05
ctarjeta_visa_tend6	3.87559001639397e-06	8.26537861858028e-05	4.05938885900728e-05
cforex_sell_lag1	3.86648447670482e-06	0.000228351548772894	6.08908328851092e-05
vm_madelantopesos_delta1	3.8633546237486e-06	7.30171027010107e-05	1.01484721475182e-05
cprestamos_prendarios	3.83769739817916e-06	6.64684836246869e-05	1.52227082212773e-05
cinversion1	3.72599671164865e-06	0.000556563530552316	3.80567705531932e-05
Master_mconsumosdolares_lag1	3.7168275191948e-06	0.000162892393592998	0.00011417031165958
Visa_cadelantosefectivo	3.64709738042398e-06	8.17796356577247e-05	3.04454164425546e-05
mpagodeservicios_delta1	3.63878309996348e-06	4.38216766446844e-05	7.61135411063864e-06
cseguro_vida	3.58072375227331e-06	0.00034238763931207	8.62620132539046e-05
mpayroll2	3.57089467078017e-06	5.74926699549366e-05	1.77598262581568e-05
mcheques_emitidos_rechazados_lag1	3.55351779004514e-06	3.61555867901989e-05	1.26855901843977e-05
cpayroll2_trx_avg6	3.54856920157664e-06	3.20882334739868e-05	1.26855901843977e-05
minversion2_avg6	3.52552096964954e-06	7.48945737664705e-05	5.58165968113501e-05
cforex_buy_delta1	3.29921806258336e-06	9.15154496147731e-05	1.77598262581568e-05
cprestamos_prendarios_tend6	3.19114443183019e-06	5.05415210821782e-05	1.26855901843977e-05
vmr_madelantopesos_avg6	3.1759769609117e-06	0.000295474894305213	3.80567705531932e-05
vm_cadelantosefectivo_tend6	3.00430369061166e-06	0.000143664085928985	2.02969442950364e-05
Master_madelantopesos	2.83268537274854e-06	1.22260915782743e-05	1.77598262581568e-05
Visa_cadelantosefectivo_tend6	2.8121593879268e-06	0.00015269397076542	3.04454164425546e-05
mcheques_emitidos_lag1	2.77393928513535e-06	6.74597883472496e-05	2.53711803687955e-05
mprestamos_prendarios	2.67892670111599e-06	5.46599416113708e-05	3.04454164425546e-05
cliente_vip_lag1	2.6567533031143e-06	2.15563717851834e-05	1.01484721475182e-05
cforex_lag1	2.59874470301136e-06	6.77241362732664e-05	4.82052427007114e-05
mplazo_fijo_pesos_delta1	2.51909901925563e-06	6.36087196977785e-05	1.26855901843977e-05
mprestamos_hipotecarios	2.44884603128336e-06	0.000107358301453549	2.53711803687955e-05
mplazo_fijo_pesos	2.43308804035319e-06	9.64539495053586e-05	1.26855901843977e-05
ccheques_emitidos_rechazados_delta1	2.39669016456663e-06	8.97881762345501e-06	2.53711803687955e-06
ctarjeta_visa	2.16124873006613e-06	9.55767950235758e-05	9.13362493276637e-05
mprestamos_hipotecarios_avg6	2.15838746248109e-06	2.58580334903649e-05	1.26855901843977e-05
cseguro_vivienda_delta1	1.94203719162156e-06	8.23924422134908e-05	1.77598262581568e-05
Visa_cadelantosefectivo_delta1	1.90052205818e-06	0.000284934020755295	5.0742360737591e-05
mcheques_emitidos	1.69492996780731e-06	0.000328845816011122	2.28340623319159e-05
vm_cadelantosefectivo_delta1	1.61329812598129e-06	9.39396402544948e-05	1.26855901843977e-05
Visa_madelantodolares_tend6	1.55917670406844e-06	1.06910712351544e-05	1.26855901843977e-05
Visa_madelantopesos_lag1	1.47513301319926e-06	2.3424830989529e-05	3.55196525163137e-05
Master_Finiciomora_lag1	1.41395009353396e-06	4.76036543589467e-05	1.52227082212773e-05
cforex	1.39597529768337e-06	0.000100049682089927	4.82052427007114e-05
mplazo_fijo_pesos_lag1	1.32820721665778e-06	3.83034136890849e-05	5.0742360737591e-06
Visa_madelantodolares_avg6	1.31579159950745e-06	1.74830105615618e-06	1.01484721475182e-05
cpayroll2_trx_delta1	1.30600079488562e-06	6.15990746693103e-05	1.01484721475182e-05
Master_delinquency	1.30028149725664e-06	2.33767677302532e-05	5.32794787744705e-05
cpagodeservicios_lag1	1.28950961052216e-06	6.94814491905368e-06	7.61135411063864e-06
ccajas_depositos_lag1	1.15553055438651e-06	3.68735317256307e-05	3.04454164425546e-05
cprestamos_hipotecarios_tend6	1.13865939080456e-06	6.00189950206193e-06	2.53711803687955e-06
vmr_madelantopesos_lag1	1.01461637340758e-06	3.93037302727619e-05	7.61135411063864e-06
vm_Finiciomora_delta1	9.85690499501517e-07	5.48822341855213e-06	5.0742360737591e-06
mpayroll2_avg6	8.16392293581814e-07	9.01366348642994e-05	2.7908298405675e-05
cseguro_auto_delta1	7.73014562471182e-07	2.91774023340979e-05	5.0742360737591e-06
mcheques_emitidos_rechazados_avg6	7.27929833532532e-07	5.8976623085076e-05	1.26855901843977e-05
vm_status06_lag1	7.15609201356324e-07	2.8777876491368e-05	3.04454164425546e-05
Master_cadelantosefectivo_avg6	6.46391456940482e-07	2.49057801659637e-05	1.01484721475182e-05
Master_delinquency_lag1	6.30122434011646e-07	2.30102853782755e-06	1.77598262581568e-05
vm_madelantopesos_lag1	6.14170436757038e-07	0.000209790118831332	1.26855901843977e-05
cseguro_auto_lag1	5.76331777992636e-07	8.33597153064157e-06	1.52227082212773e-05
ccheques_emitidos	5.55131740491213e-07	9.19209833649125e-05	2.02969442950364e-05
mpayroll2_lag1	5.15302064734635e-07	2.56087053328719e-05	2.53711803687955e-06
Visa_delinquency	4.45166961119012e-07	1.51369227181632e-05	5.83537148482296e-05
mplazo_fijo_pesos_avg6	4.3515235831553e-07	4.00817542822885e-05	1.26855901843977e-05
cinversion2_tend6	2.56764318996108e-07	2.21421427576069e-05	1.01484721475182e-05
mcheques_depositados_rechazados_tend6	2.02328934426597e-07	8.20980547504267e-06	7.61135411063864e-06
cpayroll2_trx	1.99125662803593e-07	9.65771116072528e-06	2.53711803687955e-06
mpagodeservicios_lag1	1.71425147634602e-07	5.04423906099219e-05	1.01484721475182e-05
tcuentas_delta1	1.55522507899624e-07	5.57653965747136e-05	1.01484721475182e-05
Master_cadelantosefectivo	1.47020251019664e-07	1.12437987168257e-05	1.01484721475182e-05
Visa_madelantodolares_delta1	1.39127387735767e-07	9.10197972534917e-07	7.61135411063864e-06
vmr_madelantopesos	9.5636411691533e-08	1.95527346641247e-05	2.53711803687955e-06
ctarjeta_visa_delta1	9.51122409442179e-08	8.89440652435194e-05	1.52227082212773e-05
Master_madelantodolares_avg6	9.13829756118956e-08	5.82767018718726e-07	7.61135411063864e-06
cprestamos_prendarios_lag1	6.73876829958718e-08	4.81263423035707e-05	2.28340623319159e-05
cprestamos_hipotecarios	5.77110431551349e-08	1.07211107722017e-05	2.53711803687955e-06
minversion1_dolares_tend6	5.32337335437232e-08	2.4208862906465e-05	5.0742360737591e-06
cpagodeservicios	4.31357764123083e-08	2.36110761192226e-06	2.53711803687955e-06
vm_status04_lag1	3.5677306137906e-08	0.000102059327118395	5.58165968113501e-05
Master_cadelantosefectivo_lag1	2.81108525388836e-08	3.98624656618428e-06	1.01484721475182e-05
vm_cadelantosefectivo_lag1	1.39431363242247e-08	3.40077598913129e-05	1.01484721475182e-05
Visa_madelantodolares_lag1	1.3364005208838e-08	2.40316296378856e-07	5.0742360737591e-06
cprestamos_prendarios_delta1	1.13341436157952e-08	9.17527619574473e-05	2.53711803687955e-06
ccheques_emitidos_lag1	9.84077097335474e-09	1.59389783573276e-05	2.28340623319159e-05
Master_madelantodolares_tend6	9.31509974530592e-09	4.83636546462448e-07	5.0742360737591e-06
Master_madelantodolares_lag1	2.12833262031518e-09	6.12806555766083e-07	7.61135411063864e-06
Master_madelantopesos_delta1	9.14864344551516e-10	9.30024066986173e-06	7.61135411063864e-06
mcheques_depositados_rechazados_delta1	2.84304477623169e-10	1.87446711175508e-06	2.53711803687955e-06
vm_status03_lag1	2.83572219146432e-10	3.59573258456863e-06	1.01484721475182e-05
vm_cadelantosefectivo_avg6	1.48842646472066e-10	8.99113383364443e-05	2.02969442950364e-05
cforex_sell	1.04462987392712e-10	3.42240445580538e-05	1.77598262581568e-05
mcheques_depositados_rechazados_avg6	4.82474520321252e-11	1.50918634125922e-05	5.0742360737591e-06
minversion1_dolares	2.16739551729298e-11	0.000113471347242686	1.01484721475182e-05
minversion1_dolares_lag1	1.75698847842081e-11	8.75562386319315e-05	1.01484721475182e-05
mcheques_emitidos_rechazados_delta1	8.68917707103242e-12	3.69486305682491e-06	2.53711803687955e-06
ctarjeta_visa_lag1	5.31679640265115e-12	2.3220562137607e-06	5.0742360737591e-06
minversion1_dolares_delta1	1.70917839363553e-12	4.14455492642385e-05	5.0742360737591e-06
Master_madelantodolares	1.37619298611541e-12	1.46592940791102e-06	1.52227082212773e-05
cforex_buy	6.86527925924185e-13	1.75731291727039e-05	5.0742360737591e-06
vm_madelantopesos	5.54182195811189e-13	3.62186698179983e-05	5.0742360737591e-06
Visa_Finiciomora_delta1	2.79145198091847e-13	6.0830062520898e-06	2.53711803687955e-06
cforex_buy_lag1	9.07174123655656e-14	1.03636402813382e-06	2.53711803687955e-06
vm_cadelantosefectivo	7.16713491864263e-14	7.91541801197857e-06	2.53711803687955e-06
cliente_vip	1.9693680868508e-14	1.0661031698107e-05	2.53711803687955e-06
ccuenta_corriente_lag1	1.72744958702161e-14	1.02735216701961e-06	2.53711803687955e-06
mpagodeservicios	4.30573750833498e-16	6.06798648356612e-06	2.53711803687955e-06
cprestamos_hipotecarios_lag1	1.24351051893813e-16	6.72885629860797e-07	2.53711803687955e-06
Visa_cadelantosefectivo_lag1	3.81657040673243e-17	3.10608813069672e-06	2.53711803687955e-06
