Feature	Gain	Cover	Frequency
azar_under	0.627237408821977	0.0161219912898379	0.00427741450750221
ctrx_quarter_normalizado	0.0257717973171569	0.00973929358726029	0.00551228547836372
mpasivos_margen_lag1	0.0220584482520815	0.00322529046148419	0.00535606686156799
mpayroll_sobre_edad	0.0200857625741604	0.00714127270003527	0.00223169452565333
ctrx_quarter_lag1	0.0134036758715794	0.00637669637137631	0.00804153927410416
ctrx_quarter	0.0132388479080568	0.00607567868869381	0.00735715295290381
mpayroll_sobre_edad_lag1	0.00870716293204374	0.00300521920539782	0.0018746234015488
mprestamos_personales	0.00680273088242523	0.0126567906695444	0.00186718441979662
ctrx_quarter_normalizado_lag1	0.00573045609136515	0.00292551849691921	0.00325827400745386
mpasivos_margen	0.0053000264845968	0.00853043357538927	0.00634545143460763
cpayroll_trx	0.00507556352433551	0.00853986904842808	0.000989384573039642
mcuentas_saldo	0.00489190745860407	0.00780746254845275	0.00367485698557581
ctarjeta_visa_transacciones	0.00345858806943623	0.00319728705488282	0.00243998601471431
mcomisiones_mantenimiento_tend6	0.00336318475720374	0.00972160102318573	0.00273010630304924
mcomisiones_avg6	0.00313313316116163	0.00462471167727915	0.00400217218267164
mcomisiones_otras_avg6	0.00308639355357137	0.00305044382327253	0.00302766557313635
mpayroll	0.00260652595311871	0.00523672120459865	0.00202340303659235
mrentabilidad_annual_avg6	0.00250362572640531	0.00436354855734311	0.00643471921563376
ctrx_quarter_avg6	0.00249984487357303	0.00347670667885203	0.00386083152938026
mpayroll_lag1	0.00236227355334407	0.00283788896096285	0.0012720658796224
mcaja_ahorro	0.0023574665150068	0.00756702211774201	0.00539326177032888
vm_msaldototal_lag1	0.00234726976705403	0.0013953642148987	0.00188950136505315
mrentabilidad_delta1	0.0020705862750231	0.00243532841767353	0.00442619414254577
numero_de_cliente	0.00196846601990921	0.00309814304335367	0.00615947689080319
mtarjeta_visa_consumo	0.00187829488468789	0.00447719508452425	0.00255900972274915
mcuenta_corriente_avg6	0.00177729766745372	0.00421560269685852	0.00571313798567252
mrentabilidad_annual	0.00177256860605325	0.00389589082539885	0.00653886496016425
mactivos_margen	0.00176647373246892	0.00263940734657546	0.00356327225929315
mcuenta_corriente_tend6	0.00176618653713855	0.00561424954733718	0.00607020910977705
ctrx_quarter_tend6	0.00168534591505653	0.00328735752498839	0.00575033289443341
cliente_edad	0.00161399509921466	0.00670357953902605	0.00815312400038683
vmr_mpagominimo	0.00160798525977751	0.00139881519076481	0.00250693685048391
mcuentas_saldo_tend6	0.00151034368741294	0.00252083686602438	0.00412863487245866
chomebanking_transacciones_tend6	0.0015071672818028	0.00281362270871405	0.00427741450750221
mcuentas_saldo_avg6	0.00148655146448599	0.00289694273334493	0.00410631792720212
mrentabilidad_annual_tend6	0.00147034813986993	0.00248907947104183	0.00388314847463679
ccomisiones_mantenimiento_avg6	0.00146143054522547	0.00465201647169298	0.00255900972274915
mcomisiones_mantenimiento_delta1	0.00136962758139384	0.00325322653197109	0.00203084201834453
Visa_fechaalta_avg6	0.00133129117592653	0.00154527123971695	0.00198620812783146
mcomisiones_mantenimiento	0.00131887491451088	0.00363860794905861	0.00243254703296213
mcomisiones_mantenimiento_avg6	0.00124782203020367	0.00416302160847898	0.00386827051113244
Master_fechaalta_lag1	0.00124485613071454	0.00115003349887524	0.00222425554390115
vm_Fvencimiento	0.00122848292469211	0.00142172630371008	0.00388314847463679
mpasivos_margen_avg6	0.0011990566240409	0.00467048340108385	0.00857714596026096
cpayroll_trx_avg6	0.00119854030004546	0.00422940660032297	0.00246230295997084
ctrx_quarter_normalizado_avg6	0.0011882161610875	0.00583198929046034	0.00551228547836372
mrentabilidad_annual_delta1	0.0011808765946613	0.00218109250051264	0.00476094832139377
mcomisiones_otras_tend6	0.00117311465010349	0.0023296696370703	0.00290864186510151
vm_Fvencimiento_avg6	0.00115463712312725	0.00235440724212032	0.00387570949288461
cliente_edad_avg6	0.00114687734963374	0.0034078386677873	0.00395753829215857
ctarjeta_debito_transacciones_avg6	0.00113117438035675	0.00230856818220116	0.0033772977154887
mrentabilidad_lag1	0.00107261631551681	0.00201818118858915	0.0050510686097287
mrentabilidad_annual_lag1	0.00104127013841022	0.00339986775523801	0.00616691587255537
ccallcenter_transacciones_tend6	0.00102159233508412	0.00407743740699936	0.00217962165338808
mcuentas_saldo_lag1	0.00101178271252071	0.00453840361256907	0.00601813623751181
Visa_mlimitecompra_tend6	0.000996434957856962	0.000969269699605345	0.00216474368988373
mv_status07	0.000991341692567415	0.000601008489619473	0.000639752430687288
mcaja_ahorro_dolares_avg6	0.000987195627601805	0.00245494847802453	0.00255900972274915
Visa_mpagospesos_tend6	0.000982632708820641	0.00251279861736063	0.00357071124104533
mprestamos_personales_lag1	0.00096556197399465	0.00446892115945988	0.00146547940517902
cliente_antiguedad	0.000945372781943519	0.00287309733181151	0.00507338555498523
cliente_antiguedad_lag1	0.000944093083174919	0.00268328524216095	0.00423278061698915
Master_mfinanciacion_limite_tend6	0.0009413742963326	0.00241835971682942	0.00406168403668906
chomebanking_transacciones_delta1	0.000909612977366637	0.00169621355729505	0.00358558920454968
mcomisiones_otras_lag1	0.000890222003420472	0.00373566454103948	0.00500643471921563
cpayroll_trx_lag1	0.00088540853168315	0.00283059982657247	0.000736459193465598
ctarjeta_visa_transacciones_tend6	0.000877736924889044	0.00107423828503535	0.00255157074099697
ctransferencias_recibidas_tend6	0.000877221968478149	0.00224250303690085	0.00380131967536284
Master_mlimitecompra	0.00087001678490736	0.000840691389042532	0.00226145045266204
mactivos_margen_lag1	0.000865571989854985	0.00240882323961891	0.00365254004031928
azar_sampling	0.000858168764555794	0.00282463216342839	0.0057205769674247
chomebanking_transacciones_avg6	0.000855754270246795	0.00288069789573127	0.00482046017541119
cliente_edad_lag1	0.00085422183193212	0.00418551187070887	0.00450058396006755
Master_Fvencimiento_lag1	0.000853709795917822	0.00147025039119337	0.00362278411331057
mcuenta_debitos_automaticos	0.00085294563222359	0.00422962544269497	0.00119767606210062
Visa_mpagominimo_tend6	0.000842710848797634	0.00124033122836712	0.00243998601471431
cdescubierto_preacordado_avg6	0.000833675746437024	0.00383622261097232	0.000706703266456887
ccomisiones_otras_avg6	0.000832109263678231	0.00659960416128434	0.00598094132875092
vm_msaldopesos	0.000813240063942862	0.00188736395222052	0.00244742499646648
ccomisiones_otras	0.000809756609587141	0.00200727273804651	0.00307973844540159
mcuenta_debitos_automaticos_avg6	0.000809646179215643	0.00166112302464668	0.00116048115333973
Visa_mfinanciacion_limite	0.000806116601465831	0.00123243606894659	0.0030425435366407
mcuenta_corriente_lag1	0.000802248041068037	0.00213569954235178	0.00308717742715377
mautoservicio_avg6	0.000795214578806329	0.00224902622298923	0.00379388069361066
ccomisiones_mantenimiento_delta1	0.000787846409608213	0.00426707273934946	0.00110840828107449
mpayroll_sobre_edad_avg6	0.000773448476448103	0.001965145581437	0.00127950486137458
Visa_cconsumos	0.00077333783646958	0.000714444591442923	0.00104889642705706
Visa_mlimitecompra	0.000762167365409479	0.00183324255022268	0.00354095531403662
vmr_mpagado_tend6	0.000755225327885692	0.000694799280048998	0.00176303867526613
vm_mpagospesos_tend6	0.000736516171981601	0.00241175236059796	0.00270778935779271
Visa_cconsumos_avg6	0.000733097575282546	0.00187887118478415	0.00214986572637937
Master_mfinanciacion_limite	0.00072781361588571	0.00105416370591174	0.00261852157676657
cproductos_tend6	0.000727679369538421	0.0069219673922509	0.00135389467889635
mcuentas_saldo_delta1	0.000727626592526869	0.00428053996224161	0.00280449612057102
ccomisiones_otras_tend6	0.000723994093004881	0.00229836676086035	0.00308717742715377
cprestamos_personales_lag1	0.000717906323152117	0.00158157382242561	0.000795971047483021
Visa_Fvencimiento	0.000716335782507998	0.00222465896656875	0.00392034338339768
vmr_msaldototal_lag1	0.00071232041713868	0.00126511933550298	0.00143572347817031
ccallcenter_transacciones_avg6	0.000698532335585363	0.00254028016907492	0.00208291489060977
Master_mlimitecompra_lag1	0.000696452244943925	0.0011022164405938	0.0022093775803968
mcomisiones_tend6	0.000686185535761069	0.00308744501816871	0.00386827051113244
mcaja_ahorro_tend6	0.000679981976381718	0.0011865549239559	0.00239535212420124
mcaja_ahorro_avg6	0.000675530870546004	0.00331235605748195	0.00477582628489812
mcuenta_debitos_automaticos_tend6	0.000671418647582925	0.00218021713102465	0.00178535562052266
vm_mpagominimo	0.000669715269770606	0.00180731814615529	0.00250693685048391
ccaja_seguridad	0.000664413190167925	0.0039109067789236	0.000208291489060977
mcaja_ahorro_delta1	0.000664369563872992	0.00194211663029142	0.00307229946364942
Master_mfinanciacion_limite_delta1	0.000661928839421867	0.00156707130677362	0.0037790027301063
ccomisiones_otras_lag1	0.000651296134626145	0.00363907088484553	0.00301278760963199
vmr_msaldopesos	0.000645904412020168	0.00114910762730141	0.00195645220082275
ctrx_quarter_normalizado_tend6	0.000639786655175559	0.00314250070875469	0.0045154619235719
Visa_msaldopesos_tend6	0.000638923027040197	0.00120539220197629	0.00249949786873173
vm_fechaalta	0.000634833961979473	0.00246276788431629	0.00381619763886719
ccomisiones_mantenimiento_tend6	0.000633740479667026	0.00800744239138689	0.00168864885774435
mpasivos_margen_tend6	0.000623925858350826	0.00244501640114157	0.00476838730314595
chomebanking_transacciones	0.000622051722051821	0.00168745144540084	0.00339961466074524
Visa_mfinanciacion_limite_tend6	0.000618126916647413	0.00195277257040483	0.00369717393083235
mactivos_margen_tend6	0.000612870212428185	0.00148738743232363	0.0032433960439495
mprestamos_personales_tend6	0.00061153221915169	0.00665858218053765	0.00127950486137458
Visa_cconsumos_lag1	0.000609174214782191	0.00109005385491932	0.00168864885774435
Visa_msaldototal_lag1	0.000606972513175444	0.00153156834042419	0.00243254703296213
vm_mfinanciacion_limite	0.000606479647469718	0.000972939517843456	0.00232096230667946
mtransferencias_recibidas_delta1	0.000602998468773511	0.00188713669283421	0.00212754878112284
Visa_mfinanciacion_limite_avg6	0.000602313080889447	0.000855177070665902	0.00156218616795733
mtransferencias_recibidas	0.00060075433913349	0.0012986106354329	0.00201596405484017
mcaja_ahorro_dolares_delta1	0.000593098578266418	0.00186515986847708	0.00172584376650524
vm_status01_avg6	0.000592159187149744	0.00225645844662284	0.00036451010585671
tcallcenter_avg6	0.000589887180340751	0.00116116920880419	0.00124974893436586
vm_status01_delta1	0.000587232297027701	0.00034779944820411	8.18287992739554e-05
ctarjeta_debito_avg6	0.000586937788238324	0.0010474721795372	0.00173328274825742
vm_mpagominimo_avg6	0.000583170964234998	0.00159121130380781	0.00221681656214897
mcaja_ahorro_lag1	0.000582558579584536	0.0029794799756452	0.00578008882144212
cliente_antiguedad_avg6	0.0005782596004104	0.00220270739325454	0.00290864186510151
vmr_Master_mlimitecompra_lag1	0.000564867407521855	0.0014174167923846	0.00170352682124871
Visa_fechaalta_lag1	0.000564018076943703	0.00151289940268995	0.00303510455488853
vmr_mpagominimo_tend6	0.000558475189796132	0.0013320766843199	0.00215730470813155
mactivos_margen_delta1	0.000557308774870803	0.00399227405623512	0.00321364011694079
mcuenta_corriente_delta1	0.000556560678048259	0.0017493585856332	0.00401705014617599
mrentabilidad	0.00055075704397038	0.00217073115589999	0.00342937058775395
Master_mlimitecompra_tend6	0.000546837575775296	0.00111770374691977	0.00237303517894471
Visa_mconsumosdolares_tend6	0.00054207757262494	0.00106439037829547	0.00137621162415289
Visa_msaldototal	0.000537543748674862	0.00096172805478574	0.00245486397821866
cmobile_app_trx_avg6	0.000536850698275233	0.00142974771834522	0.00296815371911893
Visa_mpagospesos_delta1	0.000532805392446714	0.00107444029337874	0.00182255052928355
ctarjeta_visa_debitos_automaticos_avg6	0.000530112894993629	0.00120067025694973	0.0014729183869312
ctarjeta_debito_transacciones_tend6	0.000524339858761193	0.00123099675949999	0.00219449961689244
vmr_msaldototal_tend6	0.000522046240615444	0.000685178632695417	0.00153243024094862
vm_mpagominimo_tend6	0.000521425978823427	0.00156259345516198	0.00186718441979662
Visa_mlimitecompra_delta1	0.00051894129849714	0.000819867695645544	0.00186718441979662
vmr_msaldopesos_avg6	0.000517344548374017	0.00100680958341722	0.00191925729206186
mcuenta_corriente	0.00051538197210056	0.00210814223750872	0.00358558920454968
mv_status07_delta1	0.000510777882191214	0.00386439435785983	0.000833165956243909
ccuenta_debitos_automaticos_tend6	0.000510667559993128	0.00185126337785524	0.000967067627783109
catm_trx_tend6	0.000508888046775933	0.00158182633285484	0.00171096580300089
Visa_mconsumototal_tend6	0.000504654062767261	0.00137379140722833	0.00201596405484017
cproductos	0.000500674951770676	0.00228527830361204	0.00212754878112284
vm_mconsumototal_avg6	0.000494844996959753	0.0012972807471723	0.00214986572637937
mcaja_ahorro_dolares	0.000494583370840219	0.00218680765322749	0.00188206238330097
Visa_Fvencimiento_avg6	0.000489656780502969	0.001594527607445	0.00281193510232319
vm_cconsumos_tend6	0.000488663028167726	0.00101248265106053	0.00212010979937066
vm_mlimitecompra	0.000485791953924546	0.000592406300997112	0.00123487097086151
mextraccion_autoservicio_avg6	0.000480127887626494	0.000868029851513599	0.00143572347817031
mcomisiones_lag1	0.000479995889636846	0.00153361367490094	0.00432204839801528
vmr_msaldopesos2_avg6	0.000477286198600115	0.00143912427228388	0.0030425435366407
vmr_msaldopesos2	0.000476216052665457	0.00143335020046887	0.00254413175924479
vm_status06_tend6	0.00047401633953254	0.00191076325199563	0.000438899923378488
ccallcenter_transacciones_delta1	0.000470369573636898	0.00463317077665828	0.00138365060590506
vm_msaldototal_avg6	0.000470216063745191	0.000740924518454615	0.00172584376650524
mrentabilidad_tend6	0.000468662847789405	0.00310924508522538	0.00374924680309759
vm_Fvencimiento_lag1	0.000467506221969237	0.00304779246376564	0.00288632491984497
vm_fultimo_cierre	0.000466788808098302	0.000554639157798935	0.00168864885774435
cproductos_lag1	0.000465251706927222	0.00198274555835418	0.00179279460227484
vmr_mpagado_avg6	0.000462462240359917	0.000752523164170481	0.00156962514970951
mtransferencias_emitidas_delta1	0.000462339575326752	0.00191036765232317	0.00171096580300089
matm_tend6	0.00046111618660468	0.00169831781087194	0.00175559969351395
Visa_mconsumospesos	0.000457628953271383	0.00080794920338599	0.00171840478475306
cpagomiscuentas_tend6	0.000455776776699793	0.00115277744553952	0.0017407217300096
ctransferencias_recibidas_avg6	0.000451916428559296	0.00221898589892543	0.00356327225929315
mautoservicio_tend6	0.000450177247697971	0.00173123675382895	0.00218706063514026
catm_trx_avg6	0.000450036269867129	0.000513320034562954	0.00146547940517902
Master_mfinanciacion_limite_avg6	0.000449874947937504	0.00110799051240881	0.00209035387236195
Master_mlimitecompra_delta1	0.000449425550257262	0.00119712669392623	0.00250693685048391
vmr_Visa_mlimitecompra_lag1	0.000448051439640873	0.000776124472288975	0.00145804042342684
vm_fechaalta_lag1	0.000445775600408431	0.000985943804948689	0.00180023358402702
Master_fechaalta_avg6	0.000443833449933219	0.00197041463239355	0.00263339954027093
mcomisiones	0.000437915454760448	0.00131067221693568	0.00335498077023217
vm_mpagominimo_lag1	0.000437826835739931	0.000628936143092071	0.00105633540880924
mcomisiones_otras	0.000436227591565984	0.00224110581252579	0.00355583327754097
mcaja_ahorro_dolares_tend6	0.000435718490223821	0.00214995796458885	0.00200108609133582
vmr_Master_mlimitecompra	0.000435701722623868	0.00139399224156656	0.00165889293073564
mprestamos_personales_avg6	0.000433233981259242	0.00294881679252263	0.000721581229961243
ctransferencias_emitidas_avg6	0.000433229834832651	0.000871783839894786	0.00199364710958364
vm_mfinanciacion_limite_tend6	0.00043313527923167	0.00100217180853373	0.00193413525556622
vm_mconsumospesos	0.000431494290213115	0.000532401405998271	0.00148035736868337
Visa_cconsumos_tend6	0.00043091308044558	0.0019541782117942	0.0022763284161664
mttarjeta_visa_debitos_automaticos_tend6	0.000428912486300438	0.00286905716494387	0.00170352682124871
vmr_msaldototal_delta1	0.000428860126039289	0.00162029208824054	0.00145060144167466
ctrx_quarter_normalizado_delta1	0.000427884743945278	0.00170208021626744	0.00226888943441422
Master_fechaalta	0.000422959779310344	0.0020154624929678	0.00363766207681493
vm_mlimitecompra_avg6	0.000422170473182574	0.000645214648762959	0.000743898175217776
mpagomiscuentas_tend6	0.000418723259838286	0.000827914361323604	0.00139852856940942
Visa_mpagospesos	0.000417048667163897	0.00189131153193078	0.0030425435366407
mcomisiones_otras_delta1	0.000416707842640606	0.00152770493085701	0.0033772977154887
mcuenta_debitos_automaticos_delta1	0.000416224895409082	0.000255574222435797	0.000617435485430754
vmr_msaldopesos2_lag1	0.000414129358642642	0.000874931803245826	0.00213498776287502
mcomisiones_delta1	0.000412994312798596	0.0014449067611132	0.00208291489060977
Master_Fvencimiento_avg6	0.000410951246821591	0.00171048039654642	0.00345912651476266
vmr_mconsumospesos_lag1	0.000409847298847557	0.00056305617210653	0.00127950486137458
Visa_mconsumototal_delta1	0.000408703910890224	0.000819135415400783	0.00192669627381404
ctarjeta_visa_transacciones_lag1	0.000407637354626863	0.00124338660456077	0.00136877264240071
ctarjeta_debito_transacciones_delta1	0.000405609076126318	0.00179604776399742	0.00148779635043555
vm_mpagospesos_lag1	0.0004050922393084	0.00104541842804615	0.00238791314244906
Visa_mconsumospesos_delta1	0.000404611834571459	0.00139838592303512	0.00173328274825742
Master_Fvencimiento	0.000403198428625086	0.0021822708825157	0.00412119589070648
vm_msaldototal_tend6	0.000397705780482759	0.00106849788127758	0.0014729183869312
vm_mconsumospesos_tend6	0.000396527341646928	0.000425286481919824	0.00131669977013546
vmr_msaldopesos2_tend6	0.000394955050437927	0.00103640380572272	0.0014059675511616
Visa_mconsumospesos_avg6	0.000394850745216585	0.00110263729130918	0.00219449961689244
Visa_mconsumospesos_tend6	0.000392020176225921	0.00125885707685813	0.00263339954027093
Visa_fechaalta	0.000391268399892602	0.00259466249851629	0.00287888593809279
vm_status01_tend6	0.000390799126247873	0.00283790579499146	0.000535606686156799
mactivos_margen_avg6	0.000390350244168574	0.00356485806969547	0.00390546541989333
cliente_edad_tend6	0.000389968870895126	0.000440714869145645	0.00182998951103573
Master_fultimo_cierre_tend6	0.000388339137960407	0.00250263086407705	0.0011381642080832
vm_mpagado_avg6	0.000385032314123737	0.000816559809022659	0.00164401496723129
vmr_mconsumototal_avg6	0.000383001636486997	0.000987399948423903	0.00167377089424
ctarjeta_visa_debitos_automaticos_tend6	0.000381634728929122	0.000715782896717831	0.00109353031757013
mpayroll_tend6	0.000380842162748379	0.00224825185767293	0.00130926078838329
cprestamos_personales_delta1	0.000379510727137816	0.00123987670959451	0.000252925379574044
vm_status04_tend6	0.000378484161720843	0.00122543311304267	0.000461216868635021
vmr_msaldototal	0.000377979818953408	0.00142309827704222	0.00217218267163591
vm_status04	0.000376442592228164	0.000496115657318231	0.000156218616795733
cextraccion_autoservicio_avg6	0.000374474952434845	0.00116384581935401	0.00172584376650524
mpasivos_margen_delta1	0.000369050574420874	0.000601883859107463	0.00242510805120995
mttarjeta_visa_debitos_automaticos_lag1	0.000368331658026789	0.000976255821480648	0.00161425904022257
vmr_Visa_mlimitecompra	0.000366708038981387	0.00167227556860425	0.00218706063514026
vm_mpagominimo_delta1	0.000362872598632175	0.00102124476295474	0.0022093775803968
vm_fechaalta_avg6	0.000362722423518787	0.00130480555796329	0.00273010630304924
vmr_mconsumospesos	0.000361862567118482	0.00115965414622882	0.0014729183869312
vmr_msaldopesos_tend6	0.000359807783093634	0.000816770234380349	0.00145060144167466
Visa_msaldototal_delta1	0.000357042332206972	0.00115742363743731	0.00169608783949653
mpagomiscuentas_lag1	0.000355482045388994	0.000573190257332874	0.000907555773765687
cdescubierto_preacordado	0.000353314276431547	0.00345003316051127	0.000401705014617599
mtarjeta_visa_consumo_tend6	0.000352064562515721	0.000687779490116464	0.00132413875188764
vmr_mconsumospesos_avg6	0.000351267861565655	0.00066557540637303	0.00177791663877049
Visa_mfinanciacion_limite_delta1	0.000347029499926561	0.00072019341221501	0.00197133016432711
Visa_mpagominimo_lag1	0.000346669344109656	0.000675103466569227	0.00225401147090986
vm_status06	0.000343224819908273	0.00028205414944749	0.0001339016715392
Visa_mpagospesos_avg6	0.000342187690688124	0.00109137532616562	0.00165145394898346
Visa_msaldopesos_lag1	0.000341905642499533	0.00129583302071139	0.00161425904022257
thomebanking_avg6	0.000338590230255852	0.00134510622246805	0.00209779285411413
chomebanking_transacciones_lag1	0.000335734909709289	0.00139731696221806	0.00269291139428835
Visa_fultimo_cierre_tend6	0.000335632360452372	0.00295402692437904	0.000914994755517865
Master_msaldototal_delta1	0.00033508463960585	0.0012158208827034	0.00115304217158755
catm_trx_other_avg6	0.000334189303689979	0.00087327365142723	0.00123487097086151
mttarjeta_visa_debitos_automaticos_delta1	0.000333850699358105	0.00121139353317761	0.00166633191248782
ctransferencias_emitidas_tend6	0.000331689022479406	0.000985211524703928	0.00119767606210062
ccaja_ahorro	0.000325436745634122	0.00157999984075009	0.000543045667908977
Visa_mpagominimo_delta1	0.000325267831950603	0.000510458249698372	0.00116792013509191
tcallcenter_tend6	0.000323287086033043	0.00594802624970484	0.00130926078838329
Visa_mlimitecompra_lag1	0.00032258389098228	0.000844605300695564	0.00154730820445297
ccajas_consultas_avg6	0.000321227771624995	0.00198917615728518	0.000922433737270043
Master_mconsumospesos_avg6	0.000319895638179297	0.000769028929227673	0.000795971047483021
vm_mconsumospesos_lag1	0.000319484629986871	0.000513606213049412	0.00115304217158755
Visa_msaldopesos_delta1	0.000319320260888265	0.000874948637274442	0.00157706413146169
cprestamos_personales_tend6	0.000319165450126456	0.00191178171072685	0.000654630394191643
mautoservicio_delta1	0.000318301994516966	0.0007528766787714	0.00135389467889635
ctarjeta_debito_transacciones_lag1	0.000314622059913844	0.00102158986054135	0.0017407217300096
mtarjeta_visa_consumo_lag1	0.000314256915236285	0.000838166284750254	0.00126462689787022
Master_mlimitecompra_avg6	0.00031337512767471	0.000935281795831278	0.00173328274825742
Visa_cconsumos_delta1	0.000312688210175712	0.00117334021149297	0.00127950486137458
vmr_mpagominimo_avg6	0.000305060004427794	0.0011202877703122	0.00204571998184888
ctarjeta_debito_lag1	0.000303057523731741	0.00144193555506262	0.000907555773765687
ccajas_consultas_tend6	0.00030137419713562	0.00570909246455515	0.00129438282487893
ccajas_otras_tend6	0.000300552675614768	0.00227208884219204	0.000409143996369777
cprestamos_personales	0.000300536097251148	0.00434236293233089	0.000892677810261331
vm_fultimo_cierre_avg6	0.00029903806209551	0.000568897580036	0.00134645569714418
mextraccion_autoservicio_tend6	0.0002982002937283	0.00134052736668472	0.00148035736868337
Visa_fechaalta_tend6	0.00029754375627508	0.00110049095266074	0.000818287992739554
mrentabilidad_avg6	0.000293850595765691	0.00248447536421557	0.00456009581408497
vm_mpagado_tend6	0.000289586558025661	0.00102152252442689	0.00209035387236195
cpagomiscuentas_delta1	0.00028862041890236	0.000678865871964722	0.000543045667908977
vm_status06_delta1	0.000287993666174911	0.000786654157187776	0.000119023708034844
Master_Fvencimiento_tend6	0.000281426538196624	0.000750553582822503	0.0011381642080832
Visa_mconsumototal_lag1	0.000281319750111072	0.000476335673695384	0.00141340653291377
ccajas_consultas_delta1	0.000280682663307811	0.00268702239651352	0.000751337156969954
Master_mpagospesos_lag1	0.000280454279176508	0.000640130772121172	0.000788532065730843
mtransferencias_recibidas_avg6	0.000280347208940254	0.00190915560226288	0.00393522134690204
Master_mfinanciacion_limite_lag1	0.000277907630622042	0.000992988845924146	0.00239535212420124
cmobile_app_trx_tend6	0.000277710023357644	0.00194831155282181	0.00206059794535324
mpagomiscuentas_avg6	0.000277669986522021	0.00238258740602214	0.00232840128843164
mtransferencias_recibidas_lag1	0.000275897526748224	0.000436464276920309	0.00110096929932231
ctransferencias_recibidas	0.000274619274118933	0.00107945683390606	0.00136877264240071
ccomisiones_mantenimiento	0.000272979098343148	0.00186867818045766	0.000788532065730843
vmr_Visa_mlimitecompra_avg6	0.000267654810960063	0.000814253547102378	0.00146547940517902
vmr_Visa_mlimitecompra_tend6	0.000267599563226394	0.0012592610935449	0.000639752430687288
vmr_mpagospesos_delta1	0.000266509820884517	0.000584839405134584	0.00166633191248782
thomebanking_tend6	0.000265873394498486	0.00437500411381574	0.00174816071176177
mttarjeta_visa_debitos_automaticos_avg6	0.000260423902822054	0.000968789929789812	0.00151755227744426
vm_mconsumosdolares_tend6	0.00026035122028885	0.000583282257487679	0.000557923631413332
mtransferencias_emitidas_avg6	0.000258250954024962	0.00124881557878917	0.00198620812783146
vmr_mpagospesos_tend6	0.000255582576431605	0.00127332592445289	0.00281193510232319
vmr_mpagominimo_lag1	0.000255521427356845	0.000749089022332982	0.00168120987599217
vmr_msaldopesos_delta1	0.000255476147584492	0.00136061036282264	0.00107865235406578
ccajas_extracciones_tend6	0.000254339131197691	0.0020167923812284	0.000877799846756976
mautoservicio	0.000254308418744148	0.00359321499089776	0.00188950136505315
mautoservicio_lag1	0.000253333669155825	0.00120175605179541	0.00186718441979662
vm_msaldopesos_delta1	0.000253327652107747	0.000933825652356064	0.00130926078838329
Master_cadelantosefectivo_avg6	0.000252665796513778	2.09583656259101e-06	1.48779635043555e-05
mcuenta_debitos_automaticos_lag1	0.000250785111208167	0.00107956625509206	0.000989384573039642
mtarjeta_master_consumo_lag1	0.00024896057216174	0.000159409833971531	0.000379388069361066
mprestamos_personales_delta1	0.000248017035971835	0.000979891971661529	0.000967067627783109
Master_fultimo_cierre_avg6	0.000247767975538902	0.00127915049835374	0.00177047765701831
mcaja_ahorro_dolares_lag1	0.000246755755538938	0.00135000492479507	0.00149523533218773
ccajas_transacciones_tend6	0.000244892843612837	0.0016184740131501	0.00092987271902222
vm_mlimitecompra_lag1	0.000242528036261277	0.000381980943307251	0.000766215120474309
vm_status05_delta1	0.00024193848662583	0.00141234133275712	0.000104145744530489
vmr_mconsumototal	0.000241682078478724	0.000837425587491186	0.000944750682526576
Visa_Fvencimiento_lag1	0.000239427343482373	0.00191477816782035	0.00303510455488853
Visa_mconsumototal	0.00023825336762817	0.000611209910960278	0.00156962514970951
vm_cconsumos_delta1	0.000236896095441568	0.000869780590489578	0.00130926078838329
Master_fultimo_cierre	0.000236617573178383	0.000574082460849478	0.00124974893436586
ctransferencias_emitidas_delta1	0.000236540571759187	0.00043180966800821	0.000721581229961243
Master_msaldopesos	0.000235640336969192	0.00107022336921063	0.000513289740900266
ctrx_quarter_delta1	0.000233654543751238	0.00222219278137662	0.00358558920454968
Master_mconsumototal	0.000233519609044096	0.000409681337393544	0.000490972795643732
vmr_Master_mlimitecompra_tend6	0.000232332452738134	0.00104635271663429	0.00132413875188764
ctransferencias_recibidas_delta1	0.000231098811510591	0.000933808818327449	0.000714142248209065
ccomisiones_mantenimiento_lag1	0.000226107207011375	0.00151917849536341	0.000684386321200354
mextraccion_autoservicio	0.000225175913461129	0.000751883471083103	0.00122743198910933
vm_mfinanciacion_limite_lag1	0.000224383212581474	0.000431742331893749	0.000989384573039642
Master_msaldototal	0.000224292882749685	0.000945407464043315	0.00115304217158755
vm_mpagospesos_delta1	0.000224121858613398	0.00112888154192026	0.00176303867526613
Master_mpagospesos_tend6	0.000222237464564022	0.00109177092583807	0.00110096929932231
vmr_Master_mlimitecompra_avg6	0.000220887271788639	0.00135285829264535	0.00151011329569209
ccaja_ahorro_avg6	0.000219499921656201	0.00115772664995238	0.000580240576669865
vmr_mconsumospesos_tend6	0.000218455915173483	0.000983250360370259	0.00150267431393991
Master_mconsumospesos	0.000217515235497871	0.000624483542523354	0.000848043919748265
Visa_msaldototal_tend6	0.000215934580845892	0.000908658779576357	0.0020754759088576
cextraccion_autoservicio_tend6	0.000214152500197214	0.00117424083202388	0.00110840828107449
vmr_mconsumosdolares_tend6	0.000213425168214911	0.00139440467526763	0.00134645569714418
mpagomiscuentas	0.000212786346403681	0.000849882768666425	0.000914994755517865
ctransferencias_recibidas_lag1	0.000212457201818205	0.00112727389218751	0.00112328624457884
vm_mlimitecompra_tend6	0.000212303214448398	0.000820322214418154	0.00177047765701831
vmr_mpagospesos_avg6	0.000210264368753414	0.000731362790201188	0.00148035736868337
mpagomiscuentas_delta1	0.000207854800568463	0.000991557953491855	0.000729020211713421
ccallcenter_transacciones	0.000206788138145962	0.00157862786741795	0.000528167704404621
Master_mpagominimo_tend6	0.000205879971104374	0.000711675393735725	0.000974506609535287
cdescubierto_preacordado_lag1	0.000205132332623726	0.00109602993507772	0.000483533813891555
cproductos_avg6	0.000204700787636492	0.00171469732071452	0.00223913350740551
Visa_mconsumospesos_lag1	0.000204597685786266	0.000464206756078141	0.00182255052928355
Visa_Fvencimiento_tend6	0.000202921862511973	0.0011150776384558	0.00124230995261369
Master_mpagospesos_avg6	0.00020174955588272	0.000900384854511992	0.000520728722652443
ctarjeta_debito	0.000200440985733201	0.000684900871223267	0.00112328624457884
vmr_mconsumototal_tend6	0.000198276451907507	0.000925745318620774	0.00138365060590506
mtransferencias_emitidas_tend6	0.000197915117070079	0.00128806411650548	0.000877799846756976
Visa_mpagominimo_avg6	0.000197541858051873	0.00122632531655928	0.00226888943441422
foto_mes	0.000197085213910476	0.000494491173556865	0.00124974893436586
Visa_mpagado_tend6	0.000197003773400083	0.000661047052675544	0.00151755227744426
ctarjeta_master_transacciones_avg6	0.000196932462471041	0.000587069913926097	0.000476094832139377
vmr_mconsumospesos_delta1	0.000196616966827157	0.000726775517403549	0.0014059675511616
Visa_mfinanciacion_limite_lag1	0.000196324576504067	0.000701179376894154	0.00122743198910933
matm	0.000194493515220213	0.00102515025759346	0.000937311700774398
mtarjeta_master_consumo	0.000191135169789352	0.00107212561444415	0.000520728722652443
Visa_msaldototal_avg6	0.000187589606218326	0.000618734721751267	0.00138365060590506
vm_mconsumospesos_delta1	0.000187506915493036	0.000640997724594854	0.000669508357695999
Visa_msaldopesos	0.000186782493711256	0.00137725921712306	0.00181511154753137
mforex_sell_avg6	0.000186620220046564	0.000512427831046349	0.000535606686156799
vm_mpagospesos	0.000186006499930862	0.000677115132988742	0.00158450311321386
cpagomiscuentas_avg6	0.000185749961454645	0.000719511634056095	0.00117535911684409
cextraccion_autoservicio_delta1	0.000185531423966799	0.000584527975605203	0.000833165956243909
vm_cconsumos	0.000185496422071303	0.000271709638863456	0.000788532065730843
vm_mpagado_delta1	0.000185045348152843	0.000778195057808644	0.000825726974491732
Visa_mpagominimo	0.000180292514498238	0.0012949492342091	0.00290864186510151
Visa_msaldopesos_avg6	0.000179942356125168	0.000680221011268244	0.00141340653291377
vm_mfinanciacion_limite_delta1	0.000179424977715463	0.000619281827681261	0.0014059675511616
vmr_mpagado_delta1	0.000179382007313526	0.000474029411775103	0.000513289740900266
tcallcenter	0.000179226736715704	0.000877111809951493	0.000438899923378488
mcheques_depositados_tend6	0.000178596178407314	0.00118892010497633	0.000357071124104533
Visa_mconsumototal_avg6	0.000177994439399156	0.000339592859254205	0.000706703266456887
matm_lag1	0.00017592308799575	0.000185460493253536	0.000520728722652443
active_quarter	0.00017565190648575	0.000365752939722209	0.000572801594917688
Master_cconsumos_lag1	0.000172880013385719	0.000536062807222074	0.00049841177739591
mtarjeta_master_consumo_avg6	0.000172763078051012	0.00109440545131635	0.000453777886882843
Master_mconsumototal_delta1	0.000172606829610324	0.000153172826369604	0.000282681306582755
matm_avg6	0.000167423706951388	0.000754172898974769	0.00109353031757013
ctarjeta_visa_descuentos_tend6	0.000167240711896416	0.000505753138700427	0.000319876215343644
tcallcenter_delta1	0.00016692910719846	0.00156129723495861	0.000334754178847999
vmr_mpagado_lag1	0.000166511012675342	0.000512596171332501	0.000751337156969954
Master_mpagospesos	0.00016507136470456	0.000525347948008507	0.000818287992739554
Master_fechaalta_tend6	0.000164463156896418	0.00103835655304208	0.00101170151829618
Master_mpagado_tend6	0.000164247854431249	0.000735680718540984	0.000937311700774398
Visa_mpagado_delta1	0.000163597524239045	0.000822123455479979	0.00069926428470471
Master_msaldopesos_tend6	0.000160445767819186	0.00141048958960945	0.0010712133723136
Visa_mconsumosdolares_avg6	0.000160084048321545	0.000482572681297312	0.00111584726282666
ctarjeta_master_transacciones_lag1	0.00015816186210356	0.000185106978652617	0.000163657598547911
mttarjeta_visa_debitos_automaticos	0.000157891230307017	0.000411465744426754	0.00104145744530489
Visa_mpagado_avg6	0.000157461539884075	0.000790551234812192	0.00197133016432711
ccajas_consultas	0.000155400292985723	0.00140912603329161	0.000357071124104533
Visa_fultimo_cierre_delta1	0.00015506276125278	9.44136494882868e-05	0.000401705014617599
ccomisiones_otras_delta1	0.000154654839975387	0.00144606830908765	0.000877799846756976
vmr_mconsumototal_delta1	0.000154474716440733	0.000451101464801216	0.000900116792013509
matm_other_delta1	0.000152888429435032	0.00052208214645716	0.000743898175217776
vmr_mpagospesos	0.000152668363552723	0.00063436511732047	0.00131669977013546
vm_Fvencimiento_tend6	0.000152614933656672	0.000525583624409119	0.00069926428470471
mplazo_fijo_dolares_delta1	0.000152551300942394	0.00210273009730893	0.00043146094162631
Master_msaldototal_avg6	0.000150982987257778	0.000537788295155131	0.000729020211713421
Master_cconsumos	0.00015043609411203	0.000725403544071411	0.000304998251839288
ccaja_ahorro_tend6	0.000150230627324041	0.000892018342290243	0.0001339016715392
vm_fultimo_cierre_delta1	0.000147647426700249	0.000407568666802338	0.000528167704404621
vm_cconsumos_avg6	0.000147496897127017	0.00111361307796628	0.00150267431393991
Master_msaldototal_tend6	0.00014734340703028	0.00153453112946046	0.000840604937996087
vm_msaldopesos_tend6	0.000147266219327116	0.00111174450079	0.00164401496723129
Visa_fultimo_cierre_lag1	0.000147204514076178	0.000649810338574906	0.00131669977013546
ccaja_ahorro_lag1	0.000145114099795637	0.00139175331576074	0.000386827051113244
Master_status_tend6	0.000144838040838465	0.000716085909232904	0.000252925379574044
vmr_mpagominimo_delta1	0.000144152208017209	0.000875133811589209	0.00150267431393991
Visa_status	0.000143419785176154	0.00327381454896747	0.000282681306582755
vmr_mconsumosdolares	0.000143090461155882	0.000637134315027668	0.000505850759148088
matm_other_tend6	0.000141427788808452	0.00103400495664505	0.000885238828509154
cforex_tend6	0.000141399358991275	0.000622682301461529	0.000647191412439465
mtransferencias_emitidas	0.000140968813617163	0.00176215244738074	0.00177047765701831
vm_mfinanciacion_limite_avg6	0.000140780629666511	0.000778085636622645	0.00109353031757013
cmobile_app_trx	0.000140169644466437	0.000709722646416363	0.000729020211713421
Master_mconsumospesos_lag1	0.000139502282428816	0.000309746126519475	0.000379388069361066
ccallcenter_transacciones_lag1	0.000138807129365148	0.00118505669540914	0.000587679558422043
vm_fultimo_cierre_lag1	0.000134028963450215	0.00058779377715655	0.00131669977013546
Visa_mlimitecompra_avg6	0.000133652367533908	0.000849529254065506	0.00162913700372693
ctarjeta_visa_transacciones_avg6	0.000133582895119309	0.00075445066044692	0.00156218616795733
ctransferencias_emitidas	0.000131309528252912	0.00078037506451431	0.000877799846756976
cextraccion_autoservicio	0.00013110783552307	0.000516038730184307	0.000684386321200354
mtarjeta_master_consumo_delta1	0.000131013238402618	0.000782050050361522	0.000282681306582755
vm_mconsumototal_delta1	0.000130676821349614	0.00037365651615704	0.00056536261316551
Master_cconsumos_tend6	0.000129662069606789	0.000703283630471053	0.000758776138722132
ctarjeta_debito_tend6	0.000129326216597481	0.000923994579644794	0.00049841177739591
vm_mconsumosdolares_delta1	0.000128181478648741	0.00097467342279082	0.00049841177739591
vm_mconsumototal_tend6	0.000128144137728727	0.000428720623757323	0.00142828449641813
vmr_msaldodolares_avg6	0.000128018581732002	0.000652284940781338	0.000312437233591466
Master_mconsumototal_lag1	0.000126987253020278	0.000812553310212244	0.000669508357695999
mv_status07_avg6	0.00012683640279139	0.000878231272854403	0.000572801594917688
mv_status07_tend6	0.000126543597836725	0.000907135299986683	0.00043146094162631
Visa_mpagospesos_lag1	0.000125338763791914	0.000566094714271571	0.00122743198910933
ccajas_consultas_lag1	0.000125284093057619	0.000955760391641656	0.000178535562052266
ccajas_depositos_tend6	0.000124775842753581	0.00130263396827193	0.00056536261316551
active_quarter_avg6	0.000124540470821528	0.00126784644813864	0.00151755227744426
Master_mconsumospesos_tend6	0.000124286282493043	0.000804944329278179	0.000967067627783109
vm_status04_delta1	0.000123922159926431	0.00114948639294525	8.92677810261331e-05
Visa_msaldodolares	0.000123039895216537	0.000453761241322416	0.000230608434317511
cproductos_delta1	0.00012279009876593	0.00295726747488746	0.000401705014617599
mpayroll_delta1	0.000122589629579461	0.00175602486096481	0.001339016715392
Master_delinquency_lag1	0.0001213316988903	1.02603404409576e-05	2.97559270087111e-05
thomebanking	0.000120725676757459	0.000584157626975669	0.00049841177739591
cpagomiscuentas_lag1	0.000120143599581473	0.000498160991794977	0.000714142248209065
Visa_mpagado	0.000120104558454625	0.000457717238046985	0.000304998251839288
Visa_mpagado_lag1	0.000118923086144543	0.000297086937000853	0.000453777886882843
vm_cconsumos_lag1	0.000118757624938562	0.000456799783487458	0.000580240576669865
ccuenta_debitos_automaticos_avg6	0.000118189840832525	0.00066739348146347	0.00099682355479182
Master_mconsumospesos_delta1	0.000118053740308971	0.000605966111046646	0.000587679558422043
vm_mconsumototal	0.000117508357706344	0.000217722909094545	0.000676947339448176
thomebanking_lag1	0.000116644367163831	0.000101357686292052	0.000446338905130666
catm_trx_other_lag1	0.00011644581085762	0.000253469968858899	0.000141340653291377
Master_mconsumosdolares_avg6	0.000111501315834083	0.00177690747346195	0.000416582978121955
mtarjeta_master_consumo_tend6	0.00011118850000614	0.00124646723179735	0.000654630394191643
Visa_status_tend6	0.000110496540549504	0.000514027063764792	0.000148779635043555
mpayroll_avg6	0.000110291901574584	0.00135502988233671	0.00104889642705706
cplazo_fijo	0.000109926208805973	0.000668201514836999	0.000185974543804444
Visa_fultimo_cierre_avg6	0.000109485755272854	0.00149505533235785	0.001339016715392
vm_mpagado_lag1	0.000107607109017506	0.000349609106280242	0.000394266032865421
mpayroll_sobre_edad_delta1	0.000106723125178755	0.000524666169849591	0.000595118540174221
mtarjeta_visa_consumo_avg6	0.000106477074092917	0.000893095720121615	0.00161425904022257
vm_msaldopesos_lag1	0.000106366698438535	0.0009837385472001	0.00138365060590506
thomebanking_delta1	0.000105706036197681	0.00100175095781835	0.000468655850387199
Master_Fvencimiento_delta1	0.000104022639384031	0.00034513967168291	0.000476094832139377
vm_status02_avg6	0.0001022187876589	0.000488136327754632	0.000171096580300089
mcaja_ahorro_adicional_tend6	0.000102083087077933	0.00115593382590487	0.000371949087608888
Master_msaldodolares_tend6	0.000101682563603637	0.000993805296311982	0.000290120288334933
ccaja_seguridad_lag1	0.00010107308157386	0.00144666591710349	0.000104145744530489
Visa_mpagosdolares_tend6	0.000100220000047458	0.000458803032892665	0.000483533813891555
ccajas_depositos_avg6	0.000100187171423725	0.000507478626633484	0.000327315197095822
Master_status	9.96386572568929e-05	0.000470654189037758	0.000156218616795733
vmr_msaldodolares2_avg6	9.87563046725681e-05	0.00058180927998385	0.000543045667908977
vm_mconsumototal_lag1	9.83723908665058e-05	0.000256062409265638	0.000900116792013509
mcaja_ahorro_adicional	9.81449280136567e-05	0.000153602094099291	0.000119023708034844
mforex_sell_tend6	9.76866113106205e-05	0.000740234323281393	0.000490972795643732
cinversion1_tend6	9.62562729532916e-05	0.000234413848466505	6.69508357695999e-05
catm_trx_other_delta1	9.62101063652726e-05	0.000456774532444535	0.000461216868635021
cforex_sell_avg6	9.58570952417329e-05	0.000522469329115309	0.000290120288334933
Master_cconsumos_delta1	9.57679792353655e-05	0.000520356658524103	0.000453777886882843
cpayroll_trx_tend6	9.56811146234469e-05	0.00178191559697497	0.00135389467889635
Master_fultimo_cierre_lag1	9.56316040647992e-05	0.0007905596518265	0.0012051150438528
vmr_mconsumosdolares_avg6	9.54976259158884e-05	0.000410624042995995	0.000647191412439465
Master_msaldototal_lag1	9.53188966041548e-05	0.0005060561512155	0.000647191412439465
mextraccion_autoservicio_delta1	9.52021897409851e-05	0.00057733142837221	0.000758776138722132
ccaja_seguridad_avg6	9.50759258102093e-05	0.0029269493893515	0.000119023708034844
Master_fultimo_cierre_delta1	9.46475049963918e-05	0.000104042713856175	0.000468655850387199
Master_mpagado_lag1	9.41031362892648e-05	0.000869191399488047	0.000238047416069688
vm_status02_tend6	9.40687438868442e-05	0.000194382528419586	0.000178535562052266
cforex_avg6	9.32103522908165e-05	0.00102116059281166	0.000319876215343644
ccajas_extracciones_avg6	9.28722929695088e-05	0.000458441101277439	0.000468655850387199
Master_msaldopesos_lag1	9.23668420738434e-05	0.000440167763215651	0.000729020211713421
ctarjeta_visa_debitos_automaticos_lag1	9.21017946533414e-05	0.000323752038327312	0.000624874467182932
ctransferencias_emitidas_lag1	9.19185959081115e-05	0.000592734564555108	0.00069926428470471
vmr_mpagospesos_lag1	9.10251222332829e-05	0.000590924906478975	0.00199364710958364
vmr_mpagado	9.08059799406695e-05	0.000674219680066929	0.000386827051113244
ctarjeta_visa_avg6	9.06594633727416e-05	0.000214196180099663	0.0001339016715392
vm_status03_avg6	8.89640258166361e-05	4.96351333718844e-05	0.000156218616795733
vm_status05_avg6	8.84160905046627e-05	0.000456656694244229	0.000260364361326222
mcomisiones_mantenimiento_lag1	8.7329321879378e-05	0.00137937188771427	0.0016068200584704
mtarjeta_visa_descuentos_avg6	8.56737845043328e-05	0.000779070427296633	0.000215730470813155
ccaja_seguridad_tend6	8.40746814547089e-05	0.000193759669360824	5.20728722652443e-05
ctarjeta_master_debitos_automaticos_lag1	8.29643360458382e-05	0.00011851156145093	7.43898175217776e-05
vmr_mpagosdolares_tend6	8.25532988480357e-05	0.000787571611747304	0.000409143996369777
matm_other	8.20802097307605e-05	0.000296834426571625	0.000468655850387199
vm_status02	8.05440097903037e-05	0.000915729071594737	0.000163657598547911
ccheques_depositados_avg6	8.03964741293589e-05	0.00173017621002619	0.000282681306582755
vm_mconsumosdolares_avg6	7.91517549114575e-05	0.000271566549620227	0.000505850759148088
cseguro_vivienda_avg6	7.90317061954629e-05	9.68966687090271e-05	0.000156218616795733
vm_fechaalta_tend6	7.81592328008857e-05	0.000646376196737407	0.00043146094162631
vm_status06_avg6	7.80127803993946e-05	5.43991634699828e-05	0.000178535562052266
vmr_msaldopesos_lag1	7.72506603392841e-05	0.000377999695539758	0.00104889642705706
vm_mconsumospesos_avg6	7.57722843471172e-05	0.000528689502688622	0.00122743198910933
tcuentas_avg6	7.56246219496679e-05	0.0006112351620032	0.000334754178847999
matm_delta1	7.56019231662198e-05	0.000707879320283	0.00063231344893511
matm_other_lag1	7.55676729559088e-05	0.000352428806073287	0.000312437233591466
ccajeros_propios_descuentos_tend6	7.5289809876938e-05	0.000475586559422008	0.000290120288334933
Master_mpagosdolares_avg6	7.50297051021959e-05	0.000511241032028978	0.000290120288334933
Visa_fultimo_cierre	7.46002300947009e-05	0.000957199701088254	0.00132413875188764
Visa_mconsumosdolares_delta1	7.44239254713453e-05	0.000495383377073471	0.000691825302952532
Visa_mconsumosdolares_lag1	7.43250447523927e-05	0.000173592503079828	0.00049841177739591
mtransferencias_recibidas_tend6	7.42477509135318e-05	0.00161552805814245	0.0019415742373184
catm_trx_other	7.34678484878619e-05	0.000235390222126186	0.000304998251839288
vm_mpagospesos_avg6	7.31102739186218e-05	0.000497529715721907	0.00128694384312675
vmr_msaldopesos2_delta1	7.30989360657621e-05	0.000945331710914546	0.00142084551466595
catm_trx_delta1	7.16428311128552e-05	0.000581068582724782	0.000453777886882843
Visa_delinquency_avg6	6.98936264068241e-05	0.000837661263891798	0.000312437233591466
ctarjeta_master_transacciones	6.94094918723364e-05	0.000364456719518839	0.000312437233591466
mcajeros_propios_descuentos_avg6	6.93655595141041e-05	0.00046900445423347	0.0002008525073088
Visa_status_avg6	6.91659700122992e-05	0.000350299301453465	0.000215730470813155
mplazo_fijo_dolares_lag1	6.91361733871389e-05	0.0003896825113987	0.000156218616795733
ccajas_transacciones	6.87774279915249e-05	0.000216014255190104	0.0001339016715392
Master_mpagospesos_delta1	6.81509726982783e-05	0.000306328818710592	0.000595118540174221
vm_mpagado	6.80757133206499e-05	0.000435597324446627	0.00043146094162631
mplazo_fijo_dolares_tend6	6.78540600343204e-05	0.000588837486930691	0.000476094832139377
ctarjeta_visa_transacciones_delta1	6.74626936157662e-05	0.00103684990748102	0.00116048115333973
mtarjeta_visa_descuentos_delta1	6.63075608138923e-05	0.000509313535752539	0.000230608434317511
ccajas_transacciones_avg6	6.57843372844631e-05	0.000865454245135475	0.000900116792013509
minversion2	6.56757594229764e-05	0.000428821627929014	0.000104145744530489
vm_mpagosdolares_tend6	6.54286875214481e-05	0.000259681725417904	0.000275242324830577
vm_mlimitecompra_delta1	6.52372830017596e-05	0.000898827706865087	0.00143572347817031
vm_status05	6.47575877883822e-05	0.000785787204714094	8.18287992739554e-05
cseguro_accidentes_personales_tend6	6.4455045642608e-05	0.000788918334036519	0.000126462689787022
Visa_delinquency_tend6	6.43146266597878e-05	0.00083401669669661	0.000334754178847999
active_quarter_lag1	6.4212782803343e-05	0.000238058415661693	0.000386827051113244
ctarjeta_debito_transacciones	6.41086849064915e-05	0.00143443599531455	0.00135389467889635
ccajas_transacciones_delta1	6.37199639345381e-05	0.000499415126926808	0.000156218616795733
cplazo_fijo_avg6	6.36980881216941e-05	0.00019807759770062	0.000208291489060977
mcaja_ahorro_adicional_avg6	6.34672488811324e-05	0.000680263096339782	0.000156218616795733
vm_fultimo_cierre_tend6	6.29050775069168e-05	0.00203492263004695	0.00117535911684409
mtarjeta_visa_consumo_delta1	6.04923679634726e-05	0.00100154053246066	0.000914994755517865
cseguro_auto_avg6	6.01330543550712e-05	0.000113082587222531	9.67067627783109e-05
ctarjeta_master_descuentos_avg6	5.98448321722761e-05	0.000510879100413752	0.000208291489060977
Master_msaldopesos_avg6	5.98244883493593e-05	0.000515062356524626	0.000721581229961243
ccajas_otras_avg6	5.96678508985359e-05	0.000959337622722383	0.000245486397821866
cseguro_vivienda	5.95163502482546e-05	0.000166547462104371	9.67067627783109e-05
vm_msaldopesos_avg6	5.92934233153742e-05	0.000681365725214077	0.00145060144167466
Master_status_avg6	5.9286392044892e-05	0.000257316544397469	0.000141340653291377
vmr_msaldodolares2_delta1	5.90002216478233e-05	0.000299401615935442	0.000297559270087111
cseguro_vivienda_lag1	5.83615115963396e-05	4.25227562819671e-05	0.000141340653291377
ctarjeta_visa_debitos_automaticos_delta1	5.77773947138344e-05	0.000605158077673117	0.000468655850387199
ctarjeta_master_debitos_automaticos_tend6	5.71282176152951e-05	0.000364481970561762	0.000267803343078399
Master_mpagominimo	5.68802671843719e-05	0.00030213714558541	0.000476094832139377
ccajas_otras	5.65998713413147e-05	0.0011075359936362	0.000126462689787022
Master_mpagominimo_lag1	5.64745881598907e-05	0.000307953302471958	0.000550484649661154
Visa_mpagosdolares_delta1	5.63321558220835e-05	0.000747868555258381	0.000490972795643732
mttarjeta_master_debitos_automaticos_delta1	5.58451859808161e-05	0.000765350693975254	0.000342193160600177
Master_status_delta1	5.55275676581945e-05	0.000237225131245242	5.95118540174221e-05
vm_Finiciomora_lag1	5.4918888218617e-05	0.000136936405770254	6.69508357695999e-05
cdescubierto_preacordado_delta1	5.49093288638551e-05	0.00192869990948511	6.69508357695999e-05
Master_mconsumosdolares_tend6	5.43055979698346e-05	0.000959118780350386	0.000386827051113244
mttarjeta_master_debitos_automaticos_tend6	5.39684662785824e-05	0.000241181127969811	0.000238047416069688
Visa_madelantodolares_delta1	5.35036848285305e-05	0.000217133718093014	7.43898175217776e-06
matm_other_avg6	5.31136645143315e-05	0.00103179128188216	0.00103401846355271
mv_status07_lag1	5.27767163941114e-05	0.000491839814049973	0.000468655850387199
mextraccion_autoservicio_lag1	5.14594090749208e-05	0.000453820160422569	0.000803410029235198
Master_mconsumototal_tend6	5.10331429497534e-05	0.000727777142106153	0.000513289740900266
catm_trx	5.06321647841994e-05	0.000601984863279154	0.00049841177739591
cdescubierto_preacordado_tend6	5.02113738112438e-05	0.00228627992831465	0.000156218616795733
Visa_status_lag1	5.01274455351315e-05	0.00103068023599355	7.43898175217776e-05
vmr_msaldodolares2_tend6	4.99907729598902e-05	0.00118056200976889	0.000461216868635021
ctarjeta_master_debitos_automaticos_delta1	4.98652021604334e-05	0.000914079336790448	0.0001339016715392
ccajas_otras_delta1	4.84297112683724e-05	0.00153003644382021	0.000163657598547911
Master_fechaalta_delta1	4.8261604928976e-05	3.54608812778954e-05	0.000238047416069688
mforex_sell_delta1	4.80290773511175e-05	0.000540633245991098	0.000297559270087111
Visa_msaldodolares_delta1	4.79374960759507e-05	0.000345122837654295	0.000282681306582755
mttarjeta_master_debitos_automaticos_avg6	4.77077027686843e-05	0.00035049289278254	0.000148779635043555
cplazo_fijo_delta1	4.71051761977722e-05	0.000283964811695313	9.67067627783109e-05
Visa_mconsumosdolares	4.6982565085268e-05	0.00075399614167431	0.000617435485430754
mcheques_depositados_avg6	4.67912777859256e-05	0.000505231283813356	0.000230608434317511
cprestamos_personales_avg6	4.62376991477088e-05	0.00264338017732865	0.00103401846355271
vm_Fvencimiento_delta1	4.60154913800793e-05	0.000143266000529565	0.000185974543804444
ctarjeta_master_transacciones_tend6	4.41813822125581e-05	0.000886193768389388	0.000788532065730843
mtarjeta_visa_descuentos_lag1	4.39156879437555e-05	0.000441497651476251	0.000126462689787022
mtarjeta_visa_descuentos_tend6	4.39057571905393e-05	0.000892355022862547	0.000379388069361066
vm_status01	4.38624150800358e-05	0.00431063920540557	0.000334754178847999
Visa_msaldodolares_tend6	4.31310867979387e-05	0.00052767946097171	0.000386827051113244
ctarjeta_visa	4.30842814977714e-05	0.000396079442272471	0.000111584726282666
mcajeros_propios_descuentos_delta1	4.24851344348531e-05	0.000345181756754448	0.000193413525556622
vmr_msaldodolares2	4.18764653779753e-05	0.000522831260730536	0.000290120288334933
Master_mpagado_avg6	4.13319306997443e-05	0.000449098215396009	0.000550484649661154
vmr_Master_mlimitecompra_delta1	4.10936249018064e-05	0.000591615101652198	0.000223169452565333
Master_msaldodolares_avg6	4.10225473546767e-05	0.000982029893295658	0.000245486397821866
ccheques_depositados_tend6	4.04484156537851e-05	0.00163896102597479	0.000379388069361066
vmr_msaldototal_avg6	3.93718742305265e-05	0.00060073914516163	0.00092987271902222
vmr_mconsumototal_lag1	3.93372996389271e-05	0.000192572870343453	0.000662069375943821
mcheques_emitidos_avg6	3.84812754403133e-05	0.000340720739171423	0.000111584726282666
Master_mpagominimo_delta1	3.82929023893491e-05	0.000575723778639459	0.000855482901500443
mpayroll_sobre_edad_tend6	3.82366798494911e-05	0.00144466266769828	0.000528167704404621
ctarjeta_master_descuentos_delta1	3.80300731349035e-05	0.000576430807841297	8.92677810261331e-05
Visa_msaldodolares_lag1	3.80107521321827e-05	0.000276246409575249	0.000245486397821866
vmr_msaldodolares	3.7440807400649e-05	0.000291001435656462	0.000238047416069688
active_quarter_tend6	3.66944071720429e-05	0.000778026717522492	0.000379388069361066
vm_msaldodolares_delta1	3.62823140345914e-05	0.00035811870774522	0.000223169452565333
cseguro_accidentes_personales_lag1	3.62616533967974e-05	0.000119538437196456	0.000185974543804444
ctarjeta_master	3.6092960898814e-05	1.79198234608686e-05	2.97559270087111e-05
cextraccion_autoservicio_lag1	3.59973508626265e-05	0.000330485649773388	0.000676947339448176
vm_msaldodolares_avg6	3.57207307934947e-05	0.00115085836627739	0.00043146094162631
catm_trx_other_tend6	3.51961792778624e-05	0.000945811480730079	0.000676947339448176
vmr_Visa_mlimitecompra_delta1	3.51492491494925e-05	0.000895553488299433	0.000334754178847999
ctarjeta_master_descuentos_tend6	3.40257497358694e-05	0.000212369687994915	0.000141340653291377
vmr_msaldodolares_tend6	3.28527046646876e-05	0.00122704076277542	0.000490972795643732
mcajeros_propios_descuentos_tend6	3.27598864962131e-05	0.000391677343789599	0.000260364361326222
mcheques_emitidos_tend6	3.24784356409845e-05	0.000101096758848517	5.20728722652443e-05
mttarjeta_master_debitos_automaticos_lag1	3.22437951184175e-05	0.000257434382597776	0.000245486397821866
ctarjeta_master_descuentos	3.20504382813563e-05	0.000153930357657287	5.95118540174221e-05
Master_mpagosdolares_lag1	3.19636855082527e-05	0.000239371469893678	0.000111584726282666
mprestamos_prendarios_lag1	3.17844972503521e-05	5.41382360264474e-05	3.71949087608888e-05
Master_Finiciomora	3.1497347523048e-05	0.00049223541372243	5.20728722652443e-05
cmobile_app_trx_lag1	3.14107859737924e-05	0.000473389718687726	0.000386827051113244
mplazo_fijo_dolares_avg6	3.13485484175039e-05	0.000621083068743086	0.000260364361326222
mcheques_depositados_delta1	3.12230853727726e-05	0.000595124996618464	0.000126462689787022
vm_msaldototal_delta1	3.12001646150814e-05	0.00103359252294398	0.00116048115333973
Master_mpagosdolares_tend6	3.08397794329648e-05	0.000258410756257457	0.000141340653291377
vmr_mconsumosdolares_lag1	3.07992429978268e-05	0.000271608634691765	0.000245486397821866
vmr_msaldodolares_delta1	3.00767909469657e-05	0.00024713195708528	0.000297559270087111
vm_msaldototal	2.99207109949018e-05	0.00129951125596381	0.00209779285411413
Visa_Finiciomora_lag1	2.94940266505195e-05	0.000569150090465228	0.000119023708034844
tcuentas	2.9094756180776e-05	0.000251374132296308	0.000178535562052266
cmobile_app_trx_delta1	2.83503144526928e-05	0.000538167060798973	0.0002008525073088
mtransferencias_emitidas_lag1	2.71339617334584e-05	0.000292137732587988	0.000676947339448176
cseguro_accidentes_personales	2.66849973101802e-05	7.59551371117322e-05	0.000126462689787022
ctarjeta_visa_descuentos_avg6	2.63891515587556e-05	0.000686171840383714	0.0002008525073088
Visa_status_delta1	2.61898270760648e-05	0.000511106359800057	6.69508357695999e-05
vm_mconsumosdolares	2.58963418766944e-05	0.000747127857999313	0.000334754178847999
cseguro_vida_avg6	2.54846563142864e-05	0.000177944099476854	0.000156218616795733
Visa_delinquency	2.53293275363615e-05	7.8614913632932e-06	2.23169452565333e-05
ccajas_depositos	2.53178718103962e-05	2.71953732278376e-05	5.20728722652443e-05
Master_msaldodolares	2.50909180126435e-05	0.000470847780366833	0.000193413525556622
cseguro_accidentes_personales_avg6	2.4903100717256e-05	0.000440883209431797	0.000312437233591466
vm_status03_tend6	2.48380418966927e-05	0.000382199785679248	0.000193413525556622
mcajeros_propios_descuentos_lag1	2.48104789865105e-05	0.000266794102507821	8.18287992739554e-05
cforex_sell_delta1	2.44874309539019e-05	5.2943019994769e-05	2.23169452565333e-05
mtarjeta_visa_descuentos	2.44153302347959e-05	0.00116263376929371	0.000208291489060977
mtarjeta_master_descuentos_tend6	2.4206000206363e-05	0.000379742017501431	8.18287992739554e-05
cplazo_fijo_tend6	2.42018792482024e-05	0.000818571475442174	0.000126462689787022
mpayroll2_avg6	2.38260476704475e-05	4.13780423361342e-05	2.97559270087111e-05
ctarjeta_visa_debitos_automaticos	2.36858360577457e-05	0.000479155373488428	0.000409143996369777
cpayroll_trx_delta1	2.35607226723312e-05	0.00104765735385197	0.000297559270087111
vm_mconsumosdolares_lag1	2.34868991246514e-05	0.000197934508457391	0.000193413525556622
vm_mpagosdolares_avg6	2.34469531334634e-05	0.000188591622575961	0.000193413525556622
vmr_mpagosdolares_avg6	2.33395420317901e-05	0.000353455681818813	0.000304998251839288
ccuenta_debitos_automaticos	2.33337441591694e-05	0.00040507723056729	0.000453777886882843
mprestamos_hipotecarios_delta1	2.31988934169675e-05	0.000192816963758373	5.20728722652443e-05
cpagodeservicios_avg6	2.30802899160291e-05	7.31859394045336e-05	5.95118540174221e-05
vm_madelantopesos_avg6	2.2934143253109e-05	0.000233302802577903	5.20728722652443e-05
ctarjeta_visa_descuentos	2.2871857111659e-05	0.000227638151948892	0.000119023708034844
Master_mpagominimo_avg6	2.28562281067856e-05	0.000201057220765508	0.00049841177739591
cforex_buy_avg6	2.27088002458627e-05	0.000877524243652566	0.000104145744530489
Master_msaldopesos_delta1	2.23493617514013e-05	0.000557644031906747	0.000609996503678577
ccajas_transacciones_lag1	2.22540136167307e-05	2.50153665221707e-05	6.69508357695999e-05
Visa_msaldodolares_avg6	2.21304149752865e-05	0.000681794992943765	0.00043146094162631
Visa_fechaalta_delta1	2.20741097267289e-05	6.83798242348972e-05	0.0002008525073088
vm_mpagosdolares_delta1	2.17401404321841e-05	0.000209979255931558	0.000171096580300089
Visa_delinquency_lag1	2.15355215687693e-05	9.39254626584463e-05	0.000104145744530489
vm_status05_tend6	2.11826615970041e-05	0.000144318127318014	0.000156218616795733
ctarjeta_master_avg6	2.10110462864222e-05	8.21668936707369e-05	7.43898175217776e-05
ctarjeta_master_descuentos_lag1	2.05949726065461e-05	0.000433164807311732	3.71949087608888e-05
mcheques_emitidos_delta1	2.04102524443359e-05	0.000780930587458612	0.000104145744530489
vmr_mconsumosdolares_delta1	2.03336857415531e-05	0.00100563120141415	0.000453777886882843
vm_status04_avg6	2.01047903594394e-05	7.508818463805e-05	0.000230608434317511
catm_trx_lag1	1.98268225090902e-05	9.18296260958553e-05	0.000260364361326222
vm_fechaalta_delta1	1.97152182061652e-05	3.82300789850939e-05	0.000126462689787022
ctarjeta_master_debitos_automaticos_avg6	1.92343697136125e-05	0.000388731388781941	0.0001339016715392
ctarjeta_debito_delta1	1.89858838344306e-05	0.000387519338721648	8.18287992739554e-05
vmr_mpagosdolares_delta1	1.86062378770327e-05	0.000325519611331907	0.0002008525073088
minversion2_tend6	1.85390964416709e-05	6.89269301648908e-05	5.20728722652443e-05
ctarjeta_master_transacciones_delta1	1.85367924818754e-05	0.000347429099574575	0.000260364361326222
mcaja_ahorro_adicional_delta1	1.7925816927956e-05	0.000173634588151366	5.20728722652443e-05
Master_mconsumosdolares	1.78409081151261e-05	0.000100532818889908	0.000193413525556622
cseguro_vivienda_tend6	1.75332735528811e-05	0.000232688360533448	0.000104145744530489
Visa_mpagosdolares_lag1	1.75208274430059e-05	0.000273637135139895	0.000193413525556622
Visa_cadelantosefectivo_avg6	1.74331513116834e-05	0.000217310475393473	5.20728722652443e-05
Master_cconsumos_avg6	1.72981925659428e-05	0.000696979286754665	0.000572801594917688
Visa_madelantopesos_avg6	1.72740803927484e-05	0.000244362759378082	8.18287992739554e-05
minversion1_pesos_lag1	1.56270195019773e-05	5.16804678486298e-05	4.46338905130666e-05
ccuenta_debitos_automaticos_lag1	1.55199101048857e-05	0.000269319206800099	0.000386827051113244
Visa_Fvencimiento_delta1	1.53368023648738e-05	0.0001428619838428	0.000297559270087111
vm_msaldodolares	1.53233202532082e-05	0.000210551612904475	0.000230608434317511
cliente_edad_delta1	1.52312619262941e-05	4.79348964817503e-05	0.000119023708034844
mplazo_fijo_dolares	1.50938126729094e-05	0.00234721911190163	0.000312437233591466
vmr_madelantopesos_delta1	1.47570603795891e-05	0.000244084997905931	2.23169452565333e-05
Visa_mpagosdolares	1.43593117838844e-05	0.000169476583083414	0.000290120288334933
cplazo_fijo_lag1	1.40222210198748e-05	0.00013411670597721	0.000104145744530489
Visa_mpagosdolares_avg6	1.39029302631439e-05	0.000355038080508641	0.000490972795643732
mcajeros_propios_descuentos	1.37451177574015e-05	8.110634986798e-05	5.95118540174221e-05
ccajeros_propios_descuentos_avg6	1.36407028777211e-05	0.000217790245209006	0.000104145744530489
ccajas_extracciones_lag1	1.34962514255153e-05	0.000148509800443196	0.000111584726282666
mforex_sell	1.31937284765702e-05	5.12259490760197e-05	4.46338905130666e-05
Master_mconsumototal_avg6	1.3190774314084e-05	0.000547745623081016	0.000446338905130666
cinversion2	1.29659011209173e-05	0.000582709900514763	6.69508357695999e-05
Visa_madelantopesos_lag1	1.25658955535555e-05	2.51837068083226e-05	5.20728722652443e-05
mpagodeservicios_tend6	1.24545993699031e-05	0.000258116160756691	8.18287992739554e-05
cpagodeservicios_tend6	1.22654449557333e-05	0.000484954696346361	5.95118540174221e-05
ccheques_emitidos_tend6	1.19105747993981e-05	6.43817424387898e-05	4.46338905130666e-05
cseguro_auto	1.19062401033526e-05	2.45019286494074e-05	1.48779635043555e-05
ccajas_otras_lag1	1.18886136184992e-05	0.000209423732987257	3.71949087608888e-05
ccajeros_propios_descuentos_lag1	1.16898862264239e-05	5.29177689518462e-05	3.71949087608888e-05
mpagodeservicios_avg6	1.16517315885266e-05	0.000106071214304305	6.69508357695999e-05
vm_msaldodolares_tend6	1.15532532643826e-05	0.000492622596380579	0.000461216868635021
mprestamos_hipotecarios_tend6	1.14767927438433e-05	0.000507874226305941	5.20728722652443e-05
cinversion1_avg6	1.12318885686749e-05	0.000519548625150574	8.18287992739554e-05
Master_mpagado_delta1	1.09017935399129e-05	0.000385095238601061	0.000208291489060977
cpagomiscuentas	1.07226734452153e-05	0.000510761262213446	0.000505850759148088
mprestamos_prendarios_tend6	1.03878699835438e-05	0.000561499024459625	5.20728722652443e-05
ctarjeta_visa_descuentos_delta1	1.02336590209972e-05	0.00054748469563748	6.69508357695999e-05
ctarjeta_visa_tend6	9.92956109843585e-06	0.000268494339397955	8.92677810261331e-05
mforex_sell_lag1	9.06424052749945e-06	0.000123157753348722	9.67067627783109e-05
vm_mpagosdolares	8.71323204255928e-06	3.09577786233323e-05	6.69508357695999e-05
Master_madelantopesos_tend6	8.39262193328004e-06	4.80106496105187e-05	3.71949087608888e-05
vm_madelantopesos_tend6	8.33884070030278e-06	0.000344668318881685	3.71949087608888e-05
tcuentas_tend6	7.81125279023787e-06	0.000308988595231792	8.18287992739554e-05
cforex_buy_tend6	7.71448813440196e-06	0.000515020271453088	8.92677810261331e-05
Master_delinquency_avg6	7.68007013981329e-06	0.000445015963456825	0.000104145744530489
active_quarter_delta1	7.49386528440795e-06	3.7565134854794e-05	4.46338905130666e-05
vm_status03_delta1	7.20071641162749e-06	0.000113377182723297	5.20728722652443e-05
vmr_mpagosdolares_lag1	7.13506267481567e-06	0.000159847518715526	0.000119023708034844
vmr_msaldodolares_lag1	7.02951210630694e-06	0.000126617146229143	0.000178535562052266
mforex_buy_avg6	6.73504986087548e-06	0.000607405420493245	6.69508357695999e-05
mcaja_ahorro_adicional_lag1	6.48520680036511e-06	0.000365550931378826	0.000119023708034844
ccajas_extracciones	6.2874371300398e-06	0.000746336658654399	0.000126462689787022
mpayroll2_delta1	6.22165151125524e-06	0.000130463721767714	2.23169452565333e-05
Master_mpagosdolares_delta1	6.21225573298947e-06	0.000260397171634049	9.67067627783109e-05
Master_delinquency_delta1	6.05466564426434e-06	8.99778829481845e-06	2.23169452565333e-05
ccajas_depositos_delta1	6.0469811509405e-06	0.00018002310201083	9.67067627783109e-05
ccuenta_debitos_automaticos_delta1	6.0204648886049e-06	6.9878052781649e-05	8.92677810261331e-05
mplazo_fijo_pesos_tend6	5.96246382861445e-06	0.000375491425276095	2.97559270087111e-05
cinversion2_lag1	5.95593132849814e-06	0.000113318263623144	2.97559270087111e-05
cforex_sell_lag1	5.60228280668474e-06	0.000216308850690869	5.95118540174221e-05
Visa_Finiciomora	5.49515288981841e-06	0.000579376762848955	9.67067627783109e-05
mcheques_emitidos	5.23611285912944e-06	0.000485602806448046	4.46338905130666e-05
cpayroll2_trx_delta1	5.13272752825304e-06	1.53442170827447e-05	7.43898175217776e-06
Master_mconsumosdolares_delta1	5.12265088792798e-06	8.90435943600415e-05	0.000119023708034844
mtarjeta_master_descuentos_avg6	5.10335984843796e-06	0.000128443638333891	8.18287992739554e-05
vmr_mpagosdolares	5.04943775244291e-06	7.10059326988667e-05	5.95118540174221e-05
vm_status06_lag1	4.97276040870566e-06	7.75207017729448e-06	3.71949087608888e-05
mforex_buy_delta1	4.85668798467524e-06	0.000192825380772681	4.46338905130666e-05
cseguro_vida_lag1	4.70776005465866e-06	2.36938952758783e-05	5.20728722652443e-05
vm_madelantopesos_lag1	4.61082623078468e-06	8.39597177182545e-05	1.48779635043555e-05
cseguro_auto_lag1	4.51392479518599e-06	4.12349530929051e-05	2.97559270087111e-05
Visa_madelantopesos_tend6	4.40497310524646e-06	0.000204802792132388	5.95118540174221e-05
minversion1_pesos_avg6	4.37059110961182e-06	5.75892118925611e-05	5.20728722652443e-05
minversion2_delta1	3.95828419857979e-06	6.38767215803342e-05	6.69508357695999e-05
minversion1_pesos	3.94388759714728e-06	0.000234001414765433	5.20728722652443e-05
cforex_sell_tend6	3.91943026288383e-06	0.000195880756966338	0.000156218616795733
vmr_madelantopesos_avg6	3.91216305238951e-06	0.000176176526472259	1.48779635043555e-05
minversion2_avg6	3.89934469196468e-06	3.26580155134664e-05	2.97559270087111e-05
ccheques_depositados_delta1	3.82697839914463e-06	0.000273241535467438	5.95118540174221e-05
cseguro_vida_delta1	3.82454984333349e-06	0.000182001100373114	2.23169452565333e-05
ccajas_extracciones_delta1	3.807987161895e-06	0.000253596224073513	0.000119023708034844
Visa_Finiciomora_avg6	3.58144671329971e-06	0.000275901311988638	0.000126462689787022
ccajeros_propios_descuentos	3.54557887413731e-06	8.39092156324089e-05	5.95118540174221e-05
vm_Finiciomora_tend6	3.50961863154061e-06	0.000188305444089503	8.92677810261331e-05
ccheques_emitidos_rechazados_tend6	3.49704258046324e-06	1.35093079636891e-05	7.43898175217776e-06
Master_msaldodolares_lag1	3.38246499103548e-06	0.000442364603949933	0.000185974543804444
Visa_madelantodolares_avg6	3.27432953157279e-06	2.39043206335682e-06	1.48779635043555e-05
vm_msaldodolares_lag1	3.21869153284362e-06	0.000331655614762144	0.000148779635043555
mcheques_emitidos_lag1	3.15582455307218e-06	3.21361606263956e-05	5.20728722652443e-05
vm_Finiciomora	3.12330017535153e-06	0.000213960503699051	6.69508357695999e-05
tcuentas_lag1	3.08075519851147e-06	0.00012144909944428	8.92677810261331e-05
Visa_madelantopesos_delta1	3.04372463613832e-06	6.3464287879262e-05	5.20728722652443e-05
vm_cadelantosefectivo_lag1	2.95289232690991e-06	4.09571916207545e-05	7.43898175217776e-06
vmr_madelantopesos_lag1	2.87281857404941e-06	2.65977652119984e-06	7.43898175217776e-06
mforex_buy_tend6	2.86024859202404e-06	7.6519077070341e-05	2.97559270087111e-05
cprestamos_hipotecarios_tend6	2.79624122343464e-06	7.87832539190839e-06	7.43898175217776e-06
vm_cadelantosefectivo_tend6	2.66548107793572e-06	8.14766984975141e-05	7.43898175217776e-06
Master_delinquency_tend6	2.65675884442768e-06	8.26803315435001e-05	7.43898175217776e-05
ccheques_emitidos_avg6	2.57622602111264e-06	0.00141350288073156	8.18287992739554e-05
cseguro_vida_tend6	2.45609531226095e-06	0.000339441352996668	0.000156218616795733
Master_cadelantosefectivo	2.32900429302116e-06	8.50118445067038e-06	7.43898175217776e-06
vm_mpagosdolares_lag1	2.21925358215282e-06	0.000406903722672038	8.18287992739554e-05
mttarjeta_master_debitos_automaticos	2.12754398326871e-06	8.55757844653126e-05	0.000111584726282666
ccajeros_propios_descuentos_delta1	2.10981751787373e-06	0.00020013976620598	5.95118540174221e-05
minversion1_pesos_tend6	2.05548011159541e-06	7.57447117540423e-05	5.95118540174221e-05
Master_mconsumosdolares_lag1	1.95566471495114e-06	0.000393663759166192	0.000171096580300089
mtarjeta_master_descuentos	1.93229365776436e-06	5.83972452660902e-05	2.97559270087111e-05
mplazo_fijo_pesos_delta1	1.93173981249314e-06	9.62064735358044e-06	7.43898175217776e-06
Master_delinquency	1.84235941237219e-06	5.63939958608827e-06	4.46338905130666e-05
mpayroll2_tend6	1.77355681278682e-06	5.85824195808573e-06	7.43898175217776e-06
mforex_buy	1.75487328038212e-06	7.72513573151017e-05	2.23169452565333e-05
vm_Finiciomora_avg6	1.64604357888866e-06	0.000182118938573421	5.20728722652443e-05
ctarjeta_master_delta1	1.62004092604029e-06	0.00028562296351391	1.48779635043555e-05
ccheques_depositados	1.60491220721239e-06	0.000205383566119612	6.69508357695999e-05
ccheques_emitidos_rechazados_avg6	1.54200143121884e-06	0.000179029894322534	2.97559270087111e-05
ccaja_seguridad_delta1	1.52659457858234e-06	0.000103024255124956	7.43898175217776e-06
cpagodeservicios_delta1	1.4471624359547e-06	7.5004014494974e-05	1.48779635043555e-05
ccheques_emitidos	1.41617850837414e-06	0.000487951153439865	2.97559270087111e-05
tcallcenter_lag1	1.1806110683426e-06	0.000301404865340649	0.000208291489060977
cseguro_vida	1.16918451656055e-06	0.00095189698207447	0.000141340653291377
cinversion1	1.16053006353789e-06	0.00068632334664125	2.97559270087111e-05
cprestamos_hipotecarios_avg6	1.15608200109234e-06	3.9972400946766e-05	2.23169452565333e-05
vm_status05_lag1	1.12942202952053e-06	6.23532419906596e-05	2.97559270087111e-05
Master_Finiciomora_avg6	1.10173726716042e-06	0.00043051344780484	5.20728722652443e-05
Visa_Finiciomora_tend6	1.06733284661732e-06	0.000104227888170942	9.67067627783109e-05
Visa_delinquency_delta1	1.0407787735975e-06	0.000120843074414133	4.46338905130666e-05
cinversion1_lag1	1.00922588916071e-06	1.15060585584816e-05	1.48779635043555e-05
cprestamos_prendarios_avg6	8.50528192426402e-07	0.000345358514054907	5.20728722652443e-05
Master_mpagado	7.63283875413158e-07	0.000419015806260666	0.000119023708034844
vm_cadelantosefectivo_delta1	6.90706752430509e-07	5.90537723820826e-05	7.43898175217776e-06
vmr_madelantopesos_tend6	6.57837064080565e-07	5.47358440422866e-05	7.43898175217776e-06
cseguro_auto_delta1	6.49474178082273e-07	1.42247541798346e-05	7.43898175217776e-06
mprestamos_hipotecarios_lag1	6.39975126931975e-07	1.49738684532105e-05	7.43898175217776e-06
Visa_cadelantosefectivo_tend6	6.05913455668855e-07	7.12079410422489e-05	2.97559270087111e-05
Visa_madelantodolares_tend6	5.06779760236955e-07	1.67835265293433e-05	1.48779635043555e-05
vm_status02_lag1	4.92813735380636e-07	3.49221923622093e-05	2.23169452565333e-05
cforex_delta1	4.6695582618902e-07	5.23790800361602e-05	5.95118540174221e-05
ctarjeta_master_tend6	4.56675201077386e-07	0.000119437433024765	6.69508357695999e-05
Visa_madelantopesos	4.48824611860854e-07	6.90616023938123e-05	8.92677810261331e-05
ccajas_depositos_lag1	4.18040709424692e-07	6.8901679121968e-05	6.69508357695999e-05
minversion1_pesos_delta1	4.15489169284383e-07	0.000186125437383836	5.20728722652443e-05
vmr_msaldodolares2_lag1	4.13082574271366e-07	0.0013368491314323	0.000208291489060977
Master_madelantopesos_avg6	3.88484968263058e-07	1.42247541798346e-05	3.71949087608888e-05
cforex	3.82621653506307e-07	0.000135143581722736	4.46338905130666e-05
cprestamos_prendarios_tend6	3.62173673226193e-07	0.000144949403391084	2.97559270087111e-05
mpagodeservicios_delta1	3.19721359181693e-07	0.000167944686479432	1.48779635043555e-05
cpagodeservicios	2.85645568097972e-07	1.00751661261905e-05	7.43898175217776e-06
Master_madelantodolares	2.6952137056217e-07	1.16996498875563e-06	7.43898175217776e-06
mprestamos_prendarios	2.39298705004515e-07	0.00109176250882377	9.67067627783109e-05
cseguro_accidentes_personales_delta1	2.37580837411225e-07	1.6581518185961e-06	7.43898175217776e-06
vm_status03	2.06493457317084e-07	1.34335548349207e-05	6.69508357695999e-05
cliente_vip_lag1	1.88252371359658e-07	9.05670739497161e-06	7.43898175217776e-06
Master_madelantopesos_lag1	1.83756436269684e-07	3.12271230811754e-06	1.48779635043555e-05
Visa_cadelantosefectivo_delta1	1.34246848269027e-07	4.19588163233583e-05	7.43898175217776e-06
cforex_buy_delta1	1.32091829958728e-07	3.30031131000778e-05	2.23169452565333e-05
vm_madelantopesos	1.29423057261728e-07	5.75723778639459e-06	7.43898175217776e-06
mcheques_emitidos_rechazados_tend6	9.21724986728706e-08	9.78898763973233e-06	7.43898175217776e-06
cprestamos_hipotecarios	6.81379946282402e-08	0.000149368335902571	1.48779635043555e-05
ctarjeta_master_debitos_automaticos	6.77927682463212e-08	7.45747467652867e-05	5.20728722652443e-05
mcheques_depositados_rechazados_avg6	6.56340442852141e-08	2.04112596959165e-05	3.71949087608888e-05
ccheques_emitidos_delta1	6.1936663833676e-08	2.19852413714367e-05	1.48779635043555e-05
mplazo_fijo_pesos	5.64822950138958e-08	0.000199205477617838	2.23169452565333e-05
minversion2_lag1	5.54321516104032e-08	0.00027404115182666	3.71949087608888e-05
cinversion2_tend6	5.52125880974054e-08	0.000182868052846797	2.23169452565333e-05
vm_status01_lag1	5.44147645163023e-08	0.00103578094666396	5.20728722652443e-05
mprestamos_prendarios_delta1	4.8908961379029e-08	2.73468794853743e-05	7.43898175217776e-06
cseguro_vivienda_delta1	3.89377522679505e-08	5.06367580744881e-05	7.43898175217776e-06
Visa_madelantodolares_lag1	3.78888182407751e-08	8.53485250790076e-06	3.71949087608888e-05
Visa_madelantodolares	3.10570685642663e-08	0.00020391900563009	4.46338905130666e-05
mprestamos_prendarios_avg6	2.77382917854284e-08	3.51242007055916e-05	7.43898175217776e-06
cforex_buy	2.58948269475951e-08	3.43414183749853e-06	7.43898175217776e-06
cprestamos_prendarios_delta1	1.80252312545179e-08	7.37414623488349e-05	7.43898175217776e-06
tcuentas_delta1	1.80132915387112e-08	2.25996834158911e-05	7.43898175217776e-06
vm_status02_delta1	1.74244052202484e-08	0.00034181495103141	4.46338905130666e-05
mcheques_depositados_lag1	1.54511747746258e-08	0.000118562063536775	5.20728722652443e-05
Visa_cadelantosefectivo	1.32159544526535e-08	6.63513237867669e-05	4.46338905130666e-05
Master_msaldodolares_delta1	1.0015581349194e-08	0.000204575532746083	9.67067627783109e-05
Master_Finiciomora_tend6	9.07011064312834e-09	0.000267863063324885	2.97559270087111e-05
Visa_Finiciomora_delta1	8.17530145605621e-09	2.00409110663824e-05	7.43898175217776e-06
vm_Finiciomora_delta1	7.50492927795044e-09	7.03157375256439e-05	7.43898175217776e-06
Master_Finiciomora_lag1	7.07715164212789e-09	7.7764795187865e-05	1.48779635043555e-05
cinversion1_delta1	7.01060203769834e-09	1.14892245298664e-05	1.48779635043555e-05
mtarjeta_master_descuentos_delta1	4.50749679337772e-09	8.98684617621858e-05	5.20728722652443e-05
ccheques_depositados_rechazados_tend6	2.53827827156757e-09	8.33284416451849e-06	7.43898175217776e-06
mtarjeta_master_descuentos_lag1	2.15638309567515e-09	0.00011203887744839	2.97559270087111e-05
minversion1_dolares_lag1	1.98245147412947e-09	0.000120405389670138	1.48779635043555e-05
Master_cadelantosefectivo_lag1	1.61101242999126e-09	8.58535459374632e-07	7.43898175217776e-06
ctarjeta_visa_descuentos_lag1	7.30587555949096e-10	0.000123847948521945	4.46338905130666e-05
vm_cadelantosefectivo_avg6	4.76760781598885e-10	0.000184627208837084	3.71949087608888e-05
ccheques_depositados_lag1	3.65096016354457e-10	8.34041947739533e-05	2.23169452565333e-05
mforex_buy_lag1	9.49812319253962e-11	9.17454559527793e-07	7.43898175217776e-06
ctarjeta_visa_delta1	3.42070464143304e-11	5.70505229768751e-05	2.97559270087111e-05
mcheques_depositados	2.97237718711375e-11	0.000221712573876345	2.97559270087111e-05
cforex_sell	1.52330487226645e-11	1.06896081706449e-06	7.43898175217776e-06
mpagodeservicios	1.40340150055958e-11	9.63748138219563e-06	1.48779635043555e-05
Master_mpagosdolares	1.38852678285294e-11	3.0797855351488e-05	5.95118540174221e-05
ccheques_emitidos_lag1	1.10890017302891e-11	7.65106600560334e-06	7.43898175217776e-06
Master_madelantodolares_lag1	4.22565121397526e-12	4.29267729687316e-07	7.43898175217776e-06
cforex_lag1	3.4089164912381e-12	0.000132189209700771	3.71949087608888e-05
cforex_buy_lag1	2.5316184545815e-12	5.69831868624143e-06	1.48779635043555e-05
mprestamos_hipotecarios	2.29741671509535e-12	1.57398167552016e-06	7.43898175217776e-06
Master_madelantopesos_delta1	8.35361606052283e-13	3.52083708486675e-05	7.43898175217776e-06
minversion1_dolares_delta1	2.73111258921359e-13	1.17164839161715e-05	7.43898175217776e-06
Master_madelantopesos	2.13658426863057e-13	2.84495083596692e-06	2.23169452565333e-05
vm_status04_lag1	2.04528418331439e-13	2.31467893458847e-06	7.43898175217776e-06
minversion1_dolares_tend6	8.249099697779e-14	3.94842141169255e-05	7.43898175217776e-06
cprestamos_prendarios	7.44244514102209e-14	2.15896416989797e-05	1.48779635043555e-05
minversion1_dolares_avg6	4.00708427597219e-14	2.03775916386861e-05	7.43898175217776e-06
mpagodeservicios_lag1	2.13193337427581e-14	1.44015114802941e-05	7.43898175217776e-06
mprestamos_hipotecarios_avg6	9.55336663210002e-17	2.93585459048894e-05	7.43898175217776e-06
