Feature	Gain	Cover	Frequency
azar_under	0.645144202213137	0.0714698841856187	0.01936649539834
ctrx_quarter	0.0572360683046646	0.0123760516311717	0.0117441138275648
ctrx_quarter_normalizado	0.0543309369416229	0.0220791947641144	0.0138332109988143
ctrx_quarter_lag1	0.0136406471605735	0.00411561084926152	0.00558974648523517
cpayroll_trx	0.0133371287341576	0.0181230602660795	0.00784822991361301
mpasivos_margen	0.0132335551929769	0.00727486125492125	0.013663824741686
mpayroll_sobre_edad	0.00940137338931105	0.00974563739707248	0.00479927728530292
mprestamos_personales	0.00778228508016494	0.0201511396123698	0.00598498108520129
mtarjeta_visa_consumo	0.00736015113150687	0.00495341534413197	0.00485573937101237
mcaja_ahorro	0.00733826741622657	0.00570967141146966	0.0102760995991192
mpayroll	0.00673697581940606	0.00970769675632778	0.00598498108520129
ctrx_quarter_normalizado_lag1	0.0057615451340241	0.00491191018672114	0.00688837445655243
mcaja_ahorro_lag1	0.0054733669112935	0.00342640875250707	0.00688837445655243
mcuentas_saldo	0.00537601421377762	0.010170692012715	0.0106148721133759
ccomisiones_mantenimiento_tend6	0.0044225633977017	0.0125503023752116	0.00756591948506578
mcomisiones_mantenimiento_tend6	0.00333217232237549	0.0165339203542779	0.0123087346846593
mcomisiones_otras_avg6	0.00319034098130883	0.00571293110908406	0.00846931285641692
mcomisiones_avg6	0.00318344010370592	0.00443470040924819	0.00570267065665406
cpayroll_trx_avg6	0.00271209189800657	0.00563825666220762	0.00638021568516741
mprestamos_personales_lag1	0.00267157190956253	0.00251768717213251	0.00141155214273615
mrentabilidad_annual_avg6	0.00239758370733458	0.00684236034530076	0.00999378917057196
cpayroll_trx_lag1	0.0020775301075233	0.00183538393922227	0.00163740048557394
mpasivos_margen_avg6	0.00169382006169707	0.00441482496291612	0.00863869911354525
cdescubierto_preacordado	0.00138037116895404	0.00487166785109604	0.00208909717124951
vm_msaldopesos	0.0012839038683352	0.00137355197186916	0.00186324882841172
mpasivos_margen_lag1	0.00122061268385368	0.00248332348964788	0.00609790525662018
mcuentas_saldo_lag1	0.00121618777548764	0.00234270237404959	0.00564620857094461
mcuenta_debitos_automaticos	0.00119517376127003	0.0133325613739008	0.00457342894246513
mactivos_margen_avg6	0.00118837690234293	0.00478384886021345	0.00536389814239738
ccomisiones_otras_avg6	0.00108646654156716	0.00925917107370216	0.00829992659928858
ctarjeta_visa_transacciones	0.00107638138646044	0.00201998608942705	0.00225848342837784
mactivos_margen_delta1	0.00105074391201274	0.0055543754358096	0.00485573937101237
mrentabilidad_annual	0.00105059518109511	0.0046522541210245	0.00423465642820846
vmr_msaldopesos	0.00097714681726093	0.000843154380268125	0.00175032465699283
cdescubierto_preacordado_avg6	0.000973733898134266	0.00322061856780868	0.00169386257128338
ctrx_quarter_tend6	0.000971773091269958	0.00561074207719142	0.0064931398565863
ccajas_consultas_tend6	0.000913477681359211	0.00971452097060831	0.00327480097114787
ccaja_seguridad	0.000911963745169301	0.00585045426778927	0.00152447631415505
mrentabilidad	0.000907461508600328	0.00294451471491266	0.0035571113996951
mcuentas_saldo_tend6	0.000896809777438855	0.0023968668533026	0.00468635311388403
vm_status01_avg6	0.000896061022735314	0.00360300473700626	0.00124216588560781
chomebanking_transacciones_tend6	0.000893217055537686	0.0045717943329622	0.00558974648523517
ctrx_quarter_normalizado_avg6	0.000853787614295605	0.00277843187729961	0.00299249054260064
mcomisiones_mantenimiento	0.000851114660665592	0.0012454346581887	0.00242786968550618
cproductos_tend6	0.000836605195804911	0.00494140298517509	0.00299249054260064
ccomisiones_mantenimiento_avg6	0.000818540035041455	0.00363415848825228	0.00378295974253289
mactivos_margen	0.000781033373644974	0.00328780939592534	0.00327480097114787
mtarjeta_master_consumo	0.000780122191703421	0.00272891433338621	0.00118570379989837
mcaja_ahorro_avg6	0.00077528274217548	0.00185236049416444	0.00491220145672181
cprestamos_personales	0.000766425008253646	0.00270669986739189	0.00135509005702671
mcuenta_corriente_delta1	0.000749684357811016	0.00212474431046997	0.00287956637118175
Visa_fechaalta_lag1	0.000745931541450257	0.0020292737393093	0.00350064931398566
cliente_edad_lag1	0.000736795474241101	0.00683597780760539	0.00683191237084298
mcuenta_corriente_tend6	0.000727157321379908	0.00253621270552121	0.00451696685675569
vmr_mpagominimo	0.000724509627685737	0.00156045581695434	0.00259725594263452
mcomisiones_mantenimiento_avg6	0.000717704118440007	0.00394603192374905	0.00316187679972898
mcomisiones_tend6	0.000714962654709332	0.00162406346601395	0.00327480097114787
mrentabilidad_annual_delta1	0.000699066745240169	0.0024924742819967	0.00542036022810683
mv_status07_avg6	0.000695565973026487	0.00138012735427072	0.000846931285641692
mcuenta_corriente_avg6	0.000686853091988448	0.00327367574520031	0.00417819434249901
cliente_edad	0.000684784800567862	0.00514598011446354	0.00609790525662018
mactivos_margen_lag1	0.000681498361690831	0.0021300817542737	0.00321833888543843
tcallcenter_tend6	0.000654995350384452	0.00353577036331078	0.0022020213426684
mpayroll_lag1	0.00064573698404564	0.00283004582979326	0.00237140759979674
mcuenta_corriente	0.000614713247954987	0.00103460562794134	0.00282310428547231
ccomisiones_otras_tend6	0.000608764309638827	0.00325223265803078	0.00389588391395178
mcuenta_corriente_lag1	0.000601722851389832	0.00187203687499334	0.00310541471401954
ctrx_quarter_delta1	0.000600266031850483	0.00442936296544446	0.00395234599966123
ccallcenter_transacciones_avg6	0.00059968559910119	0.00482519849769993	0.0051380497995596
mrentabilidad_annual_tend6	0.00059632125377645	0.00327649998702653	0.00474281519959347
vm_mpagominimo	0.000592118856450048	0.0012636740349166	0.00265371802834397
Visa_mpagospesos_tend6	0.000575724598032442	0.00230834491236194	0.0050251256281407
mrentabilidad_delta1	0.000554990663085881	0.00237477680324777	0.00474281519959347
cproductos	0.000554925267190199	0.00287023839904256	0.00248433177121563
Visa_mpagospesos_delta1	0.000539951159657099	0.00367254702637911	0.00378295974253289
mcomisiones_mantenimiento_delta1	0.000539677358877322	0.00253454553193217	0.00203263508554006
mcuentas_saldo_delta1	0.000538055563446983	0.00433579595815785	0.00400880808537067
ccomisiones_otras	0.000534146704831408	0.00490357431877592	0.00383942182824234
Master_fechaalta	0.000527998200407139	0.00244126468130636	0.00434758059962735
mcuentas_saldo_avg6	0.000523299076887003	0.00404432673673594	0.00423465642820846
mttarjeta_visa_debitos_automaticos_tend6	0.000521774053032347	0.0030037304813086	0.0029360284568912
mrentabilidad_annual_lag1	0.000521389793967026	0.00328764765520402	0.00553328439952572
mrentabilidad_tend6	0.000518360403803688	0.00272526894635942	0.00417819434249901
mprestamos_personales_tend6	0.000512934439025543	0.00698371551494199	0.00248433177121563
ccomisiones_mantenimiento	0.000511280375843199	0.00219832389707898	0.00135509005702671
ctransferencias_recibidas_avg6	0.000511221496203784	0.00170604734933489	0.00400880808537067
cliente_edad_avg6	0.000504977192787339	0.00368152363641266	0.00423465642820846
mv_status07_delta1	0.000499118921658376	0.00542477757244931	0.00118570379989837
Visa_fechaalta	0.000465409206908052	0.00245271716853558	0.00321833888543843
ccallcenter_transacciones_tend6	0.000462971401132054	0.00394330099387745	0.00242786968550618
vm_Fvencimiento_avg6	0.000461753866920197	0.0027123794550292	0.00299249054260064
vmr_mpagominimo_avg6	0.000458698193799734	0.00169620604852196	0.00237140759979674
Visa_Fvencimiento_lag1	0.000456796683850972	0.003074100136679	0.00321833888543843
Master_fechaalta_lag1	0.000453227878762649	0.00125438016423738	0.0029360284568912
mcuenta_debitos_automaticos_lag1	0.000446081227356009	0.00255269159670546	0.00141155214273615
cliente_antiguedad_lag1	0.000441579219038915	0.00130819005806287	0.00282310428547231
ccaja_ahorro	0.000440726331094946	0.00301856086129472	0.00135509005702671
mttarjeta_visa_debitos_automaticos_avg6	0.000438195472709135	0.00165480664465969	0.00242786968550618
thomebanking_tend6	0.00043284989047227	0.00359766107240555	0.00254079385692508
Master_fechaalta_avg6	0.000432830070129723	0.00144096052787991	0.00350064931398566
numero_de_cliente	0.000426727430772743	0.00108491943386741	0.00316187679972898
Visa_cconsumos_avg6	0.000424408074705086	0.00155345119956157	0.00276664219976286
mcomisiones_otras_lag1	0.000423912488205914	0.00144988737153767	0.00333126305685732
chomebanking_transacciones_avg6	0.000423130087563253	0.00134526600802817	0.00321833888543843
vmr_mpagospesos_tend6	0.000415613657952931	0.00426984306863902	0.00304895262831009
mtransferencias_recibidas_delta1	0.000414407042189319	0.00262803166885812	0.00321833888543843
vm_msaldototal	0.000410332933247111	0.000756691523125872	0.0022020213426684
ctrx_quarter_normalizado_tend6	0.000409617016277298	0.00321859680879212	0.00338772514256677
azar_sampling	0.000407210868350091	0.00153771258321723	0.00378295974253289
vm_status06_avg6	0.000403366154738195	0.000187836964631292	0.000282310428547231
mcomisiones	0.000402851608159825	0.00127173618779496	0.00254079385692508
chomebanking_transacciones	0.000401996862121062	0.00295760327174605	0.00299249054260064
cproductos_delta1	0.000400732711222568	0.00166874122988155	0.000734007114222799
mtransferencias_recibidas_avg6	0.000399816251042895	0.00146421386696889	0.00304895262831009
mpagomiscuentas_avg6	0.000399716841087185	0.00776175681328278	0.00259725594263452
ccomisiones_otras_lag1	0.000398838304979036	0.00280546124015183	0.0029360284568912
vm_mpagospesos_tend6	0.000390385610818757	0.0017273286957831	0.00287956637118175
Visa_mfinanciacion_limite_tend6	0.000388308913668299	0.00199989291520089	0.00287956637118175
cliente_antiguedad	0.000383100643087143	0.00232789687725137	0.00350064931398566
vmr_mpagominimo_tend6	0.000380446135531861	0.00159916783652383	0.00191971091412117
vm_status04	0.000373437129104987	0.00220917296700171	0.000959855457060584
mpasivos_margen_tend6	0.000367132467950344	0.00146901010143588	0.00316187679972898
Visa_mpagominimo_tend6	0.000364116073265532	0.00161035282948316	0.00242786968550618
vmr_msaldopesos2_lag1	0.000363874268793764	0.00297106507639789	0.00276664219976286
cprestamos_personales_avg6	0.000360565469212379	0.000608188657761467	0.000903393371351138
Visa_Fvencimiento_avg6	0.000359051520849347	0.00108751350620559	0.00282310428547231
Master_Fvencimiento	0.000357470203798589	0.00153949173115181	0.0035571113996951
ctrx_quarter_normalizado_delta1	0.000356007500869103	0.00254538216026096	0.00271018011405341
ccaja_seguridad_avg6	0.000354328128165329	0.0045359376592038	0.00112924171418892
Visa_msaldopesos	0.000347966347063387	0.000589513825245384	0.0014680142284456
vmr_msaldototal	0.000346118345268053	0.000571187357359847	0.0014680142284456
mautoservicio	0.000345828316286177	0.00321519403284731	0.0042911185139179
thomebanking_avg6	0.00034328906155943	0.00121668213457466	0.00191971091412117
mcomisiones_otras	0.00034097181137564	0.00195553241197897	0.00333126305685732
mcaja_ahorro_tend6	0.00034046474235576	0.00141269322642985	0.00327480097114787
ctransferencias_recibidas_tend6	0.000340124692903334	0.00133656311306149	0.00259725594263452
Master_Fvencimiento_avg6	0.000337720445902936	0.00131186032827755	0.00299249054260064
vm_fechaalta	0.000336835150617095	0.00190711594912998	0.00254079385692508
mtransferencias_recibidas_tend6	0.000328351915846234	0.00248502798801877	0.00287956637118175
vm_mpagominimo_avg6	0.000327837721729408	0.000726427345847143	0.0014680142284456
mcomisiones_lag1	0.000327251983290211	0.00115115225925007	0.00259725594263452
Visa_fultimo_cierre_tend6	0.000324173757910898	0.00709274120270911	0.00169386257128338
Master_mfinanciacion_limite_tend6	0.000320564164620673	0.00181439497023184	0.00276664219976286
mcomisiones_otras_tend6	0.000316296572426753	0.00132395977839207	0.00287956637118175
vm_status02_tend6	0.000310311914272168	0.000428096585362862	0.000169386257128338
mrentabilidad_lag1	0.000309889450666883	0.00154925838240106	0.00259725594263452
Visa_fechaalta_avg6	0.000309338842740301	0.00121241466785047	0.00214555925695895
Visa_cconsumos_lag1	0.000308938868188795	0.00088474662883659	0.00180678674270228
Visa_mpagominimo_avg6	0.000308836544038983	0.00102757612736067	0.00197617299983061
Master_msaldopesos_avg6	0.000307427343828729	0.00109762852208539	0.00107277962847948
mcomisiones_delta1	0.000305312324913819	0.0012944483175472	0.00237140759979674
mtransferencias_recibidas	0.000303646382504854	0.00123558091578181	0.00191971091412117
Visa_mpagominimo	0.000300009445672587	0.000798364642055	0.00225848342837784
cmobile_app_trx_avg6	0.00029813266647074	0.0012303119007448	0.00237140759979674
vmr_msaldopesos2	0.000294926729311527	0.00169777991015639	0.00242786968550618
ccajas_transacciones_tend6	0.000292749674000042	0.00294619433009566	0.00163740048557394
mcaja_ahorro_dolares_avg6	0.000290242992304316	0.00216614993512922	0.00225848342837784
Visa_mconsumospesos_tend6	0.000289869939290892	0.00160509625604009	0.00265371802834397
Visa_msaldopesos_tend6	0.000288709266298137	0.00291018835720988	0.00175032465699283
mcuenta_debitos_automaticos_tend6	0.000288547064977841	0.00265764888325155	0.00203263508554006
mactivos_margen_tend6	0.000287113307740098	0.00157469522122793	0.00271018011405341
vm_Fvencimiento	0.00028632512052661	0.00128763032406365	0.00254079385692508
vmr_msaldopesos2_delta1	0.000286073060939187	0.00149166002321838	0.00214555925695895
vm_Fvencimiento_lag1	0.000285893633781881	0.000885661085991775	0.00191971091412117
tcallcenter_delta1	0.000284129864897125	0.00183514754893725	0.000846931285641692
vmr_msaldopesos2_avg6	0.000283911610710747	0.00169040826574215	0.00304895262831009
ctrx_quarter_avg6	0.000283381052930378	0.00304885614255832	0.00271018011405341
mautoservicio_tend6	0.000283269700243045	0.00344039310410472	0.00237140759979674
Master_Fvencimiento_lag1	0.000281483312323081	0.00109371564078871	0.00265371802834397
Visa_cconsumos_tend6	0.000280392818501244	0.00152122125043904	0.00265371802834397
mv_status07	0.000276798454267474	0.00128483096542533	0.000677545028513353
vm_msaldopesos_lag1	0.000273262819314358	0.00286510624153898	0.00186324882841172
vm_fechaalta_avg6	0.000271307253201725	0.00117033097632105	0.00180678674270228
mcaja_ahorro_delta1	0.000271163602964994	0.00186824840963615	0.00254079385692508
mtransferencias_emitidas_delta1	0.000269547674208723	0.00295804494833121	0.00203263508554006
vm_cconsumos_tend6	0.000267176331238519	0.00125654500158434	0.00208909717124951
chomebanking_transacciones_lag1	0.000263804881204262	0.00117413810406917	0.00271018011405341
ctarjeta_master	0.000261667970386842	8.35017577826074e-05	0.000169386257128338
vm_msaldototal_delta1	0.000256961347895539	0.00437227471161365	0.00271018011405341
Visa_mlimitecompra_delta1	0.000254515490024056	0.00112560344607767	0.00203263508554006
mrentabilidad_avg6	0.000251790835105869	0.00104309701581091	0.00242786968550618
Visa_mpagado_avg6	0.000251378889134419	0.00111189280954687	0.00163740048557394
mprestamos_personales_avg6	0.000248255883814597	0.00279290145106124	0.00124216588560781
cliente_antiguedad_avg6	0.000247637077275724	0.00160140110263751	0.00271018011405341
mpasivos_margen_delta1	0.000247471949342454	0.00116465760948072	0.00208909717124951
ctarjeta_visa_transacciones_tend6	0.000245428869229671	0.00130615585745235	0.00186324882841172
Visa_mconsumospesos_delta1	0.000243087117004205	0.000993741212618835	0.00186324882841172
Visa_msaldototal_tend6	0.000241788937446175	0.00104797412063856	0.00197617299983061
vm_msaldototal_lag1	0.000241458270793927	0.000680791579245548	0.00107277962847948
Visa_mlimitecompra_tend6	0.0002400163489102	0.00118842727471855	0.00203263508554006
chomebanking_transacciones_delta1	0.000239351167125798	0.00129893973296246	0.00214555925695895
vm_status01	0.000239220381303281	0.000326125281364314	0.000338772514256677
ctarjeta_visa_debitos_automaticos_tend6	0.000238825087582206	0.0012667906542006	0.00101631754277003
Visa_msaldopesos_delta1	0.000238704143165525	0.00151962872641369	0.00175032465699283
ccaja_ahorro_avg6	0.000236288282603406	0.00191125899991469	0.00107277962847948
Visa_mfinanciacion_limite_avg6	0.000231152104713981	0.000890177384594932	0.00175032465699283
mttarjeta_visa_debitos_automaticos_delta1	0.000228774413101813	0.00213436166259185	0.00169386257128338
Visa_mpagominimo_delta1	0.000223823303395614	0.00241770652316565	0.00208909717124951
Visa_msaldototal_lag1	0.000220263088953872	0.000968080425100898	0.00163740048557394
Visa_cconsumos	0.000218415360467741	0.0012421500773864	0.0014680142284456
mcomisiones_otras_delta1	0.000218032016641103	0.00119986109955684	0.00191971091412117
ctarjeta_visa_transacciones_lag1	0.000216381770303307	0.00106913727194426	0.00191971091412117
vm_mfinanciacion_limite_tend6	0.000215811108033214	0.000642427924306612	0.00175032465699283
Visa_mfinanciacion_limite_delta1	0.000213233463642028	0.000839446785271594	0.00163740048557394
Visa_Fvencimiento	0.00021303206059509	0.000680063745999584	0.00169386257128338
mpayroll_tend6	0.000212577843451456	0.00290391779386004	0.00214555925695895
Master_mfinanciacion_limite_delta1	0.00021094482440322	0.00104984658052775	0.00203263508554006
Master_mlimitecompra_tend6	0.000210895212803079	0.00218912955915134	0.0022020213426684
mtarjeta_visa_consumo_tend6	0.000210714663824016	0.00105251530242961	0.00169386257128338
vm_mpagominimo_tend6	0.000209680323666242	0.00136242296608259	0.00152447631415505
vm_msaldopesos_delta1	0.000209635322029945	0.00283675806972825	0.00163740048557394
vm_status02_avg6	0.000209187089045424	0.00379723668092687	0.000846931285641692
Visa_mpagominimo_lag1	0.000208176118706163	0.000693961006439601	0.00141155214273615
mtransferencias_emitidas	0.000207364234656435	0.00215830551014495	0.00265371802834397
vmr_msaldopesos_delta1	0.00020587140931708	0.0020345240919554	0.00129862797131726
Visa_msaldopesos_lag1	0.000205849982946862	0.000956690145841422	0.00141155214273615
Master_mpagospesos_tend6	0.000205676132471509	0.00169865704252973	0.00141155214273615
Master_msaldototal	0.000204932276635907	0.00209026865363982	0.00112924171418892
Master_msaldopesos_tend6	0.000204751880810961	0.00221374525277764	0.00118570379989837
Visa_mconsumototal_avg6	0.000204332359806504	0.000754707088891152	0.00152447631415505
mcuenta_debitos_automaticos_avg6	0.000203767141724605	0.000599778140252558	0.00141155214273615
vmr_Master_mlimitecompra_lag1	0.000202366183290388	0.00179911669286358	0.00163740048557394
cmobile_app_trx	0.000201418262341276	0.000581887128155205	0.00107277962847948
Visa_mconsumototal_delta1	0.000200441659054114	0.000597961667536137	0.00135509005702671
ccaja_ahorro_lag1	0.000200138610579503	0.00128819019579131	0.000564620857094461
Master_mlimitecompra	0.000199820718427286	0.000671597241317909	0.00141155214273615
mcaja_ahorro_dolares_tend6	0.000198730534960885	0.00109765340527328	0.0014680142284456
vm_fechaalta_lag1	0.000197887098705044	0.000845767114997224	0.00158093839986449
mcaja_ahorro_dolares_lag1	0.00019681169986237	0.000844833995451117	0.00129862797131726
Visa_mpagospesos_avg6	0.000195419090061058	0.000636095152987034	0.00197617299983061
mextraccion_autoservicio_tend6	0.000193051283609133	0.00184726566144269	0.00180678674270228
Visa_mpagado_tend6	0.000192084854906401	0.000674664094226113	0.00169386257128338
Master_status	0.000191134758762153	9.96074011484101e-05	0.000112924171418892
mautoservicio_avg6	0.000188645763053969	0.00140013965813623	0.00287956637118175
vm_mfinanciacion_limite_delta1	0.000188057345827382	0.00056739267120568	0.00124216588560781
cmobile_app_trx_tend6	0.000187691526382205	0.00182860327052056	0.00129862797131726
ctarjeta_debito_transacciones_tend6	0.000186174884262277	0.00148340502563382	0.00197617299983061
mtarjeta_master_consumo_avg6	0.000186061057355396	0.00138318176558498	0.000790469199932246
vm_cconsumos_avg6	0.000185746417055393	0.000732803662745539	0.00152447631415505
Visa_cconsumos_delta1	0.000185171643930828	0.00170821840747884	0.00214555925695895
mtransferencias_recibidas_lag1	0.000184780331634551	0.000889779253588593	0.00197617299983061
mtransferencias_emitidas_avg6	0.000183256741716391	0.000852006574362191	0.0022020213426684
mautoservicio_lag1	0.000183085202142443	0.00128967696626811	0.00265371802834397
vmr_msaldototal_delta1	0.000179574288171689	0.00118329511721496	0.00129862797131726
vm_msaldototal_avg6	0.000178802860223827	0.000286679207751894	0.000734007114222799
Visa_mconsumospesos_avg6	0.000177800267273435	0.0007609030026773	0.00152447631415505
Master_mlimitecompra_delta1	0.000177400542666582	0.000740573438166121	0.00197617299983061
catm_trx_tend6	0.000175254997072452	0.00198765660755294	0.00158093839986449
Visa_mpagospesos_lag1	0.000175084990781412	0.000863303541667057	0.00152447631415505
cproductos_avg6	0.000175075881255616	0.00132694576093961	0.00237140759979674
ctarjeta_visa_debitos_automaticos_avg6	0.000174388040413094	0.00130032697068767	0.00129862797131726
Master_mfinanciacion_limite_avg6	0.000172564690197498	0.000509844078398788	0.00158093839986449
tcallcenter_avg6	0.000171989178918598	0.001701947844129	0.00186324882841172
mpagomiscuentas_tend6	0.000171009279574511	0.0021319044477871	0.00158093839986449
Visa_mfinanciacion_limite	0.000169636592620543	0.000611541667330478	0.00141155214273615
tcallcenter	0.000165124357712677	0.000504089841197797	0.000395234599966123
mpayroll_sobre_edad_tend6	0.000162846683538717	0.00262145628645655	0.00141155214273615
cprestamos_personales_lag1	0.000162370205073489	8.85654865194801e-05	0.000225848342837784
Visa_mconsumototal_tend6	0.000161457249346362	0.000947172326471133	0.00124216588560781
vmr_mconsumospesos_avg6	0.000157636309848276	0.000885337604549125	0.00141155214273615
ctarjeta_debito_transacciones_avg6	0.000155981022075334	0.00151328973429713	0.00254079385692508
vm_mlimitecompra_tend6	0.000155265049849705	0.000660984561680188	0.00129862797131726
ctarjeta_debito_transacciones	0.000155238489039069	0.00120248627587989	0.00203263508554006
catm_trx_avg6	0.000154908724780631	0.0024502910577157	0.00163740048557394
cmobile_app_trx_lag1	0.000154806818773418	0.000657805734426451	0.00101631754277003
mcaja_ahorro_dolares_delta1	0.000154160809892518	0.000707528564639994	0.00101631754277003
ccajas_transacciones_avg6	0.000153885443562234	0.000723727519960407	0.00107277962847948
vmr_msaldototal_lag1	0.000153693275142435	0.00028853300525016	0.000846931285641692
Master_cconsumos_lag1	0.000152955155979901	0.000657917708771984	0.000959855457060584
vm_mpagado_avg6	0.000152865070243957	0.000543063134240189	0.00135509005702671
mtransferencias_emitidas_lag1	0.000151929395598313	0.000849866620203119	0.00163740048557394
Visa_mconsumospesos_lag1	0.000151268800075335	0.000475648357432462	0.00118570379989837
vmr_msaldopesos_tend6	0.000150366150493313	0.000620033055200049	0.00107277962847948
vmr_mconsumospesos	0.000150068049495651	0.000507679241051821	0.00129862797131726
vm_fultimo_cierre_avg6	0.000150010139099746	0.000499909465631238	0.00135509005702671
vmr_mpagado_avg6	0.000149405549927856	0.000745102178363226	0.00112924171418892
cproductos_lag1	0.000148711158665086	0.00153670481410744	0.00175032465699283
vm_fultimo_cierre_lag1	0.000148288042997543	0.000478261092161561	0.00112924171418892
mttarjeta_visa_debitos_automaticos_lag1	0.000148124899479495	0.000480363721538789	0.00101631754277003
vmr_Visa_mlimitecompra	0.000146314191943958	0.000761058522601652	0.00129862797131726
mtransferencias_emitidas_tend6	0.000146199245543055	0.00107625386368257	0.00118570379989837
Master_fultimo_cierre_avg6	0.000146104316630933	0.000523567156523532	0.000959855457060584
vm_mpagospesos_delta1	0.00014600308764221	0.000471194266799046	0.00112924171418892
Visa_msaldototal_delta1	0.000144740116269636	0.00163547240766435	0.00180678674270228
vmr_msaldopesos_lag1	0.000144182942025155	0.000949872152357868	0.00118570379989837
vm_mpagado_tend6	0.000143537964372509	0.00167926059756466	0.00141155214273615
ctarjeta_debito_avg6	0.000143320622413689	0.00134669679133221	0.00169386257128338
mcaja_ahorro_dolares	0.000141304319201079	0.000393658253314548	0.00135509005702671
vmr_Master_mlimitecompra_avg6	0.000137321467672246	0.00162293128096468	0.00118570379989837
ccomisiones_otras_delta1	0.000136101679403937	0.00194307215563996	0.00129862797131726
ctarjeta_master_transacciones_avg6	0.000135691364996271	0.00105787762942124	0.000564620857094461
vm_mconsumospesos_tend6	0.000135592095745289	0.000855004998503681	0.00118570379989837
Master_msaldototal_tend6	0.000135469579408865	0.00135836078565854	0.000846931285641692
vm_mpagominimo_delta1	0.000135322289225586	0.00123182355440949	0.00135509005702671
ctransferencias_emitidas_avg6	0.000134779754601121	0.000971844007270196	0.00180678674270228
vm_cconsumos_lag1	0.000133945209492629	0.000371275825801934	0.000846931285641692
Visa_mconsumosdolares_tend6	0.00013392126857886	0.000453297033904718	0.000959855457060584
vm_mpagominimo_lag1	0.00013344459616182	0.0010957809453841	0.00158093839986449
cprestamos_personales_tend6	0.000132148239155207	0.00153450265197863	0.000621082942803907
Master_mfinanciacion_limite	0.000130673140418221	0.000826607060317165	0.00152447631415505
Master_fultimo_cierre	0.000130209332421375	0.000255929808309189	0.000734007114222799
vmr_mpagospesos_delta1	0.00013006799114216	0.00110019771123567	0.00112924171418892
vmr_Visa_mlimitecompra_lag1	0.000129476124532108	0.000733425742442943	0.000959855457060584
ctarjeta_visa_descuentos_avg6	0.000129398902166104	0.00229286134869354	0.000790469199932246
ccallcenter_transacciones_delta1	0.000129354558648133	0.00343623761172606	0.000846931285641692
vm_status04_tend6	0.000128608489103757	0.00253060154665062	0.000734007114222799
vmr_mconsumospesos_delta1	0.000128137865580217	0.000828025402027247	0.00112924171418892
vm_status06	0.000127148031910831	0.000986960543917125	0.000451696685675569
ctransferencias_emitidas_tend6	0.000125823188759016	0.00101033207814861	0.00124216588560781
Visa_mlimitecompra_avg6	0.000125194322870178	0.000286598337391232	0.000846931285641692
Master_status_tend6	0.000125188063844849	0.000764591935282909	0.000282310428547231
vmr_mpagospesos_avg6	0.000124999821127996	0.000762520409890552	0.00118570379989837
ctarjeta_debito_transacciones_delta1	0.000124693248071018	0.00120930426936345	0.000959855457060584
vmr_mpagado_lag1	0.000124356341408558	0.000364986600061174	0.000846931285641692
mttarjeta_visa_debitos_automaticos	0.000123868029865118	0.000602975629897218	0.00118570379989837
ctarjeta_visa_transacciones_avg6	0.000123824927661184	0.0007578112665812	0.00107277962847948
mpagomiscuentas	0.000123450180548868	0.00150458683933044	0.00101631754277003
Master_Fvencimiento_tend6	0.000122974462291622	0.000425085719627424	0.000790469199932246
ctarjeta_master_avg6	0.000122925667330306	2.14244247786113e-05	5.64620857094461e-05
mextraccion_autoservicio_avg6	0.000120243329156321	0.000847229002286124	0.00158093839986449
ctarjeta_debito_lag1	0.000120111252832815	0.00115737305622412	0.00118570379989837
vm_mconsumosdolares_lag1	0.000120063338722192	0.00344027490896221	0.000734007114222799
vm_status05	0.000118338187061782	0.000701687236281365	0.000225848342837784
Visa_msaldototal	0.000116485870244525	0.000558080138135534	0.00129862797131726
ccallcenter_transacciones	0.000115976842919583	0.00286468322734474	0.00101631754277003
Visa_fultimo_cierre_avg6	0.00011426009118941	0.000868728076628424	0.00112924171418892
vm_mlimitecompra_avg6	0.000112905730029242	0.000636592816744957	0.000734007114222799
cextraccion_autoservicio_avg6	0.000112694145627722	0.00050755482511234	0.00107277962847948
Visa_fultimo_cierre_lag1	0.000112351371508876	0.000201989277747244	0.000734007114222799
vm_cconsumos	0.000111323355262393	0.00121722956470838	0.00118570379989837
Master_fultimo_cierre_lag1	0.000111169497013572	0.000521221916064317	0.00101631754277003
Visa_mconsumospesos	0.00011050114057447	0.000546963573942915	0.00152447631415505
ccuenta_debitos_automaticos_tend6	0.000109843501225501	0.00222665340649878	0.000846931285641692
Master_msaldopesos_delta1	0.000109743288524225	0.00061579047166375	0.000677545028513353
vmr_mpagado_tend6	0.000109738254866522	0.000789736396651999	0.00101631754277003
mpagomiscuentas_lag1	0.000109686543365585	0.000396700223034856	0.000903393371351138
cpagomiscuentas_tend6	0.000109416767085197	0.00129061008581421	0.00107277962847948
vm_mfinanciacion_limite_avg6	0.000108873354620381	0.000373310026412446	0.000846931285641692
Master_mpagospesos_lag1	0.000108682989103858	0.000659578661564054	0.000734007114222799
vm_mpagospesos	0.000108423541767566	0.00058458695404194	0.00129862797131726
vmr_Master_mlimitecompra	0.000108375836785955	0.00197950736351694	0.000959855457060584
Master_mlimitecompra_avg6	0.000108037161192288	0.000292918667116862	0.00112924171418892
mautoservicio_delta1	0.000107197193714248	0.000852454471744322	0.00124216588560781
mpayroll_sobre_edad_avg6	0.000107184393017399	0.00282129938924775	0.00344418722827621
vm_mfinanciacion_limite_lag1	0.000106371792584317	0.000275158291755963	0.000734007114222799
Visa_mpagado_delta1	0.000105489044528701	0.000817580683907825	0.000846931285641692
Master_mpagado_avg6	0.000105288397998228	0.000494572021827508	0.000903393371351138
ccomisiones_mantenimiento_lag1	0.000104633301127969	0.00151302224002725	0.000564620857094461
vm_mconsumospesos_avg6	0.00010194597127923	0.000474037171016185	0.000508158771385015
catm_trx_other_tend6	0.000101548549240338	0.00174558051410495	0.00112924171418892
vmr_msaldopesos2_tend6	0.000101232426756618	0.000755739741188843	0.00118570379989837
vm_msaldopesos_avg6	0.000101230163701403	0.000392358106746973	0.00101631754277003
Visa_mconsumosdolares_avg6	0.000101099692957844	0.00124616249143466	0.00237140759979674
Visa_mfinanciacion_limite_lag1	0.000100619724960958	0.00061908127326302	0.00112924171418892
vm_Fvencimiento_tend6	0.000100463646127453	0.000672555244051912	0.000846931285641692
vmr_mconsumosdolares_avg6	0.000100110833160475	0.00160385831744226	0.00158093839986449
vm_mconsumosdolares_avg6	0.000100015525959348	0.000625407823785624	0.00129862797131726
Master_msaldototal_avg6	9.99982920906772e-05	0.000240091659213271	0.000621082942803907
vm_msaldopesos_tend6	9.96967926293948e-05	0.00100891373643853	0.000734007114222799
vm_mlimitecompra_delta1	9.72735241892109e-05	0.000570534173677572	0.00101631754277003
vmr_msaldodolares_avg6	9.67184571713146e-05	0.00140715049632598	0.000846931285641692
Visa_mlimitecompra_lag1	9.61299583326846e-05	0.000302175213014241	0.000790469199932246
ccheques_emitidos_avg6	9.6081797166175e-05	0.00273603092512452	0.000508158771385015
mpayroll_delta1	9.50719522770494e-05	0.000843334783380372	0.00101631754277003
Visa_mpagospesos	9.47346689085112e-05	0.000805064440396047	0.0014680142284456
mtarjeta_visa_consumo_delta1	9.37139629835652e-05	0.000635137150253031	0.00101631754277003
ctransferencias_recibidas	9.35030025025776e-05	0.000264732236027463	0.000846931285641692
vmr_mpagospesos_lag1	9.34560180760297e-05	0.000469900341028445	0.00107277962847948
vm_fultimo_cierre	9.2943544430238e-05	0.000259438337802551	0.000734007114222799
vmr_Visa_mlimitecompra_avg6	9.24247546040843e-05	0.000508158242418822	0.000734007114222799
Master_fultimo_cierre_tend6	9.19981535931389e-05	0.000643858707610642	0.000903393371351138
Master_mfinanciacion_limite_lag1	9.17401668144421e-05	0.000332974378832738	0.00107277962847948
mextraccion_autoservicio_lag1	9.04727691299058e-05	0.000704791413971414	0.000846931285641692
vm_mconsumototal_avg6	8.96994892544975e-05	0.000148241591891495	0.000508158771385015
ccajas_consultas	8.95581921315891e-05	0.000855745273343592	0.000338772514256677
mpagomiscuentas_delta1	8.93085895810242e-05	0.000904827361468808	0.000677545028513353
vm_mconsumospesos_delta1	8.92227285030346e-05	0.000592953925972031	0.00107277962847948
ccomisiones_mantenimiento_delta1	8.83270546990713e-05	0.000383835614892531	0.000395234599966123
cextraccion_autoservicio_tend6	8.81487015006426e-05	0.00104569730894606	0.00118570379989837
mpayroll_sobre_edad_lag1	8.74466472843022e-05	0.002548007336584	0.00265371802834397
matm_avg6	8.74462428358664e-05	0.000423350117271665	0.00101631754277003
vmr_msaldototal_tend6	8.73839858546212e-05	0.000527672882526402	0.000959855457060584
Master_cconsumos_avg6	8.70326105888202e-05	0.000809935324426724	0.000677545028513353
Master_mlimitecompra_lag1	8.59260025032495e-05	0.000154711220744502	0.000508158771385015
ctarjeta_visa_debitos_automaticos_lag1	8.54776592200997e-05	0.00067064545938088	0.000790469199932246
vm_status06_delta1	8.52140784786471e-05	0.00104396792738727	0.000225848342837784
vm_mconsumospesos_lag1	8.50670074863515e-05	0.000446908275412374	0.000621082942803907
mtarjeta_master_consumo_tend6	8.4529128073948e-05	0.00182294856607115	0.000564620857094461
vmr_msaldopesos_avg6	8.39142784822395e-05	0.00030429650478239	0.000790469199932246
ccajas_consultas_avg6	8.37351473871668e-05	0.00103349832607996	0.000790469199932246
catm_trx_delta1	8.3595187584663e-05	0.00155841539554686	0.000621082942803907
ctransferencias_emitidas_delta1	8.34969985028172e-05	0.000642738964155314	0.000677545028513353
vmr_Master_mlimitecompra_tend6	8.34494957686058e-05	0.000615342574281619	0.000734007114222799
ctarjeta_debito_transacciones_lag1	8.33413023043274e-05	0.00090933743927499	0.00135509005702671
vm_msaldototal_tend6	8.27956287665544e-05	0.000407754579257734	0.000903393371351138
vmr_mpagominimo_delta1	8.23240460771005e-05	0.000470230043268069	0.000959855457060584
vm_mconsumototal_tend6	8.23061883619505e-05	0.000374803017686217	0.000677545028513353
Master_mpagospesos_delta1	8.22046467980725e-05	0.00128175167092317	0.000846931285641692
vm_mpagospesos_avg6	8.21115637097478e-05	0.00034237400306052	0.000564620857094461
Visa_fultimo_cierre	8.10005565162917e-05	0.000174847940549486	0.000564620857094461
ctarjeta_visa_debitos_automaticos	8.06096779058149e-05	0.000317664997479613	0.000621082942803907
Visa_mconsumototal_lag1	8.00386831502691e-05	0.00012582806039401	0.000621082942803907
mcomisiones_mantenimiento_lag1	7.81914891381869e-05	0.000287525236140365	0.000621082942803907
matm_delta1	7.63597542929605e-05	0.000959128698255248	0.000621082942803907
Visa_mpagado_lag1	7.62748013367443e-05	0.000496655988813813	0.000790469199932246
vmr_mpagominimo_lag1	7.48442762008981e-05	0.000383387717510399	0.000959855457060584
Master_mpagado_tend6	7.47618542264303e-05	0.00043833601718214	0.000621082942803907
Visa_mpagosdolares_lag1	7.44521381592382e-05	0.00284124948514351	0.000677545028513353
Visa_msaldototal_avg6	7.42193987052186e-05	0.000239208306042956	0.000790469199932246
ccuenta_debitos_automaticos_avg6	7.40506064825376e-05	0.000267456945102095	0.000846931285641692
cliente_edad_tend6	7.38737472889455e-05	0.000277634168951633	0.000677545028513353
vm_mlimitecompra_lag1	7.37301884483031e-05	0.0001734544820273	0.000451696685675569
mtarjeta_visa_consumo_lag1	7.27724091542039e-05	0.000402889916024031	0.000903393371351138
ccajas_extracciones_lag1	7.22646057885978e-05	0.000816380070091835	0.000282310428547231
thomebanking_delta1	7.14633285598445e-05	0.000543685213937594	0.000395234599966123
matm_tend6	7.11623745276055e-05	0.000812722241471096	0.000903393371351138
cforex_avg6	7.10663097098573e-05	0.00285836289761911	0.000677545028513353
Master_Finiciomora_avg6	7.00381556810984e-05	0.00200736409236672	0.000338772514256677
vm_mconsumospesos	6.9516187566351e-05	0.000405894560962495	0.000903393371351138
Master_mconsumospesos	6.9441538275382e-05	0.000181249140635778	0.000508158771385015
matm_other_tend6	6.93414629537702e-05	0.000636163581753748	0.000677545028513353
cpayroll_trx_tend6	6.92429271617737e-05	0.000725624863037491	0.000846931285641692
vm_mconsumosdolares_tend6	6.91082430402075e-05	0.000405228935686272	0.000338772514256677
vmr_mpagospesos	6.85898797404535e-05	0.000538982291425216	0.000959855457060584
vm_mlimitecompra	6.81822913341859e-05	0.00038182007667294	0.000677545028513353
vm_mpagospesos_lag1	6.80828440985182e-05	0.000353073773855878	0.000846931285641692
mforex_sell_avg6	6.74429369234376e-05	0.00194330854592497	0.000677545028513353
ctransferencias_emitidas_lag1	6.73248103286243e-05	0.00038231151963389	0.000846931285641692
Visa_mconsumosdolares_lag1	6.66271816873157e-05	0.000359039518153987	0.000395234599966123
mv_status07_lag1	6.64205589502878e-05	5.39654137498412e-05	0.000225848342837784
Visa_msaldopesos_avg6	6.50235558626384e-05	0.000410983172887264	0.000846931285641692
vmr_msaldodolares_tend6	6.49608576597309e-05	0.00102854035089164	0.000395234599966123
vmr_msaldodolares2_avg6	6.47438604273721e-05	0.001175855044034	0.00101631754277003
Master_mconsumospesos_avg6	6.46497871589618e-05	0.000553097279759324	0.000451696685675569
vmr_Visa_mlimitecompra_tend6	6.39745160936297e-05	0.000778227922250016	0.000621082942803907
Master_mpagominimo_tend6	6.37762660662082e-05	0.00076637730401446	0.000677545028513353
mextraccion_autoservicio	6.33406246024752e-05	0.000551504755733968	0.000903393371351138
cpagomiscuentas_avg6	6.33210839045176e-05	0.00041980426299646	0.000903393371351138
ccajas_otras_avg6	6.3108259354599e-05	0.000304943467667691	0.000112924171418892
vmr_msaldototal_avg6	6.25110164909043e-05	0.000302815955102567	0.000734007114222799
ctarjeta_master_transacciones_tend6	6.2045344174957e-05	0.000732803662745539	0.000451696685675569
vm_cconsumos_delta1	6.18408386246078e-05	0.000453153955574315	0.000677545028513353
vmr_mconsumospesos_lag1	6.17341128560239e-05	0.000224614316341846	0.000451696685675569
Master_mconsumototal_lag1	6.13313975446065e-05	0.000814967949178726	0.00107277962847948
Master_mconsumospesos_tend6	6.09302259653309e-05	0.00046674017616563	0.000677545028513353
cplazo_fijo_tend6	6.06840422106844e-05	0.00256659507794245	0.000451696685675569
Master_msaldototal_delta1	6.0128955657409e-05	0.000549203060853572	0.000508158771385015
thomebanking	5.96850290454304e-05	8.83539794223626e-05	0.000282310428547231
catm_trx_other_avg6	5.89339233513574e-05	0.000699671698061774	0.000508158771385015
Visa_status_tend6	5.87689301264731e-05	0.00267338749959588	0.000564620857094461
vm_mconsumototal_delta1	5.87366278070706e-05	0.000200788663931254	0.000395234599966123
vmr_mconsumototal_tend6	5.85928595888154e-05	0.000269111677097191	0.000451696685675569
Master_fechaalta_tend6	5.76631511584074e-05	0.000119557497044173	0.000395234599966123
vmr_mconsumosdolares_tend6	5.73575045063704e-05	0.000358523192005141	0.000508158771385015
vm_mpagado_delta1	5.7125540732615e-05	0.000375306902241115	0.000451696685675569
Visa_mlimitecompra	5.6155819879835e-05	0.000250063596762665	0.000564620857094461
vm_mfinanciacion_limite	5.61115890990534e-05	0.000195351687375938	0.000508158771385015
mtarjeta_visa_descuentos_avg6	5.60664360449496e-05	0.00051201513654273	0.000282310428547231
ccajas_extracciones_tend6	5.54324711316164e-05	0.00078559956666426	0.000621082942803907
vmr_mconsumototal_lag1	5.52037780412638e-05	0.000118655481482936	0.000395234599966123
vmr_mconsumospesos_tend6	5.32496518538702e-05	0.000396134130510218	0.000621082942803907
vm_mpagado_lag1	5.28852706827283e-05	0.000417776283182921	0.000451696685675569
ctransferencias_recibidas_delta1	5.18523467102342e-05	0.000111184304317108	0.000282310428547231
mplazo_fijo_dolares	5.11329574997242e-05	0.00216289023751482	0.000451696685675569
vmr_msaldodolares2_tend6	5.06576348793912e-05	0.000857462213308429	0.000508158771385015
mpayroll_sobre_edad_delta1	5.06216815027449e-05	0.000362523164459452	0.000790469199932246
mplazo_fijo_dolares_avg6	4.99456039904143e-05	0.000772971348806948	0.000282310428547231
Visa_status	4.96418591699833e-05	0.00031504604195354	0.000112924171418892
vm_Finiciomora_avg6	4.95811607164476e-05	0.000996254414596349	0.000338772514256677
ccajas_extracciones_avg6	4.92289093310053e-05	0.000290492556296984	0.000451696685675569
mv_status07_tend6	4.89371978467167e-05	0.000975029055320907	0.000338772514256677
mpayroll_avg6	4.87378824875413e-05	0.0018296483644122	0.00333126305685732
foto_mes	4.83950837111656e-05	0.000107178111065823	0.000338772514256677
Master_mpagominimo	4.78456044442598e-05	0.000365739316495034	0.000338772514256677
mtarjeta_visa_consumo_avg6	4.74853391670324e-05	0.000382734533828125	0.000621082942803907
vmr_mconsumototal	4.70081411226987e-05	0.000167837102359737	0.000621082942803907
matm	4.64957686186019e-05	0.000276271814414317	0.000677545028513353
matm_lag1	4.54168418776968e-05	0.000156869837294495	0.000621082942803907
Master_mpagospesos	4.53385170355819e-05	0.000441147817414408	0.000564620857094461
Master_mpagominimo_avg6	4.41606321714466e-05	0.000467928348387672	0.000790469199932246
ctarjeta_debito_tend6	4.39522960622839e-05	0.000417595880070674	0.000169386257128338
ctransferencias_recibidas_lag1	4.34909062812944e-05	0.000232819547550612	0.000395234599966123
ctarjeta_debito	4.31019876938872e-05	0.00037302386975164	0.000564620857094461
vm_fechaalta_tend6	4.28891090938674e-05	0.000140278971764717	0.000338772514256677
Visa_fechaalta_tend6	4.26056387582807e-05	0.000226530321809852	0.000451696685675569
Master_cconsumos_tend6	4.24510685531561e-05	0.000288632538001745	0.000451696685675569
Master_mconsumospesos_delta1	4.2368227041043e-05	0.000566783033102223	0.000564620857094461
Master_fultimo_cierre_delta1	4.13880913672351e-05	0.000175246071555825	0.000395234599966123
matm_other_lag1	4.11330404357548e-05	0.000264508287336398	0.000395234599966123
cseguro_vida_avg6	4.07393014593157e-05	0.000709836480317364	0.000395234599966123
Visa_mconsumototal	4.0224033704548e-05	0.00016332080375658	0.000451696685675569
Master_msaldopesos	3.90609221763244e-05	0.000273683962873114	0.000225848342837784
ctransferencias_emitidas	3.84758556277426e-05	0.00020853355616394	0.000451696685675569
cpagomiscuentas_lag1	3.8117328767244e-05	8.65064027210712e-05	0.000395234599966123
matm_other_delta1	3.76249064086828e-05	0.00042181980121605	0.000451696685675569
mtarjeta_master_consumo_delta1	3.73597233147147e-05	0.000786706868525639	0.000338772514256677
Visa_msaldodolares_avg6	3.61909531782127e-05	0.00034035846484093	0.000395234599966123
ccheques_depositados_avg6	3.61630018610519e-05	0.000744013538892768	0.000225848342837784
vm_mconsumosdolares	3.55724439071273e-05	0.000549103528101987	0.000395234599966123
vm_status03_avg6	3.51538257263712e-05	5.80524773617889e-05	0.000169386257128338
cextraccion_autoservicio	3.47573979153209e-05	0.000170599136216213	0.000338772514256677
vm_status03_tend6	3.34862327686602e-05	0.000707988903616073	0.000169386257128338
Visa_mpagosdolares_avg6	3.30497382317244e-05	0.000713102398728738	0.000846931285641692
Master_mpagominimo_delta1	3.24987878415652e-05	0.000622627127538226	0.000451696685675569
vm_mpagosdolares_avg6	3.23376551420406e-05	0.00027172441182629	0.000338772514256677
Master_mconsumospesos_lag1	3.2135775716669e-05	0.000528089675923663	0.000790469199932246
mextraccion_autoservicio_delta1	3.16298241710578e-05	0.00030654221249002	0.000395234599966123
vm_fultimo_cierre_tend6	3.15752809703453e-05	7.65842315474692e-05	0.000225848342837784
vmr_mconsumototal_delta1	3.15509875135387e-05	0.000114506209901248	0.000225848342837784
Visa_mconsumosdolares	3.14489333409611e-05	0.000405571079519844	0.000621082942803907
mcuenta_debitos_automaticos_delta1	3.11291690434904e-05	0.000405415559595493	0.000338772514256677
mplazo_fijo_dolares_delta1	3.10136978862534e-05	0.00135906373571661	0.000282310428547231
vm_mconsumototal_lag1	3.05605252480909e-05	0.000130866905942987	0.000338772514256677
vmr_mconsumototal_avg6	3.03559497113816e-05	8.11067509476e-05	0.000169386257128338
ccaja_seguridad_lag1	3.00178625424205e-05	0.00029153142939165	0.000112924171418892
mtarjeta_visa_descuentos	2.97753196724144e-05	0.00125418731953118	0.000282310428547231
ctarjeta_master_descuentos_tend6	2.95265621815914e-05	0.000102537396523185	0.000112924171418892
matm_other_avg6	2.94533817606177e-05	0.000280694801062863	0.000621082942803907
ctarjeta_visa_transacciones_delta1	2.93304786306887e-05	0.000609239972450081	0.000564620857094461
mplazo_fijo_dolares_lag1	2.84395901473553e-05	0.000479611005104929	0.000169386257128338
vmr_msaldodolares2_lag1	2.83809164054853e-05	0.000296719574068003	0.000169386257128338
Visa_mpagosdolares_tend6	2.81650082746044e-05	0.000481128879566596	0.000338772514256677
vmr_mpagado_delta1	2.78830949991982e-05	0.000618135712122965	0.000508158771385015
ccuenta_debitos_automaticos_delta1	2.74373248962294e-05	0.000110954134829068	0.000169386257128338
cinversion1	2.73099962167002e-05	0.0016728034103056	0.000282310428547231
Master_mpagosdolares_delta1	2.68676208470014e-05	7.25344927173659e-05	0.000112924171418892
Visa_Fvencimiento_delta1	2.64018808623348e-05	0.000105517158273753	0.000169386257128338
Visa_mpagado	2.63550041759085e-05	0.000368694195057705	0.000225848342837784
cextraccion_autoservicio_delta1	2.62895057724724e-05	8.10569845718077e-05	0.000225848342837784
Master_mconsumototal_tend6	2.61845332126002e-05	0.000173075013411883	0.000169386257128338
mprestamos_personales_delta1	2.49562782889867e-05	0.000309154947219119	0.000282310428547231
mttarjeta_master_debitos_automaticos_delta1	2.47621929814144e-05	0.000617998854589536	0.000338772514256677
vmr_msaldodolares_delta1	2.45981619708724e-05	8.68672089455658e-05	0.000112924171418892
Master_mpagado_delta1	2.43918472838582e-05	0.000168005063878036	0.000169386257128338
ccajas_depositos_avg6	2.39928268033876e-05	0.000168583597996622	0.000112924171418892
Master_mpagominimo_lag1	2.37646749043447e-05	0.000150736131478087	0.000225848342837784
matm_other	2.36719077255104e-05	0.000157137331564379	0.000282310428547231
Master_mpagado_lag1	2.35331789920033e-05	0.000359543402708885	0.000225848342837784
vm_mpagado	2.33377121097991e-05	0.000321036669439545	0.000282310428547231
vm_mpagosdolares_delta1	2.33207018887967e-05	0.000767266877981749	0.000169386257128338
vm_Fvencimiento_delta1	2.32252315861897e-05	5.65283821031478e-05	0.000169386257128338
vm_msaldodolares_avg6	2.31184432835669e-05	0.00108156020350143	0.00101631754277003
vm_status05_avg6	2.29527274455807e-05	0.00027452377046461	0.000282310428547231
Master_cconsumos	2.28025714173708e-05	3.90852673879254e-05	0.000169386257128338
catm_trx_other_delta1	2.25415568068536e-05	0.00020006083068529	0.000112924171418892
vm_fultimo_cierre_delta1	2.21332996518193e-05	6.24568016194128e-05	0.000225848342837784
Master_msaldototal_lag1	2.20097053749372e-05	4.01676860614092e-05	0.000112924171418892
Master_msaldodolares_lag1	2.08960110073937e-05	3.02330732938592e-05	5.64620857094461e-05
vmr_mconsumosdolares_delta1	2.08191274613603e-05	0.000617998854589536	0.000169386257128338
Visa_Fvencimiento_tend6	2.07291921392004e-05	4.4547127131137e-05	0.000112924171418892
vm_status06_tend6	2.0136074948414e-05	0.000594652203545945	0.000112924171418892
cextraccion_autoservicio_lag1	2.01021298461508e-05	9.39775798868993e-05	0.000451696685675569
Master_mconsumototal_avg6	2.00346630205745e-05	0.000109075454142907	0.000225848342837784
cplazo_fijo	1.99980047338101e-05	0.000333615120921065	0.000112924171418892
Master_fechaalta_delta1	1.9983578126987e-05	3.26280801288666e-05	0.000112924171418892
Master_status_avg6	1.94568624705826e-05	0.000548854696223025	0.000112924171418892
ccuenta_debitos_automaticos_lag1	1.88671889790373e-05	0.000932939142994518	0.000338772514256677
active_quarter_delta1	1.80368647784469e-05	0.000922264255387056	0.000169386257128338
Visa_mpagosdolares_delta1	1.73845192738458e-05	0.000274088314676427	0.000282310428547231
cseguro_accidentes_personales_tend6	1.70536669920536e-05	0.000257858255371143	5.64620857094461e-05
Visa_fultimo_cierre_delta1	1.6853789987311e-05	8.54053216566652e-05	0.000112924171418892
catm_trx_lag1	1.66920014841846e-05	9.76416293046119e-05	0.000338772514256677
ccajeros_propios_descuentos_avg6	1.64339277383732e-05	9.51906352968381e-05	0.000112924171418892
vmr_mconsumosdolares	1.62677840105839e-05	0.00011527758872603	0.000225848342837784
vm_mconsumosdolares_delta1	1.62400469847904e-05	0.000497439809232542	0.000169386257128338
vmr_msaldodolares2_delta1	1.59381597139853e-05	0.000223724742374558	0.000112924171418892
Master_cconsumos_delta1	1.55442134124291e-05	0.000209970560264944	0.000225848342837784
cseguro_accidentes_personales_avg6	1.55228434145977e-05	4.71971866420802e-05	0.000112924171418892
ctarjeta_master_debitos_automaticos_avg6	1.55168663327817e-05	3.83325509540659e-05	0.000112924171418892
Visa_msaldodolares_delta1	1.54062937466278e-05	0.00017599256719271	0.000225848342837784
ccuenta_debitos_automaticos	1.52194258805498e-05	4.41178921399278e-05	0.000169386257128338
vm_msaldodolares_tend6	1.5039408114868e-05	0.000106468940210782	5.64620857094461e-05
ccajas_depositos_tend6	1.46133741415469e-05	0.000248309332015984	0.000112924171418892
vmr_mpagado	1.43286549618257e-05	0.000232763560377845	0.000112924171418892
ccajas_otras_tend6	1.42758306848816e-05	0.00046318810109345	0.000112924171418892
Master_mconsumototal	1.40521019225472e-05	0.0001175855044034	0.000169386257128338
cpagomiscuentas	1.3520401984371e-05	7.45375893430084e-05	0.000225848342837784
Visa_msaldodolares_tend6	1.32785412180593e-05	9.62979371582181e-05	0.000169386257128338
ccallcenter_transacciones_lag1	1.26649811295289e-05	0.000167507400120112	0.000112924171418892
vm_status05_delta1	1.26548586436115e-05	0.000258834920496069	5.64620857094461e-05
mtarjeta_master_consumo_lag1	1.23813713588215e-05	3.38411355388053e-05	0.000112924171418892
active_quarter_tend6	1.20474665921358e-05	0.00039370801969034	0.000112924171418892
cmobile_app_trx_delta1	1.19534183063024e-05	5.45626102593496e-05	5.64620857094461e-05
ccajas_consultas_delta1	1.18888586375379e-05	0.000185454399390233	0.000112924171418892
Visa_msaldodolares	1.17721196066145e-05	0.000355636742209184	0.000338772514256677
vmr_mpagosdolares_delta1	1.15993972570828e-05	0.00022811040424126	5.64620857094461e-05
mforex_sell_tend6	1.09434458725367e-05	7.2273219244456e-05	0.000225848342837784
Visa_status_avg6	1.06264396536965e-05	0.000253833399728936	5.64620857094461e-05
Master_msaldodolares	1.04691630971563e-05	2.29547408342264e-05	5.64620857094461e-05
vmr_mconsumosdolares_lag1	1.04343344103104e-05	1.64477871993752e-05	5.64620857094461e-05
catm_trx	1.02156616629318e-05	7.6279412495741e-05	0.000169386257128338
Master_mconsumototal_delta1	9.99690017355624e-06	1.60123314111921e-05	5.64620857094461e-05
ccajas_transacciones_delta1	9.77294432822648e-06	7.20243873654942e-05	5.64620857094461e-05
ctarjeta_visa_debitos_automaticos_delta1	9.55106574269351e-06	2.16234902817808e-05	5.64620857094461e-05
ctarjeta_visa_descuentos_tend6	9.48372262321592e-06	0.000208558439351836	0.000112924171418892
active_quarter_lag1	9.48187701253874e-06	3.76793672717912e-05	5.64620857094461e-05
vm_status04_delta1	9.38622118285642e-06	0.000286517467030569	5.64620857094461e-05
Visa_msaldodolares_lag1	9.08073530342687e-06	0.000134033291602776	5.64620857094461e-05
mplazo_fijo_dolares_tend6	8.9427240295281e-06	0.000101977524795521	0.000112924171418892
Visa_fechaalta_delta1	8.58269323185301e-06	3.48302422576785e-05	5.64620857094461e-05
cseguro_accidentes_personales_lag1	7.77650409335052e-06	2.75767929859419e-05	5.64620857094461e-05
cforex_sell_avg6	7.589711573265e-06	2.01927069777504e-05	5.64620857094461e-05
cseguro_vivienda_avg6	7.56222461102874e-06	7.4481602170242e-05	5.64620857094461e-05
vm_mpagosdolares_tend6	7.48836744189823e-06	9.2826732446701e-05	0.000112924171418892
mcajeros_propios_descuentos_avg6	7.29899379648539e-06	0.00010129945792535	0.000169386257128338
vm_mconsumototal	7.18292150031508e-06	9.72746022831432e-05	0.000395234599966123
mttarjeta_master_debitos_automaticos_avg6	6.86538578755646e-06	4.24507185508838e-05	0.000112924171418892
vm_mpagosdolares	6.82241609489686e-06	0.000240807050865286	5.64620857094461e-05
vm_status04_avg6	6.62898233555717e-06	0.000305783275259187	0.000169386257128338
Master_Finiciomora_tend6	6.62839659816158e-06	0.000334560682061119	5.64620857094461e-05
cplazo_fijo_avg6	6.57821474152694e-06	8.58221150539262e-05	5.64620857094461e-05
thomebanking_lag1	6.11029980975674e-06	7.4624680500645e-05	0.000169386257128338
cplazo_fijo_lag1	5.89256243660219e-06	0.000297354095359356	5.64620857094461e-05
cdescubierto_preacordado_tend6	5.02712849745746e-06	0.00026394219481176	5.64620857094461e-05
ctarjeta_master_transacciones_lag1	4.72845447015413e-06	3.04196972030805e-05	0.000112924171418892
vm_fechaalta_delta1	4.39700696633382e-06	1.34369214639374e-05	5.64620857094461e-05
cpagomiscuentas_delta1	4.19518387523442e-06	0.000230101059272954	0.000225848342837784
Master_mpagosdolares_avg6	4.17278811224558e-06	3.01397613392485e-05	5.64620857094461e-05
Master_mpagospesos_avg6	4.16885772651752e-06	7.28766365509384e-05	5.64620857094461e-05
Visa_madelantopesos_tend6	4.16464020278709e-06	6.75080887623374e-05	5.64620857094461e-05
cdescubierto_preacordado_lag1	4.04263711548856e-06	3.0481905172821e-05	5.64620857094461e-05
mtarjeta_visa_descuentos_lag1	3.69364218777264e-06	6.29420237833883e-05	5.64620857094461e-05
vmr_Visa_mlimitecompra_delta1	3.48235358499206e-06	0.000414840067011172	0.000338772514256677
ctarjeta_master_debitos_automaticos_lag1	3.36716413425569e-06	6.70539705832321e-05	5.64620857094461e-05
minversion1_pesos_avg6	2.94737614976858e-06	3.82703429843255e-05	5.64620857094461e-05
ctarjeta_master_debitos_automaticos_tend6	2.92612190528219e-06	0.000105386521537298	0.000112924171418892
Master_msaldodolares_avg6	2.82403549805004e-06	2.51195781811941e-05	5.64620857094461e-05
ctarjeta_master_transacciones_delta1	2.81052082583845e-06	0.000275637293122964	0.000169386257128338
Master_msaldopesos_lag1	2.69635013173266e-06	7.88734848339178e-05	0.000282310428547231
Visa_mconsumosdolares_delta1	2.6439304778144e-06	0.000315114470720255	0.000451696685675569
vm_status02_lag1	2.62596765039432e-06	9.10724677000202e-06	5.64620857094461e-05
vmr_mpagosdolares	2.55665157145232e-06	1.20683461296475e-05	5.64620857094461e-05
ccajas_extracciones_delta1	1.83792666918836e-06	0.000217671906918812	0.000112924171418892
Visa_madelantopesos	1.78780324218807e-06	9.58935853549052e-05	5.64620857094461e-05
mpagodeservicios_avg6	1.72985351168631e-06	0.000156365952739598	5.64620857094461e-05
Master_mconsumosdolares_avg6	1.64627302806073e-06	4.45968935069293e-05	5.64620857094461e-05
mcheques_depositados_tend6	1.36181994027914e-06	5.49109748898961e-05	5.64620857094461e-05
mcheques_depositados_lag1	1.1154420955969e-06	0.000234660903454929	0.000112924171418892
vm_msaldodolares_delta1	1.10693455986584e-06	4.91256337040342e-05	5.64620857094461e-05
mttarjeta_master_debitos_automaticos_tend6	9.61114836430438e-07	9.13959491426706e-05	5.64620857094461e-05
ctarjeta_master_debitos_automaticos	7.81754659670522e-07	2.49453958659209e-05	5.64620857094461e-05
cforex_sell_tend6	7.66021387264723e-07	7.07055784069966e-05	5.64620857094461e-05
catm_trx_other_lag1	6.97382468742415e-07	5.39591929528672e-05	5.64620857094461e-05
ccajas_extracciones	5.92994064616847e-07	0.000135532503673521	5.64620857094461e-05
vm_msaldodolares	5.79717472062623e-07	9.34736953320017e-05	0.000112924171418892
vmr_mpagosdolares_avg6	5.20823982058033e-07	9.57567278214762e-05	0.000112924171418892
mttarjeta_master_debitos_automaticos_lag1	4.4438307953316e-07	3.01708653241187e-05	0.000112924171418892
mcaja_ahorro_adicional_avg6	4.40050382997987e-07	9.83943457384713e-05	5.64620857094461e-05
vm_msaldodolares_lag1	4.0567569457858e-07	6.08953815789275e-05	5.64620857094461e-05
mtarjeta_master_descuentos_delta1	3.67384260156483e-07	0.000112496892478632	5.64620857094461e-05
mtarjeta_visa_descuentos_tend6	3.66765579640404e-07	0.00013573156917669	5.64620857094461e-05
ctarjeta_master_debitos_automaticos_delta1	3.58120172090739e-07	0.000121100254693736	5.64620857094461e-05
ctarjeta_master_transacciones	2.99672909984969e-07	1.75550890607553e-05	5.64620857094461e-05
ctarjeta_master_descuentos	2.65856059522899e-07	0.000122493713215922	5.64620857094461e-05
ctarjeta_visa_descuentos_delta1	1.93947460888396e-07	6.68797882679589e-05	5.64620857094461e-05
mcaja_ahorro_adicional_lag1	1.82979379023805e-07	0.000102755124417277	5.64620857094461e-05
ccajeros_propios_descuentos_tend6	1.55230195580781e-07	0.000113734831076467	5.64620857094461e-05
mforex_sell	1.51751412112258e-07	0.000147177835608933	0.000112924171418892
mforex_sell_lag1	1.07675720369151e-07	3.0892477773108e-05	5.64620857094461e-05
ctarjeta_visa_avg6	9.05292283098787e-08	1.51849654136441e-05	5.64620857094461e-05
vm_status05_tend6	6.74887578965668e-08	2.29609616312005e-05	5.64620857094461e-05
ctarjeta_visa	5.73961455331117e-09	0.000108608894369853	5.64620857094461e-05
Visa_madelantopesos_delta1	5.38908550281235e-10	0.000122605687561455	0.000112924171418892
vm_status04_lag1	3.77847504094576e-10	3.91412545606918e-05	5.64620857094461e-05
Visa_status_delta1	2.48480615603889e-10	6.17103059825274e-05	5.64620857094461e-05
