Feature	Gain	Cover	Frequency
azar_under	0.345618690480813	0.0186139386768037	0.00345314158198497
ctrx_quarter_normalizado	0.0586477118016969	0.0119352866091081	0.00588728611510896
ctrx_quarter	0.0388276130712398	0.010721398916198	0.00774673993632518
ctrx_quarter_lag1	0.0264800569214697	0.00684401594313155	0.00699078314216349
ctrx_quarter_normalizado_lag1	0.0232024464011645	0.00579516717133727	0.00493416270516231
ctrx_quarter_normalizado_avg6	0.0163597390454035	0.00570837558405436	0.00499004172299999
cpayroll_trx	0.0146350709547954	0.00949116427881054	0.000890884178696556
mpasivos_margen	0.0146205401536838	0.00918081548138009	0.00806974791748441
mpayroll_sobre_edad	0.0113205709558098	0.00844490302206813	0.00203208818526757
mtarjeta_visa_consumo	0.00843607448896916	0.00534260124465216	0.00298839170192042
mpayroll	0.00803166275058904	0.00700080905369275	0.00182174684169974
mcuentas_saldo	0.00792018417857233	0.0095332363948896	0.00577461947751755
mprestamos_personales	0.00726080756645524	0.0095362533950218	0.00199210970096094
mcaja_ahorro_lag1	0.00680623329019785	0.00346178154712232	0.00641472952738163
mcaja_ahorro	0.0065054529934585	0.00876604878657978	0.00739511099481007
mcomisiones_mantenimiento_tend6	0.00499352352364293	0.0123933214639766	0.00428542093709567
mcomisiones_avg6	0.00457959849505945	0.00480651902783996	0.00632477793769172
cpayroll_trx_lag1	0.0043717594890367	0.00421596492287637	0.00094312878886999
cpayroll_trx_avg6	0.00415076043890024	0.00616470007329432	0.00220971985985724
mcomisiones_otras_avg6	0.00389646887793826	0.00465487443595779	0.00468656868303604
mprestamos_personales_lag1	0.00377649590741897	0.00436762542161337	0.00152963132568654
mpasivos_margen_lag1	0.00373674888395495	0.00370465876866126	0.0075341270879672
mpasivos_margen_avg6	0.00365883852726421	0.00443713837720768	0.00754457601000189
mrentabilidad_annual_avg6	0.0032946210619711	0.00425891418837875	0.00568512218878567
ctrx_quarter_avg6	0.0031425865153942	0.00523159942432244	0.00616713550525535
vm_msaldopesos	0.00295242859802838	0.00228811547284637	0.00278804497942925
ccomisiones_mantenimiento_tend6	0.00288532228885974	0.00961386142478455	0.00233283541948333
ctarjeta_visa_transacciones	0.00283303830494693	0.00374682178105362	0.00242278700917325
mrentabilidad_annual	0.00279828766220957	0.00299097045795056	0.00456163591957783
cliente_edad	0.00274990878280243	0.00522532757870491	0.00635930481050198
mcaja_ahorro_avg6	0.00267630063392692	0.00333277771194402	0.00663506549202611
numero_de_cliente	0.0025964380313381	0.00249047263285581	0.00561061683166877
mrentabilidad_annual_lag1	0.00255953362670803	0.00313386476473928	0.00566922165525463
mcuenta_corriente_tend6	0.00248327316593178	0.00352954474868566	0.00445805530114702
ctrx_quarter_tend6	0.00240515871801695	0.00328255143909289	0.00568148778112143
mactivos_margen	0.00227957958418704	0.00272646748853957	0.00362350444124617
ccomisiones_otras_avg6	0.00225366999814491	0.00601354253415757	0.00525626208440548
mcuentas_saldo_lag1	0.00222450032879973	0.00308120398563033	0.00588819471702502
mcomisiones_mantenimiento	0.00216401678704192	0.00337551412857943	0.00252773053047814
azar_sampling	0.00205787956502131	0.00171259713304075	0.00513269222382136
mprestamos_personales_avg6	0.00203542404645451	0.00207449095733442	0.00150600767586899
mactivos_margen_avg6	0.00196439992098537	0.00273906420262406	0.00392288877258784
Visa_msaldototal	0.0019540992078251	0.00185320539755004	0.00313240510561589
mcuenta_corriente_avg6	0.00195222939733386	0.00246269926432773	0.00435629188654833
cliente_edad_lag1	0.0019230196013542	0.00551472477592027	0.00476834285548141
mrentabilidad_annual_delta1	0.00188528965440733	0.00198000120978448	0.00468157137249771
mactivos_margen_lag1	0.00185667200884721	0.00168494344465852	0.00351719801706718
ctrx_quarter_normalizado_tend6	0.00182514894155509	0.00240916512314185	0.00395650704348205
cprestamos_personales	0.00182246868985658	0.0033950333543908	0.000848634189599779
mcomisiones_mantenimiento_avg6	0.00179251328555095	0.00492468726500392	0.00351174640557082
Visa_Fvencimiento	0.00177931874390759	0.00130600277427516	0.0035967006847224
chomebanking_transacciones_tend6	0.00174186589580247	0.00186631188845827	0.00353218994868216
vm_msaldototal	0.00173267963200641	0.0020497595854247	0.00280258261008621
cliente_edad_avg6	0.00173226809876253	0.00443347071096613	0.00448485905767078
ccomisiones_otras_tend6	0.00170872208840136	0.00197525566476107	0.00390380813235059
mrentabilidad_avg6	0.00169077251690534	0.0017344614837352	0.00398240219808976
mcuentas_saldo_tend6	0.00167185224802372	0.00164409842880897	0.00349675447395583
mrentabilidad_tend6	0.00165800803667092	0.00201459028687132	0.00430132147062672
mcomisiones_mantenimiento_delta1	0.00165274249321422	0.00425438755197653	0.00284664980301511
mcuenta_corriente	0.00164035579949527	0.00229291101084209	0.00384747481355489
mrentabilidad	0.00163139514724674	0.00202486081280467	0.00388609039498743
mcomisiones_otras_tend6	0.00160440668642751	0.00268211614740457	0.00311968467879105
mcaja_ahorro_tend6	0.00158028685475499	0.00120818622165854	0.00326733249015076
mactivos_margen_tend6	0.00157352815320286	0.00150143742255771	0.00393560919941268
cliente_antiguedad	0.00156153115725323	0.00260727515291246	0.00447895314521639
mrentabilidad_delta1	0.00154554986491144	0.00190474966694398	0.00372435925392879
Master_fechaalta	0.00154477174658845	0.00218629342269043	0.00455027839562708
mcomisiones_lag1	0.00153213532225001	0.00212576253778847	0.00516040458226118
vm_Fvencimiento	0.00153099567647251	0.00146914120497381	0.0031660233765101
vm_Fvencimiento_avg6	0.00152481712267834	0.00165165645725967	0.0027644213296117
cliente_antiguedad_lag1	0.001498088229098	0.00232308328457194	0.00357307703490485
chomebanking_transacciones_avg6	0.00148023503697274	0.00181199831138586	0.00387927588061698
ctransferencias_recibidas_tend6	0.00147545965453333	0.00141444965073194	0.00280031110529606
mcomisiones_tend6	0.0014554232371868	0.00251996318423593	0.00452392894006135
ccomisiones_mantenimiento_avg6	0.00144660055998021	0.0042961733446687	0.00245595097910942
mrentabilidad_annual_tend6	0.00142028539733553	0.00199849103484776	0.00472472996351055
mcuentas_saldo_avg6	0.00140805726688239	0.00265775896531793	0.00542117333217032
Master_Fvencimiento_avg6	0.00140653703090833	0.00176501021969596	0.00356807972436652
Master_Fvencimiento_lag1	0.00140630191745045	0.00159363506807399	0.00346131899922951
mpasivos_margen_tend6	0.00139827061269085	0.00159492200837643	0.00351083780365476
mrentabilidad_lag1	0.00138889082947841	0.00140469799125366	0.00393061188887435
mcomisiones_otras_lag1	0.00137198000433265	0.00207186253894156	0.00378250977655662
Visa_fechaalta_lag1	0.00135215435790746	0.00174876326116329	0.00265039178914621
Master_Fvencimiento	0.00134910009722832	0.00165462043454245	0.00388927050169363
mcuenta_corriente_delta1	0.00133218832219885	0.00172256694367093	0.003331843226191
ctransferencias_recibidas_avg6	0.00132663588410758	0.00189511011291877	0.00359034047130999
mactivos_margen_delta1	0.00132657936311386	0.00342215302693241	0.00325097765566168
Visa_mpagospesos_tend6	0.00132493068927601	0.00231037673744222	0.00277532455260442
Visa_mfinanciacion_limite_tend6	0.00131405261192535	0.00184276747090636	0.00265720630351665
ccallcenter_transacciones_avg6	0.00129821726006163	0.00383447158102791	0.00229876284763109
Visa_cconsumos_avg6	0.00128107862850112	0.00154553501148475	0.00207888118394464
ctrx_quarter_delta1	0.00127355642178581	0.00208065978713021	0.00351174640557082
mcuenta_corriente_lag1	0.00127252338368964	0.002111547111858	0.00324779754895547
Master_fechaalta_lag1	0.00127133296311122	0.00191446875524332	0.0029166121505517
Master_mfinanciacion_limite_tend6	0.00123966782828656	0.00137055506357126	0.00298975460479451
mcuentas_saldo_delta1	0.00121198487069697	0.00225914984767554	0.00324052873362699
mpayroll_lag1	0.00120678561294535	0.00334835355269684	0.00186490543271258
Visa_msaldopesos	0.00119967879764482	0.00188609016876254	0.00281166862924681
Visa_Fvencimiento_avg6	0.00119048858035406	0.00135537386431202	0.00297021966359923
Visa_mfinanciacion_limite	0.00118399246336091	0.00112273232511966	0.00258133804352567
mpayroll_sobre_edad_lag1	0.0011725321940554	0.00421344330765164	0.00195167691569628
vmr_msaldototal	0.00115665259148142	0.0014296944774105	0.00236781659325163
mcaja_ahorro_delta1	0.00115102342319607	0.00157905605689034	0.00275624391236716
vm_fechaalta	0.00114349385543377	0.00168839750456382	0.00301973846802448
Visa_fechaalta_avg6	0.00113735056149664	0.00135810529852661	0.00176314201811389
Visa_Fvencimiento_lag1	0.00113064692849379	0.00126419350003539	0.00300065782778723
ccomisiones_mantenimiento_delta1	0.00113030848854845	0.00265700755579467	0.000790483666971957
vm_Fvencimiento_lag1	0.00113026584250633	0.00147315503467518	0.00254544826784131
vmr_msaldopesos	0.00112718423372256	0.00147872243386465	0.00203753979676392
ccomisiones_otras_lag1	0.0011169115497909	0.00268661475744353	0.00279940250338
mautoservicio	0.00110588904760303	0.00292158551466413	0.00252545902568799
mv_status07_avg6	0.00110559245138961	0.00155205303461747	0.000643290156570282
mprestamos_personales_tend6	0.00110406795708315	0.00429539390878217	0.00119163141291232
Master_mfinanciacion_limite	0.00109797305126235	0.00114076766861645	0.0032041846569846
Master_mfinanciacion_limite_delta1	0.00109204298671705	0.00102972494494575	0.00273625467021385
mcomisiones	0.00108576604202405	0.00183273706273398	0.00393333769462253
mtransferencias_recibidas_avg6	0.00107888599539584	0.0016839451001508	0.00393697210228677
vm_mpagospesos_tend6	0.00106833471836195	0.00179611418063711	0.00224152092691933
cdescubierto_preacordado_avg6	0.00106529094465169	0.00368599699807199	0.000539255237181444
mtransferencias_recibidas_tend6	0.00105530497302411	0.00144666860644954	0.00292933257737654
vmr_mpagominimo	0.0010486936754249	0.00140612582084171	0.00215020643435533
vm_mpagominimo	0.00104676168304356	0.00157544595831387	0.00273262026254961
mcomisiones_delta1	0.00104390835920136	0.00144450981900872	0.00336409859421112
Visa_fechaalta	0.00104387420329878	0.00195530846880792	0.0032041846569846
vmr_msaldopesos2_avg6	0.00104302745821208	0.00153313751182024	0.00235782197217498
ccallcenter_transacciones_tend6	0.00104113548999709	0.00517295236551357	0.00217973599662727
cprestamos_personales_tend6	0.00104099412366622	0.00230232256661478	0.000695080465785686
cmobile_app_trx_avg6	0.0010344303810462	0.000986583282246891	0.0022896768284705
mcomisiones_otras_delta1	0.00103234666842096	0.00116093907547574	0.00257134342244901
cproductos_tend6	0.00102808389870015	0.00568235651437293	0.00143286522162618
ccomisiones_otras	0.00101147663299417	0.00287616386944006	0.00306335135999535
vmr_mpagospesos_tend6	0.00101130778065185	0.00210747874436866	0.00229921714858912
Master_fechaalta_avg6	0.00100340656951016	0.00162658952646003	0.00264539447860788
Master_mlimitecompra_tend6	0.00100208721712473	0.00127650919301793	0.00222062308284996
ctarjeta_debito_transacciones_avg6	0.00100183714825667	0.00232983915305779	0.00313649381423816
chomebanking_transacciones_delta1	0.000999258751806838	0.000991199300023853	0.00244822786282292
mpasivos_margen_delta1	0.000993653473332632	0.00133651363677205	0.00310332984430198
mttarjeta_visa_debitos_automaticos_tend6	0.000988203465135634	0.00233271602137365	0.00180448340529461
Master_mlimitecompra_delta1	0.000978005385987838	0.000739988401494079	0.00196757744922732
vm_status01_avg6	0.000977473616771446	0.00184138660441352	0.000392061726779769
chomebanking_transacciones	0.00096764051073268	0.00135227960231351	0.00306335135999535
Master_mlimitecompra	0.000965837690391679	0.000688470643524848	0.00207706398011252
mcaja_ahorro_dolares_avg6	0.000955378329004625	0.00171915530204517	0.00185354790876183
ctarjeta_debito_transacciones_tend6	0.000949390422244377	0.00121396192489932	0.00206025484466542
Visa_msaldopesos_tend6	0.000937373858421164	0.000930023051297477	0.00183083286086034
mcuenta_debitos_automaticos	0.000934761952065903	0.00358101781596752	0.00141832759096922
cliente_antiguedad_avg6	0.000907496056056091	0.00236378513872804	0.00316738627938419
tcallcenter_tend6	0.000899719855453144	0.00448981203329435	0.00145694317240176
vm_mpagominimo_avg6	0.000895383234693471	0.00130037174766638	0.00215974675447396
ctarjeta_visa_transacciones_tend6	0.000893479604019947	0.0013512979221299	0.00233737842906363
mcomisiones_otras	0.000891415342171002	0.00180424788573869	0.00337772762295201
cproductos_avg6	0.000883769306180555	0.00329372032358933	0.00273307456350764
Visa_mpagominimo_tend6	0.000870050340629546	0.00109210253994621	0.00209932472705598
vmr_Visa_mlimitecompra	0.000864919912877631	0.00104559771365534	0.00167182752554989
Visa_mconsumospesos_tend6	0.000860225406238335	0.00144524986649282	0.00256589181095265
mcaja_ahorro_dolares	0.000853178619296525	0.00129101245727384	0.00183128716181837
cdescubierto_preacordado	0.000850483830630967	0.00318591881095697	0.000550612761132191
vmr_msaldopesos2	0.000844878401768471	0.00119322847583614	0.00204980592263073
mcuenta_debitos_automaticos_avg6	0.000839875701291075	0.000964878757569986	0.00152554261706427
mautoservicio_tend6	0.000830982118156264	0.00127961102970921	0.00194304519749371
cproductos	0.000824916395859615	0.00296210254631653	0.00213021719220201
cprestamos_personales_avg6	0.000822169472024524	0.00145338887387934	0.00118118249087764
chomebanking_transacciones_lag1	0.000821335818998842	0.000965047673218864	0.00250228967682847
mtransferencias_recibidas	0.000819038384145391	0.00123201847753588	0.00267038103129952
mautoservicio_avg6	0.000818518442454263	0.00197533292662737	0.00291524924767761
vm_fechaalta_avg6	0.000818431418335339	0.00116596715653965	0.00163639205082356
ccajas_consultas_tend6	0.000815470530670958	0.00681343615093041	0.00136426577696367
vm_status01_tend6	0.000811732909312583	0.00163986720542497	0.000415685376597322
thomebanking_tend6	0.000810801030679511	0.00295146010296793	0.00196621454635324
vm_status01	0.000807241586289723	0.00499212475477794	0.000378886998996904
cprestamos_personales_lag1	0.000805349661769325	0.00165422579304888	0.000724610028057627
Visa_msaldototal_tend6	0.000799273936978636	0.000955204359958015	0.00207660967915449
vm_mfinanciacion_limite_tend6	0.000793057396770059	0.00105396168941727	0.0023505531568465
Visa_mlimitecompra	0.00079111752595474	0.00106577821014595	0.00236554508846148
ctrx_quarter_normalizado_delta1	0.000790961017611274	0.00151139965849513	0.00250183537587044
mcaja_ahorro_dolares_lag1	0.000780685493171473	0.00131629299440972	0.00186490543271258
vmr_mpagominimo_tend6	0.000770384401793793	0.00124224810012825	0.00214793492956518
cproductos_delta1	0.00077013116201886	0.00193400843272519	0.000354354747263291
vmr_mpagominimo_avg6	0.000769205306130426	0.00126536454753837	0.00188762048061407
mpagomiscuentas_avg6	0.000762895904892241	0.0017190666781397	0.0015609780917906
mtransferencias_recibidas_delta1	0.000759494889972295	0.00145813517637203	0.00238508002965677
ctransferencias_emitidas_avg6	0.000745287292430315	0.000814508986481815	0.00198166077892625
ctarjeta_debito_avg6	0.000741178797120745	0.00120482608794364	0.0016963597772835
vm_status06_tend6	0.000739606946591857	0.00108892041151152	0.000233056391469318
vm_fechaalta_lag1	0.000732462162691043	0.00138096875119806	0.00238189992295056
mcaja_ahorro_dolares_delta1	0.000731338978390096	0.00128779397031383	0.00139697544594182
Visa_cconsumos_tend6	0.000728603117810877	0.00129285840990306	0.00243141872737581
Visa_mpagominimo_avg6	0.000728504641664089	0.00139376164982541	0.00201346184598834
Visa_mlimitecompra_delta1	0.00072819266113251	0.000788153600441184	0.00176995653248434
mttarjeta_visa_debitos_automaticos_avg6	0.000725825630099078	0.00113510028348235	0.00140833296989257
Master_mfinanciacion_limite_lag1	0.000725387748399828	0.000913726099792501	0.00181447802637126
thomebanking_avg6	0.00072399046306328	0.00121522689859271	0.00186445113175455
Master_mfinanciacion_limite_avg6	0.000715550834744582	0.000941354791688575	0.00154280605346941
mcaja_ahorro_dolares_tend6	0.000713064140266167	0.00140962154155728	0.0017785882506869
mtransferencias_emitidas_avg6	0.000709359022886387	0.00146453048948179	0.00213021719220201
Visa_mpagospesos_delta1	0.000707984567652048	0.00108007317035055	0.00205980054370739
mextraccion_autoservicio_tend6	0.000707094207819071	0.000972501928378542	0.00151645659790367
cmobile_app_trx_tend6	0.00070522422275312	0.00131036276743634	0.00178176835739311
mttarjeta_visa_debitos_automaticos_lag1	0.000704658966847313	0.000694996998819614	0.00134518513672642
Visa_mfinanciacion_limite_delta1	0.00070046686702883	0.000902023199455438	0.00240052626222978
vmr_mpagospesos_delta1	0.000691337488288626	0.000667851572322572	0.00162367162399872
Visa_mpagominimo	0.000688342872480136	0.00148381868716353	0.00287617936528705
vmr_msaldopesos_tend6	0.000686888178187269	0.000836736164960181	0.0018880747815721
vmr_msaldopesos2_lag1	0.000684275928859028	0.00119326256195363	0.00210023332897204
mpayroll_tend6	0.000675199313516023	0.00202719836299497	0.00155098347071394
Visa_mlimitecompra_tend6	0.000673377601440502	0.000804904276043371	0.00182447264744792
vm_mpagospesos_delta1	0.000662292837615174	0.000963094159952244	0.00148283832700946
vm_mfinanciacion_limite	0.000662080804028043	0.000591273700777201	0.00159323345981072
Visa_mconsumospesos_avg6	0.000656829084750059	0.00101821368433589	0.00201482474886243
vmr_mconsumospesos_avg6	0.000655405510027467	0.000947867512536346	0.00161367700292206
Master_fultimo_cierre_avg6	0.000654979281656074	0.000889352253381757	0.00148556413275764
mttarjeta_visa_debitos_automaticos_delta1	0.000651154623273286	0.000876560112223679	0.00150509907395293
ctarjeta_visa_debitos_automaticos_tend6	0.000650101446254228	0.00109758737498444	0.00118617980141597
vm_cconsumos_tend6	0.000650032676725885	0.000862359835678766	0.00183810167618881
vmr_Master_mlimitecompra	0.000648078582683786	0.00128875595629623	0.00194622530419992
mautoservicio_lag1	0.00064432903609923	0.00137512184584519	0.00203435969005771
mcuenta_debitos_automaticos_tend6	0.000643854620457466	0.00129334016036353	0.00115301583147979
vm_mfinanciacion_limite_delta1	0.000638264713199352	0.000735329965437578	0.0017572361056595
mtarjeta_visa_consumo_tend6	0.000629357863005143	0.000729358835123205	0.00156642970328696
vm_mpagado_avg6	0.000628859511574617	0.000635046335384201	0.0017481500864989
vm_mpagospesos_lag1	0.000621686391536878	0.000834506932876558	0.00194758820707401
Visa_cconsumos_lag1	0.000621057620390114	0.000795656333634621	0.00154144315059532
mcomisiones_mantenimiento_lag1	0.000619990860644327	0.00172249195421246	0.00182992425894428
vm_msaldototal_lag1	0.000618084489417432	0.00101370068238067	0.00179312588134386
mtransferencias_emitidas	0.000614510513152488	0.00180094910703526	0.00163593774986553
cliente_edad_tend6	0.000612685601650385	0.000518519534144548	0.00131883568116068
Visa_mconsumospesos	0.000611952317315531	0.000907097486145275	0.00219518222920029
ctarjeta_debito_transacciones	0.000607757038779579	0.0024008019048492	0.00218745911291378
vm_mpagominimo_tend6	0.000606141113968353	0.00102748813816935	0.00196348874060506
vm_msaldopesos_lag1	0.000605199074851915	0.00124594227779451	0.00186263392792243
Visa_mpagado_avg6	0.000604406468619521	0.000627610259487182	0.00168591085524881
vmr_mpagado_tend6	0.000602419088851852	0.000739228659808767	0.00160186517801329
matm_tend6	0.000601874880778795	0.000953109199936505	0.00136153997121549
vmr_msaldototal_tend6	0.000601747946209923	0.00097371690909962	0.00188852908253013
mv_status07	0.000601274560020598	0.00145493714108251	0.000490190733714219
Visa_mpagospesos	0.000600002877384648	0.00128733570140095	0.00250228967682847
vmr_Master_mlimitecompra_lag1	0.000598980895155175	0.00115383628606081	0.00150328187012081
ccallcenter_transacciones_delta1	0.0005897538670395	0.00449895923228919	0.00123479000392516
cextraccion_autoservicio_avg6	0.000589432913614077	0.000672558486412831	0.0017663221248201
vmr_mpagado_avg6	0.000583794981682573	0.00083013027539128	0.00159050765406254
mtransferencias_emitidas_tend6	0.000582872315773978	0.00143012623489866	0.00192078445055025
mtransferencias_emitidas_delta1	0.000581826918881553	0.00115222439143833	0.00145467166761161
mextraccion_autoservicio_avg6	0.000581091357900107	0.000807644799889293	0.00164093506040386
ctarjeta_visa_debitos_automaticos_avg6	0.000580803251952915	0.00105259142749431	0.00147466090976493
mcuenta_debitos_automaticos_lag1	0.000579792867333444	0.00159508562174037	0.00113030078357829
vm_mpagado_tend6	0.000579688290474654	0.000664355851607003	0.00161958291537645
ccallcenter_transacciones	0.000578422507800652	0.0046383055529822	0.00106079273699972
Visa_mconsumototal_tend6	0.000577424283674594	0.000918536787173775	0.00164593237094218
ctransferencias_emitidas_tend6	0.000566554549438025	0.00126477296403266	0.00184945920013956
vm_status04	0.000566033791891429	0.00115281521747477	0.000223061770392661
Visa_mconsumototal_lag1	0.000557327296221522	0.000442856685486372	0.00125432494512044
vm_msaldototal_tend6	0.000556058147095237	0.00104832157317716	0.00196303443964703
cproductos_lag1	0.000554638742528381	0.00286886262307443	0.00152281681131609
cpagomiscuentas_tend6	0.000553316176029638	0.0010529247139764	0.00131792707924462
vmr_msaldopesos2_tend6	0.000552250331555818	0.00107800376428448	0.00180402910433658
vm_status04_tend6	0.00054995638925405	0.001472330150632	0.000380704202829023
vmr_mconsumospesos_tend6	0.000547047270131005	0.000856841671992326	0.00169590547632547
Visa_mpagominimo_lag1	0.000544460600550483	0.0011910000012218	0.00210159623184613
mpayroll_avg6	0.000539989673603694	0.00311249504148302	0.00223743221829706
vm_mpagominimo_delta1	0.000539799486115839	0.00122105638215219	0.00167955064183639
Visa_mconsumototal_delta1	0.000539484506546332	0.000741826779430522	0.00125432494512044
Visa_mconsumospesos_delta1	0.000538325870490696	0.00109362429572467	0.00163593774986553
Visa_cconsumos	0.000533130053701596	0.000769975095250947	0.00157188131478332
vm_mconsumototal_avg6	0.000531653900998359	0.00091712865178694	0.00123206419817698
Visa_msaldopesos_lag1	0.000531500453937996	0.00105204377720669	0.00149056144329597
Visa_mpagado_tend6	0.000530693411120629	0.000796978874993101	0.00182492694840595
mtransferencias_recibidas_lag1	0.000529681301112009	0.000973271517164462	0.0022015424426127
vmr_msaldopesos_avg6	0.00052847269640446	0.000855163877542708	0.00147693241455508
vm_msaldototal_avg6	0.000525691435937451	0.000745146009804438	0.0016477495747743
vm_cconsumos_avg6	0.000525312290155214	0.000824656802392211	0.00144740285228313
vm_fultimo_cierre	0.000523809024060061	0.000407154128561641	0.0011075857356768
vm_mlimitecompra	0.000518393128436989	0.000428319335112981	0.00118254539375173
Visa_mconsumospesos_lag1	0.000510529641093963	0.000630305335176455	0.00146920929826857
vmr_mpagospesos_avg6	0.000510254175775088	0.000714660143793711	0.00163230334220129
Visa_mfinanciacion_limite_avg6	0.000508906393507563	0.000798418066620312	0.00131065826391615
vm_mlimitecompra_delta1	0.000505740334538054	0.000644199594133266	0.00133064750606946
vm_fultimo_cierre_avg6	0.000505328247188236	0.000794052013704919	0.00135517975780307
mtarjeta_visa_consumo_lag1	0.000504183998593747	0.0010645556547321	0.00148465553084158
vmr_msaldototal_delta1	0.000503603455495266	0.00195995024054032	0.0014437684446189
mpayroll_sobre_edad_avg6	0.000503579009898717	0.00362710148934011	0.00244777356186489
Visa_mfinanciacion_limite_lag1	0.000501870153592941	0.000815506573520256	0.00140106415456409
ccajas_transacciones_tend6	0.000501562094392869	0.00161859746811334	0.00110077122130635
active_quarter_avg6	0.000501412621123638	0.00112466084190012	0.00130020934188146
vmr_mpagospesos_lag1	0.000500755378094387	0.000763356328704329	0.00178085975547705
Master_mlimitecompra_lag1	0.000500240613359502	0.000695932473377301	0.00124523892595985
ccajas_consultas_avg6	0.000497288777211781	0.00242113919748025	0.00111803465771149
vm_cconsumos_delta1	0.000494967208871363	0.00108311289456108	0.00112076046345967
mautoservicio_delta1	0.000494887303207783	0.000670550435358232	0.00145330876473752
ccaja_ahorro	0.000494725194917967	0.00190087672652822	0.000507908471077384
catm_trx_tend6	0.000490931511967347	0.00114366574607209	0.00127022547865149
vmr_Master_mlimitecompra_tend6	0.0004888006303659	0.000927309038876268	0.0009767470597642
Visa_cconsumos_delta1	0.000487650017240856	0.00216093713862679	0.00152372541323215
tcallcenter_avg6	0.000484861448299694	0.00177959226075672	0.00127658569206391
vmr_msaldopesos2_delta1	0.000480228018604116	0.000998932303877644	0.00167364472938201
vm_msaldopesos_delta1	0.000479570411164506	0.00133063264530169	0.00118935990812217
ccuenta_debitos_automaticos_tend6	0.000479013656520291	0.00181939575634973	0.000841819675229331
ctarjeta_visa_transacciones_delta1	0.000477424555842053	0.0025623238961097	0.00135926846642534
Visa_mpagominimo_delta1	0.000475145967832272	0.00115894390139885	0.00176723072673616
vm_msaldopesos_tend6	0.000475125818419001	0.00101167520953269	0.00157324421765741
Visa_mpagospesos_avg6	0.000474785753034263	0.000845893211055634	0.00197848067222004
ctarjeta_debito_lag1	0.000474038878052321	0.000652323452134237	0.000834550859900853
vm_mconsumototal_tend6	0.000473451707683216	0.000572758121758486	0.00117618518033931
vm_mlimitecompra_tend6	0.000472932569020947	0.000727401534510198	0.00165002107956445
mpagomiscuentas_tend6	0.000470520481705661	0.000727994632954464	0.00112166906537573
vmr_mpagominimo_delta1	0.000469240997915634	0.000825627120536663	0.0015169108988617
catm_trx_avg6	0.000469126576171684	0.000654370891591264	0.0014819297250934
mprestamos_personales_delta1	0.000468970887162307	0.00133859743475439	0.000924048148632736
Visa_msaldototal_delta1	0.000463977360570806	0.00133454951893554	0.00167228182650792
vm_mconsumospesos_tend6	0.000462722729899992	0.000737230455854775	0.00143195661971012
vmr_mpagospesos	0.000462326088743175	0.000875376945212256	0.00177359094014857
Visa_mconsumototal	0.000459826328821325	0.000544873405246623	0.00136153997121549
ccaja_seguridad	0.000459705051305601	0.0036271893557763	0.000135835986450928
ccaja_ahorro_avg6	0.000458407827715031	0.00167487289061442	0.000607400380885923
vmr_mconsumospesos	0.000458048941640939	0.001072594676174	0.00147193510401675
ctarjeta_visa_transacciones_lag1	0.000457350610224415	0.00100838400552204	0.00169045386482911
vmr_msaldototal_avg6	0.000457228025709304	0.000747219960686178	0.00147284370593281
Master_fultimo_cierre_lag1	0.000456982547686706	0.000885028618745903	0.00140469856222833
vmr_Visa_mlimitecompra_avg6	0.000456945789855955	0.000783339125713523	0.00107578466861471
Master_mlimitecompra_avg6	0.000455094308491035	0.000683157754012605	0.00104034919388838
vmr_mconsumospesos_delta1	0.000447608755546203	0.000886298137254959	0.00124523892595985
mttarjeta_visa_debitos_automaticos	0.000447076225989705	0.000483739574799787	0.00126250236236498
Visa_mpagospesos_lag1	0.00044169904082317	0.000885330848987617	0.00206752365999389
vmr_mpagominimo_lag1	0.000441602793782422	0.000947913718162272	0.00185218500588774
Visa_mconsumosdolares_tend6	0.000440938856300154	0.00104099911767176	0.00116891636501083
cpagomiscuentas_avg6	0.000433619794161907	0.000590367767521335	0.00143513672641633
vmr_Master_mlimitecompra_avg6	0.00043201945199364	0.00107889227574696	0.00125841365374271
vm_mconsumospesos_avg6	0.000430373707542719	0.00117117778769943	0.00150782487970111
mtarjeta_visa_consumo_avg6	0.000428719129032927	0.000736719921561754	0.00149601305479233
Master_msaldototal_tend6	0.000427406235209536	0.00127359445123819	0.00106533574658002
vm_msaldopesos_avg6	0.000427207989652203	0.00107593814556479	0.00158914475118845
Master_fultimo_cierre	0.000424976164168676	0.000578440656278139	0.00131020396295812
vmr_mconsumototal_avg6	0.000423923523302529	0.0005740761183013	0.00101854274790295
Visa_msaldopesos_delta1	0.000420427397253157	0.00120093496826522	0.00131656417637054
Visa_msaldototal_lag1	0.000416558782381529	0.0011579735832544	0.00198983819617079
vm_fultimo_cierre_lag1	0.000415041927855636	0.000549993897562387	0.00113893250178086
Master_msaldopesos_tend6	0.000413872001243579	0.00123692157616901	0.000927682556296975
ctarjeta_debito_transacciones_delta1	0.000413693597259032	0.00116588383491912	0.00120616904356928
vm_mpagospesos	0.000412074836317434	0.00110289496221174	0.00197439196359777
ccaja_seguridad_avg6	0.000411447196293252	0.00231056761970015	0.000151282219023943
Master_mpagospesos_tend6	0.000410059420768413	0.00166448268453523	0.00106942445520229
ctarjeta_visa_transacciones_avg6	0.00040798787720261	0.000848108808692262	0.00179857749284022
vm_mconsumospesos	0.000405750001754602	0.000660532904163562	0.00142605070725573
mv_status07_delta1	0.000405672131622307	0.00198900903443227	0.000544252547719773
mtransferencias_emitidas_lag1	0.000405169667010833	0.000903303322534379	0.00133564481660779
vmr_mconsumospesos_lag1	0.000404930786378239	0.000518359708126999	0.00138016631049472
Master_Fvencimiento_tend6	0.000401417263491379	0.000812759232450837	0.00104625510634277
cdescubierto_preacordado_lag1	0.000397526748863258	0.00141779312012273	0.000411142367017024
vm_msaldototal_delta1	0.000396384461093772	0.00151122089574564	0.00128294590547633
Visa_mconsumototal_avg6	0.00039574639229775	0.000785331269913295	0.00136653728175382
Visa_mlimitecompra_lag1	0.000395415769453579	0.000650402510046548	0.00116210185064038
Master_fultimo_cierre_tend6	0.000395011697374457	0.00159564690647498	0.00112076046345967
vmr_Visa_mlimitecompra_lag1	0.000392787768412865	0.000750767189312616	0.00106488144562199
vmr_mconsumototal_tend6	0.000390696606756397	0.000564120699587384	0.00116709916117871
ctransferencias_recibidas	0.000389688821238739	0.000700131125582371	0.00138198351432684
mpayroll_delta1	0.000386895319351264	0.00122095715367685	0.00118299969470976
ccuenta_debitos_automaticos_avg6	0.000386476060043732	0.00076799052574395	0.00125296204224635
vm_status06	0.000385354380746452	0.000925337346346988	0.000121752656752003
ctarjeta_debito_transacciones_lag1	0.000384294395646679	0.00137671025892006	0.0018835317719918
cpayroll_trx_tend6	0.000382244640340427	0.00218340594980468	0.00155189207263
Visa_status	0.000381709666220431	0.00284116348653555	0.000243959614462035
Visa_fultimo_cierre	0.000381362094643166	0.000539805935780284	0.00124932763458212
Visa_fultimo_cierre_tend6	0.000381223115806493	0.00237662197057349	0.000835913762774943
vm_Fvencimiento_tend6	0.000379789228135683	0.00134272261243955	0.000842273976187361
ccajas_otras_tend6	0.000378652047323769	0.00223379129120407	0.000505182665329205
ctarjeta_debito	0.000377698120191384	0.000516828105247935	0.000875437946123541
mtarjeta_visa_consumo_delta1	0.000377644878602322	0.000923224007062819	0.00127431418727376
mpagomiscuentas_lag1	0.000373890015391363	0.000519862527173519	0.00100900242778432
Visa_mlimitecompra_avg6	0.000373745811662554	0.000577900580683296	0.000899515896899123
ccajas_extracciones_tend6	0.000373294826356724	0.00208250649722871	0.000807747103377092
Visa_fultimo_cierre_avg6	0.000367014331046718	0.000677039674658401	0.00116982496692689
cpagomiscuentas_delta1	0.000365267676794343	0.000569266188389304	0.00048882783084013
vm_mfinanciacion_limite_lag1	0.000363011638673301	0.000444231492224998	0.00097492985593208
Master_mconsumospesos_tend6	0.000360857793825677	0.000780494828576586	0.000938585779289691
Visa_msaldopesos_avg6	0.000360450545379875	0.00065013739579943	0.00146739209443645
mpagomiscuentas	0.000359282818996258	0.000697305007708094	0.000971295448267841
matm_other_tend6	0.000356312372951	0.000692045898514553	0.00081229011295739
Master_mpagospesos_avg6	0.00035619792936071	0.00141403607250643	0.000857265907802346
Visa_fultimo_cierre_lag1	0.000356048931654217	0.000466693486179383	0.00120162603398898
vm_mpagominimo_lag1	0.000351884652142852	0.000820974744234382	0.0017131689127306
vmr_msaldototal_lag1	0.000349863952318135	0.000866967521293675	0.00155688938316833
ccomisiones_mantenimiento	0.000348566137157108	0.00267409379028678	0.000820013229243898
vm_mconsumospesos_lag1	0.000346497537525226	0.000424932689973369	0.00122116097518426
cextraccion_autoservicio_tend6	0.000346082933453261	0.000797137943541371	0.00144104263887072
vmr_mconsumototal_lag1	0.000345259218844214	0.00036117877329573	0.000945854594618169
Visa_Fvencimiento_tend6	0.000344219932217557	0.000743129626587787	0.000894972887318825
Visa_mconsumosdolares_avg6	0.000343745098620611	0.00105544026944691	0.00120389753877913
vmr_msaldopesos_delta1	0.000342287581120142	0.00282402801654041	0.00134200503002021
vmr_mconsumosdolares_avg6	0.000337525534572402	0.00112333224078742	0.000961755128149214
cprestamos_personales_delta1	0.00033731424881401	0.00135036169010293	0.000248956925000363
Visa_msaldototal_avg6	0.000335895240234034	0.000660809380449842	0.00169681407824153
vm_mfinanciacion_limite_avg6	0.000332964001430893	0.000643126260167077	0.000955394914736796
vmr_msaldopesos_lag1	0.000331447504869118	0.000908176879865684	0.00140015555264803
ccajas_transacciones_avg6	0.000330715861165431	0.00114918693963564	0.00117709378225537
ccomisiones_otras_delta1	0.000327917667181059	0.00167332689581909	0.000956757817610886
mpagomiscuentas_delta1	0.000327248656282298	0.000550543820257837	0.000792300870804076
Master_mconsumospesos_avg6	0.00032692153040141	0.00063863219494379	0.000787303560265748
ccaja_seguridad_lag1	0.000325772133745521	0.0011211098259273	8.49542791515839e-05
ctarjeta_visa_debitos_automaticos_lag1	0.000321618859154624	0.000430627344001462	0.000724610028057627
catm_trx_other_avg6	0.000320183691135881	0.000510825918693186	0.000824556238824196
Master_msaldototal	0.000319061929356224	0.000875359523418874	0.000990376088505096
Master_msaldototal_delta1	0.000318456118103476	0.000863592995662503	0.000869077732711123
Master_mpagado_tend6	0.000317139793509965	0.000482349618675612	0.000640110049864073
catm_trx_other_tend6	0.00031425497501969	0.00110379559318266	0.000820467530201928
ccallcenter_transacciones_lag1	0.000314104132104313	0.00140217258868255	0.000636929943157864
vmr_mconsumosdolares_tend6	0.000312231327072149	0.000817609308234539	0.000806384200503002
matm_avg6	0.000312216065660239	0.000676267055995372	0.00137698620378851
matm_other_avg6	0.00030820644959674	0.000832329208703803	0.000968569642519662
Master_mpagospesos	0.000304322032976243	0.00043104243716552	0.000819104627327838
Master_mpagominimo_tend6	0.000303895305126047	0.000632253546158133	0.000917233634262288
ctransferencias_recibidas_lag1	0.000302670771366886	0.00143507705409627	0.00116210185064038
ctransferencias_recibidas_delta1	0.0002995241526822	0.00105074093004943	0.00100673092299417
vm_mpagospesos_avg6	0.000299402707314481	0.000870785166452173	0.00160277377992935
mextraccion_autoservicio_delta1	0.000295892408419203	0.000471279205185245	0.000981744370302528
mextraccion_autoservicio	0.000295670040118106	0.000613934909151563	0.000992647593295245
Visa_mpagado_delta1	0.000291549736787869	0.000837825405781197	0.000797752482300435
ccaja_ahorro_lag1	0.000290145417198925	0.00125307839585765	0.000451120851323651
mpayroll_sobre_edad_tend6	0.00028897762400088	0.00186253514664075	0.00145558026952767
Master_mpagospesos_lag1	0.000286557665462334	0.000829430373778888	0.000798206783258465
vm_status04_delta1	0.000283436181714458	0.00167736799441444	0.000115392443339585
mv_status07_tend6	0.000283289803570735	0.00156526557122455	0.000574690711907773
matm_other_delta1	0.000283019625283923	0.000590535168231658	0.000603311672263655
mtarjeta_master_consumo	0.000282069841616362	0.00100921722172726	0.000474744501141204
Master_mconsumototal_tend6	0.000281600265833175	0.000628468472178567	0.000742782066378822
Master_cconsumos_avg6	0.000281384527133998	0.000680883831241611	0.00071416110602294
mforex_sell_avg6	0.000281298852493916	0.000454680023438554	0.000450212249407592
vm_status06_avg6	0.000279814300403799	0.00027660581352656	0.00019534941195284
mplazo_fijo_dolares_delta1	0.000279716404125908	0.00151213516116356	0.000484284821259831
vmr_mpagado_delta1	0.000274639098292292	0.000846284065202813	0.000692808960995537
ccajas_consultas_delta1	0.000274205932058818	0.00194344498498403	0.000363895067381918
Master_cconsumos_tend6	0.000273679802018967	0.000597433440941666	0.000934497070667423
Master_cconsumos_lag1	0.000273361945306144	0.000910574270128907	0.000536529431433265
vm_cconsumos	0.000271587340121011	0.000396569252878139	0.000984924477008737
cpagomiscuentas	0.000267266317315563	0.000338253208143528	0.000646470263276491
ccajas_consultas	0.000266365669131851	0.00187442817176646	0.000370255280794336
vm_status05_avg6	0.000261672646243105	0.000232076467111358	0.000253499934580662
mcuenta_debitos_automaticos_delta1	0.000260907172709814	0.00071534565348983	0.00091087342084987
Visa_status_avg6	0.000260400669215461	0.000156546175576741	0.000140833296989257
Master_mpagominimo_avg6	0.000259605235718761	0.000752213198163325	0.000758228298951837
Master_mconsumospesos	0.000258388221363013	0.000503230774247896	0.00065192187477285
cpagomiscuentas_lag1	0.000254563398209867	0.000467880440537193	0.000686903048541149
vmr_mpagado_lag1	0.000254522985417347	0.000525882135521651	0.000575145012865803
vm_mconsumospesos_delta1	0.00024702069096939	0.000571853703441175	0.00102035995173507
vm_mlimitecompra_avg6	0.000246073899102449	0.000475865681660385	0.000636475642199834
vm_cconsumos_lag1	0.000245289153215932	0.00053836144186813	0.00107941907627895
vm_status02	0.000245239878571004	0.00198282960006659	0.000164911247764839
Master_fechaalta_tend6	0.000244727312095391	0.000507384735765595	0.000643290156570282
Master_mpagospesos_delta1	0.000242829279041719	0.000561731641486213	0.000735967552008374
Visa_mconsumosdolares_delta1	0.00024278869341452	0.000552417041781044	0.000592408449270938
vm_status05	0.000242585553973839	0.000491349868630626	0.000113120938549435
cextraccion_autoservicio_lag1	0.000242558609035665	0.000401011810190558	0.000757319697035777
Visa_fechaalta_tend6	0.000241783473125115	0.000803524167019803	0.000605583177053804
foto_mes	0.000241750198221531	0.000218379907635969	0.000671911116926163
ctarjeta_visa_debitos_automaticos	0.000241374608958062	0.000494770599887725	0.000641472952738163
Master_status_delta1	0.000241261648796524	0.000141464204792842	4.40671929288965e-05
cmobile_app_trx	0.000239174865415443	0.000348013199783854	0.00051972029598616
matm_delta1	0.000238951201534346	0.000538976506921443	0.00071688691177112
ctransferencias_emitidas	0.000237860421837872	0.000590730595305248	0.00081365301583148
vmr_Visa_mlimitecompra_tend6	0.000237530699308107	0.000891907954723974	0.000644653059444372
vm_mconsumosdolares_avg6	0.000236982178269727	0.00123325163751962	0.00087907235378778
Visa_mpagosdolares_tend6	0.000234720516957588	0.000709429060963436	0.000438854725456845
vm_fultimo_cierre_tend6	0.00023240454305958	0.000815655794967919	0.000734604649134284
Visa_mpagado_lag1	0.000231720178399341	0.000374614005870388	0.000582413828194281
mextraccion_autoservicio_lag1	0.00023128714619959	0.000394987657026761	0.00100582232107811
Visa_status_tend6	0.000230735452126024	0.000386097997586259	0.000166274150638929
vmr_mconsumototal_delta1	0.000229509802358003	0.000580215406795274	0.000864080422172794
vmr_mconsumototal	0.000229081747920254	0.000556909592065777	0.000967206739645573
vm_mlimitecompra_lag1	0.000226262613119253	0.000339651496429755	0.00068236003896085
ctarjeta_visa_debitos_automaticos_delta1	0.000225431631383982	0.000732225098869189	0.000438400424498815
ccomisiones_mantenimiento_lag1	0.000223758513967804	0.00149600030808396	0.000680088534170701
vm_mconsumototal_lag1	0.000223429521839498	0.000316880455010159	0.000912690624681989
tcallcenter	0.000221202446693795	0.000962927516711198	0.000384338610493262
ctarjeta_master_transacciones_avg6	0.000221005714714984	0.000639640386552116	0.00045384665707183
ctransferencias_emitidas_lag1	0.000220511827737936	0.000555392381102985	0.000769585822902583
Master_mconsumospesos_lag1	0.000216411147126249	0.000569413894898412	0.000601494468431535
Master_msaldopesos_avg6	0.000216110676616442	0.000754402284375241	0.000761408405658046
Master_msaldopesos_lag1	0.000215622867807688	0.000489404687526058	0.000508817072993444
matm	0.000212769430768414	0.000491267304479381	0.000752322386497449
ccuenta_debitos_automaticos	0.000212104334526431	0.00037007222008262	0.000562878886998997
vm_mconsumototal	0.000210098126989683	0.000419719028936476	0.000947671798450289
ctransferencias_emitidas_delta1	0.000209740514386078	0.000420796150249052	0.000656464884353148
mpayroll_sobre_edad_delta1	0.000209347653491099	0.000945227732104329	0.0010939567069359
vm_mconsumosdolares_tend6	0.000209228114289746	0.000566643072281391	0.000696897669617806
Master_msaldototal_lag1	0.000207615005217693	0.000388801405437584	0.000667368107345865
Master_cconsumos	0.000206048096409937	0.000562689840122225	0.00042159128905171
cmobile_app_trx_lag1	0.000205440796718677	0.000397208556948332	0.000503365461497085
Master_status_avg6	0.000201599035109958	0.000290910620831765	0.00013038437495457
cextraccion_autoservicio	0.00020092591316326	0.000413283569955008	0.000827282044572376
Visa_mconsumosdolares	0.000199629699602131	0.000705144057260733	0.000677817029380552
cextraccion_autoservicio_delta1	0.000199256694767042	0.00064769379991028	0.000723247125183538
Master_mconsumototal_lag1	0.000199228244868148	0.000552724574307701	0.000473835899225144
tcallcenter_delta1	0.000198992396384224	0.00108286444463807	0.000274397778650036
mforex_sell_tend6	0.000198966856755942	0.000467802421201613	0.000528352014188728
vm_status02_avg6	0.000197851550994155	0.000421876301438738	0.000198983819617079
Master_mpagado_avg6	0.000196794182599987	0.000438873154556106	0.000706892290694463
vm_mconsumototal_delta1	0.00019512956125413	0.000433229250969604	0.00068145143704479
cforex_tend6	0.00019490466719981	0.000577862707219422	0.000446577841743353
Master_mconsumototal_avg6	0.000194171669654968	0.000515479809934021	0.000538346635265384
Master_msaldototal_avg6	0.000193456698440461	0.000612067747382575	0.0007804890458953
cplazo_fijo_tend6	0.000191962377010685	0.000831641426599852	0.000355717650137381
ctarjeta_master	0.000191292518769318	4.87772341233089e-05	9.90376088505095e-05
ctarjeta_master_transacciones_tend6	0.000190137784189145	0.000540155886586479	0.00058650253681655
cseguro_accidentes_personales_avg6	0.000189910506954303	0.000245697279658999	0.000294841321761379
mtarjeta_visa_descuentos_avg6	0.000187028314271748	0.000497462645699888	0.000341634320438455
vm_mpagado_delta1	0.000186692906112668	0.000748317533669246	0.000524717606524489
Master_mconsumospesos_delta1	0.0001858726703247	0.000421164280317907	0.000577416517655952
catm_trx_delta1	0.000185788481032129	0.000623505533472519	0.000506545568203294
mplazo_fijo_dolares	0.000185457427269991	0.00123081864620035	0.000263494555657319
ctarjeta_debito_tend6	0.000184010723821202	0.00122721612231666	0.000412050968933083
thomebanking_delta1	0.000183474716111423	0.000598576462081383	0.000339362815648306
Visa_delinquency_tend6	0.000180631969668846	0.00070364199568349	0.000295749923677439
mtarjeta_master_consumo_avg6	0.000180559225679714	0.000570595546971281	0.000428405803422158
thomebanking	0.000180550137750449	0.000417183779264751	0.000467475685812726
cforex_avg6	0.000177694671847023	0.000514387539235896	0.000394333231569919
mcaja_ahorro_adicional_tend6	0.000176890981609847	0.00101258265772711	0.000212612848357975
cplazo_fijo_avg6	0.000176004698593622	0.000377297719520499	0.000317102068704843
Master_mpagominimo	0.000173249630926596	0.000490581794783262	0.000708709494526582
matm_other	0.000171568507805857	0.000421044600172065	0.000426134298632009
vm_status03_delta1	0.000171415164798529	0.000716937853911092	5.90591245438818e-05
mplazo_fijo_dolares_tend6	0.000169682070903447	0.00084760736403057	0.000436583220666696
cpayroll_trx_delta1	0.000168762235167411	0.00237741125356062	0.00061875790483667
Master_msaldopesos	0.000165409414714197	0.000585250305082682	0.000728244435721866
vm_status02_tend6	0.00016392619050569	0.000605030100325511	0.00022851338188902
ccajas_depositos_tend6	0.000160767302326665	0.00129319245385442	0.000437946123540785
vmr_msaldodolares_tend6	0.000159461701122712	0.00121953765625085	0.000472018695393025
mplazo_fijo_dolares_avg6	0.000159393937168601	0.000689837875570699	0.00039160742582174
Master_status_tend6	0.000155789037820338	0.000568432972184076	0.000179448878421795
ccuenta_debitos_automaticos_lag1	0.000155013085148081	0.000293201207926864	0.000469292889644846
ctarjeta_visa_descuentos_avg6	0.000154937996254048	0.00055827303676524	0.00025895154607702
Master_fultimo_cierre_delta1	0.000154443676155436	0.000158245936635406	0.000542889644845683
vm_fechaalta_tend6	0.000152523966998642	0.0005158168837625	0.000392061726779769
ccajas_otras_avg6	0.000151672935736271	0.00138668461436592	0.000470655792518935
Master_mpagominimo_lag1	0.000151601960593229	0.000258861338232319	0.00055333856688037
catm_trx_other_delta1	0.000151142247959704	0.000658951308312185	0.000407053658394755
matm_other_lag1	0.000150257695729072	0.000485534019518137	0.000363895067381918
ccajeros_propios_descuentos_tend6	0.000148301936420861	0.000723722506229479	0.00032618808786544
Master_msaldopesos_delta1	0.000147707365598501	0.00068174355887155	0.000621938011542879
mtarjeta_master_consumo_tend6	0.000147658032378639	0.00113685609726755	0.000541981042929623
thomebanking_lag1	0.00014685518544273	0.00011253039333167	0.000377524096122814
Visa_mpagosdolares_avg6	0.000144765048478197	0.000697973095610832	0.000431131609170337
ccajas_otras_delta1	0.000143894051543601	0.0016403807695951	0.000187626295666332
vm_status05_delta1	0.000140666677430733	0.00120980947832018	0.000110395132801256
active_quarter	0.00014024652947128	0.000261220097562391	0.000459298268568189
vm_status01_delta1	0.00013971504443988	0.000902510252200858	0.000124932763458212
mttarjeta_master_debitos_automaticos_delta1	0.000139609260007776	0.00053125032029115	0.000241688109671886
cseguro_vida_avg6	0.000138167424219952	0.000686918588975292	0.000275306380566095
vm_mpagado_lag1	0.000137800324203031	0.000363388311178138	0.000502002558622996
catm_trx	0.000137745412170729	0.000379105798685843	0.000493370840420428
vm_fultimo_cierre_delta1	0.000137560079272869	0.000171706923165499	0.000355263349179351
cforex_sell_avg6	0.000136949168093405	0.000376017596441558	0.000283483797810633
tcuentas_avg6	0.000135788738828713	0.000588380168137228	0.000289844011223051
Master_mpagominimo_delta1	0.000135777893503536	0.000439371569340688	0.000635112739325745
mv_status07_lag1	0.000134333122934005	0.000418050324118188	0.000339362815648306
ctarjeta_master_debitos_automaticos_tend6	0.000134331975331951	0.000397372927781545	0.000207161236861616
vm_status05_tend6	0.000133658595352917	0.000761029383083911	0.000251682730748543
matm_lag1	0.000133585977295658	0.00033200105672721	0.000555610071670519
vmr_mconsumosdolares	0.000133439553236898	0.000313599855569394	0.000368892377920247
Master_mconsumototal_delta1	0.000132685976319093	0.000304445839351051	0.00045520955994592
vm_status03_tend6	0.000131543307226067	0.00127134628242263	0.000258497245118991
ctarjeta_master_debitos_automaticos_avg6	0.000131355820643507	0.000132409417049849	0.000148102112317734
mtarjeta_visa_descuentos_tend6	0.00013122791318787	0.000525711704934218	0.0002616773518252
mcheques_depositados_tend6	0.000130977125870353	0.00105956393219351	0.000232602090511289
vm_status02_delta1	0.000130220511017004	0.000234107999713558	3.40725718522395e-05
ctarjeta_master_transacciones	0.00012976005017807	0.000509241292964698	0.000338908514690276
vmr_mpagado	0.000129626367956735	0.000305634308647417	0.000320736476369081
vmr_msaldodolares2_avg6	0.000129339827400159	0.0010429655079161	0.000551067062090221
Visa_fultimo_cierre_delta1	0.000129092674927998	0.000138666870751109	0.000375252591332665
vm_mconsumosdolares	0.000128789602032694	0.000362905045779106	0.000331185398403768
Visa_mpagado	0.000127818053400508	0.000458671886530872	0.000319373573494992
active_quarter_lag1	0.000126913883831249	0.000347270122422647	0.000362986465465858
ccheques_depositados_avg6	0.000126320231645664	0.000864577705723227	0.000220790265602512
cdescubierto_preacordado_tend6	0.000125265212222638	0.00265714996001884	0.000115846744297614
Visa_status_delta1	0.000124129896068086	0.000448298344775787	4.63386977190458e-05
Visa_msaldodolares_avg6	0.00012407899705478	0.00053021334485028	0.000420228386177621
mttarjeta_master_debitos_automaticos_tend6	0.000123877204128563	0.000323941583614825	0.000223061770392661
active_quarter_tend6	0.000123346127719503	0.000652044703440124	0.000531532120894937
vmr_Master_mlimitecompra_delta1	0.000120519929431653	0.000391513145450962	0.000305744544754096
ccajas_depositos_avg6	0.000120210464487157	0.00056193691566041	0.000319373573494992
cforex_sell_tend6	0.000119766747039838	0.000544407561640973	0.000350720339599052
ccajas_extracciones_avg6	0.000119616912534385	0.00055782234254514	0.000549249858258101
mtarjeta_master_consumo_delta1	0.00011870554985908	0.000481973156444704	0.000337999912774216
vmr_msaldodolares_avg6	0.000118558138845846	0.000936820580593581	0.000443852035995173
vmr_msaldodolares2_tend6	0.000116305716419088	0.000866488800710308	0.000448849346533502
vm_msaldodolares_tend6	0.000115633317449865	0.000636734734403703	0.000402510648814456
cplazo_fijo	0.000113809045396537	0.000457104682595766	0.000119481151961853
vmr_mpagosdolares_tend6	0.000113627633282844	0.000473229688574755	0.000299384331341678
vm_mpagado	0.000113585300743738	0.000304667777849353	0.000263494555657319
Visa_mconsumosdolares_lag1	0.000113345600022906	0.000308046090826912	0.000504274063413145
Master_mconsumototal	0.000112908740048191	0.000326048863144774	0.000417502580429442
Master_status	0.000110557280856818	0.000680515701172756	0.0001612768401006
Visa_mpagosdolares_delta1	0.000110483055238072	0.000522944669663584	0.000263494555657319
mcajeros_propios_descuentos_avg6	0.000110199437286321	0.000776084842443099	0.000262585953741259
Master_cconsumos_delta1	0.000109984562475388	0.000284939490517393	0.000433403113960487
catm_trx_other	0.000109520494902424	0.000407832821034263	0.000337545611816186
mcheques_depositados_avg6	0.00010941030107116	0.00080419528479965	0.000262131652783229
Visa_msaldodolares_tend6	0.000109198889604802	0.000559157003412059	0.0004229541919258
Master_mconsumosdolares_avg6	0.000109110192252619	0.00174186877579967	0.000348448834808903
vm_mconsumosdolares_lag1	0.000107817078770273	0.000301331883151332	0.000266220361405498
Master_mpagado_lag1	0.000104874269768372	0.000525467799826869	0.000278032186314275
vm_status06_delta1	0.00010473214459687	0.00119200061813735	8.81343858577929e-05
mplazo_fijo_dolares_lag1	0.000103187187352137	0.000958771282785667	0.000256680041286871
mcajeros_propios_descuentos_tend6	0.000102719423065408	0.00108104954824922	0.00035844345588556
vm_msaldodolares_avg6	0.000101692848199664	0.00137476735022333	0.000515631587363892
ccheques_depositados_tend6	0.000100766137930661	0.00117718451906984	0.000221244566560542
Master_Fvencimiento_delta1	9.94442429066551e-05	0.000280673423546627	0.000349357436724963
vm_mpagosdolares_tend6	9.75368338513472e-05	0.000485812010742972	0.000313013360082574
mtarjeta_master_consumo_lag1	9.67605042978439e-05	0.000162102212727055	0.000303927340921977
Master_msaldodolares_avg6	9.56368128124164e-05	0.00183205231050714	0.000304381641880006
catm_trx_lag1	9.29000239331691e-05	0.00024313627603184	0.000403873551688546
mforex_sell_delta1	9.13704823572425e-05	0.000848400434364092	0.000242142410629916
Master_mpagado_delta1	9.12739323871383e-05	0.000654466332720227	0.000307107447628186
Master_mpagosdolares_tend6	9.11599516360327e-05	0.000356593054289868	0.000184900489918153
mttarjeta_master_debitos_automaticos_avg6	9.11398558356378e-05	0.000126748091669965	0.000149465015191824
mtarjeta_visa_descuentos_delta1	9.00304790915784e-05	0.000377927176490085	0.000209432741651766
Master_msaldodolares_tend6	8.84984002037107e-05	0.000515107135049501	0.000198983819617079
cseguro_vida_tend6	8.77825128000056e-05	0.000494274457510976	0.000177177373631646
catm_trx_other_lag1	8.73066524436881e-05	0.000577872554320029	0.00029302411792926
vmr_Visa_mlimitecompra_delta1	8.67387335191849e-05	0.000431664319442331	0.000224878974224781
ccaja_ahorro_tend6	8.605764727576e-05	0.000912661855457642	0.000125841365374271
vmr_mconsumosdolares_delta1	8.60465794763196e-05	0.000412467018073884	0.000305290243796066
ctarjeta_master_debitos_automaticos_delta1	8.5598141187867e-05	0.00069334192844832	0.000125387064416241
ccajeros_propios_descuentos_avg6	8.28940918878733e-05	0.000316613825824486	0.000204435431113437
ccajas_consultas_lag1	8.06109193361209e-05	0.000982344484170114	0.000171725762135287
ctarjeta_visa_descuentos_tend6	8.05320209481073e-05	0.000640158495537912	0.000333002602235888
Visa_delinquency_avg6	7.76201319894627e-05	0.000407101863181495	0.000258497245118991
mttarjeta_master_debitos_automaticos_lag1	7.55464953499228e-05	0.000131162622619117	0.000146739209443645
Master_mconsumosdolares_tend6	7.52941828638618e-05	0.000817457814379043	0.000266674662363528
cseguro_accidentes_personales_tend6	7.4851017059502e-05	0.00109950149984863	0.00012947577303851
cmobile_app_trx_delta1	7.42942405827983e-05	0.000318381759118124	0.000171725762135287
vmr_mconsumosdolares_lag1	7.4067857783891e-05	0.000197430579828711	0.000275760681524125
Master_msaldodolares	7.34698656321505e-05	0.000439645773219135	0.000159913937226511
ctarjeta_master_descuentos_avg6	7.33079959510186e-05	0.000836978555128974	0.000169454257345138
vm_mconsumosdolares_delta1	7.31715453176056e-05	0.000198926581651734	0.000275306380566095
mtarjeta_master_descuentos_avg6	7.30818600572679e-05	0.00022890797312366	9.94919098085394e-05
Master_fechaalta_delta1	7.2972702512362e-05	3.21333616892462e-05	0.000145830607527585
Visa_msaldodolares	7.18421464612503e-05	0.000387068315730711	0.000238053702007647
cseguro_accidentes_personales	7.07854987776762e-05	6.13747056770748e-05	0.000109940831843226
vmr_msaldodolares2_delta1	7.06237964834176e-05	0.000487409513449177	0.000253499934580662
ccaja_seguridad_tend6	7.0608165119212e-05	0.000166393276183978	3.54354747263291e-05
vm_status01_lag1	6.99533577875821e-05	0.00141638877208229	8.63171820256735e-05
ccajas_transacciones	6.83914228756418e-05	0.000145668159282855	0.000193077907162691
mcaja_ahorro_adicional_avg6	6.82311672134226e-05	0.000290000142760235	0.0001308386759126
Visa_status_lag1	6.69960302503574e-05	0.00139146045816043	6.63279398723596e-05
tcuentas	6.65118746117268e-05	0.000204704557300349	0.000165819849680899
Visa_msaldodolares_delta1	6.64475735560694e-05	0.000557727658885455	0.000252137031706573
Visa_mpagosdolares	6.56743197623333e-05	0.00022414424883759	0.000183991888002093
cseguro_vivienda_avg6	6.52763894998329e-05	9.7680965615957e-05	0.000144013403695466
vmr_msaldodolares2	6.4828193262293e-05	0.000488877488908932	0.000224424673266751
vm_mpagosdolares_avg6	6.40961028261071e-05	0.000726172919342126	0.000369800979836306
ctarjeta_master_avg6	6.38656162356038e-05	0.000252818248336586	9.85833078924797e-05
Visa_mpagosdolares_lag1	6.3377159789946e-05	0.000533443951318731	0.000235782197217497
vm_Finiciomora_tend6	6.28890320231297e-05	0.000388826401923741	0.000147193510401675
ctarjeta_master_transacciones_delta1	6.28418114749371e-05	0.000329845299163502	0.000255317138412781
vm_Finiciomora_avg6	6.07690771315393e-05	0.000515421484799655	0.000159913937226511
ccajas_otras	5.97119359135258e-05	0.0006679212594961	0.000112212336633375
mtarjeta_visa_descuentos	5.95792325062778e-05	0.00075416519649139	0.000179448878421795
vm_status04_avg6	5.95295643786186e-05	0.000288529137423369	0.00025895154607702
vm_msaldodolares	5.92737800035448e-05	0.000406251225182885	0.000185354790876183
mttarjeta_master_debitos_automaticos	5.92733660918724e-05	0.000152381609489158	0.000127658569206391
cseguro_accidentes_personales_lag1	5.85015840463376e-05	0.000104587570488017	9.85833078924797e-05
ctarjeta_visa_avg6	5.67140619228166e-05	0.00011872194720579	9.17687935220318e-05
cdescubierto_preacordado_delta1	5.642419954212e-05	0.00128760384552518	6.36021341241804e-05
Visa_Finiciomora_avg6	5.63251908207809e-05	0.000187951609290329	7.4959658074927e-05
cseguro_vivienda_tend6	5.588924337293e-05	0.000288906357123554	9.17687935220318e-05
vmr_mpagosdolares_delta1	5.56748665931983e-05	0.000407426060032257	0.000157188131478332
mcaja_ahorro_adicional	5.54366384727818e-05	0.000284784209315509	0.000111758035675346
mcaja_ahorro_adicional_delta1	5.51984681963305e-05	0.000621539900697459	0.000124932763458212
mtarjeta_visa_descuentos_lag1	5.51606171717969e-05	0.000242456068620663	0.000105397822262928
tcallcenter_lag1	5.5160585607635e-05	0.000291758986422543	0.000181266082253914
vmr_msaldodolares2_lag1	5.51397844412198e-05	0.000471788224539712	0.000205798333987527
cplazo_fijo_delta1	5.50266577104776e-05	0.000437199147452876	0.000120844054835943
vmr_mpagosdolares_avg6	5.47221757058452e-05	0.000472092727189258	0.000361169261633739
cseguro_auto_avg6	5.41084479921621e-05	0.000193017563818114	5.40618140055534e-05
mcaja_ahorro_adicional_lag1	5.40031391414023e-05	0.000232639266784525	8.81343858577929e-05
Visa_Fvencimiento_delta1	5.38992857938093e-05	0.000114631613107399	0.000207615537819646
ctarjeta_master_transacciones_lag1	5.24604967914031e-05	0.000192366140239482	0.000235327896259468
Master_delinquency_avg6	5.24270732843923e-05	0.000163869388551416	0.000101309113640659
Visa_Finiciomora_lag1	5.2381395034049e-05	0.000284684980840159	6.58736389143297e-05
ccajas_transacciones_delta1	5.21034329512342e-05	0.000164325385056458	0.000142650500821376
cliente_edad_delta1	5.0394420955392e-05	0.000104514853437379	0.000142650500821376
vmr_msaldodolares	4.97738953471933e-05	0.000386416134682801	0.000202618227281318
ccuenta_debitos_automaticos_delta1	4.89215182277438e-05	0.00034856160754075	0.000138561792199107
cseguro_vivienda_lag1	4.77418067849514e-05	4.29985010054159e-05	7.45053571168971e-05
cseguro_vida	4.74629377931089e-05	0.000265469500209053	9.94919098085394e-05
cinversion1_tend6	4.70115792024278e-05	0.00010887257419072	4.49757948449562e-05
ctarjeta_master_descuentos_tend6	4.65484724055741e-05	0.000382942380576278	0.000138107491241078
Master_mpagosdolares_avg6	4.52898792875331e-05	0.000498317828514162	0.000188989198540422
vm_msaldodolares_lag1	4.40225512845473e-05	0.000273686526931153	0.000142196199863346
Master_delinquency_tend6	4.39733317548035e-05	0.000166318286725508	0.000110395132801256
vmr_msaldodolares_delta1	4.33700338556598e-05	0.000449056571522544	0.000198983819617079
vmr_mpagosdolares	4.30044065622422e-05	0.000102269714498929	6.8145143704479e-05
vm_Finiciomora_lag1	4.17414964225065e-05	0.000211708118239927	6.58736389143297e-05
vmr_msaldodolares_lag1	4.16757399171714e-05	0.000254409691288571	0.000153553723814093
vm_msaldodolares_delta1	4.14576844896186e-05	0.000511080428370419	0.000175814470757556
mtarjeta_master_descuentos_tend6	4.13642932907839e-05	0.000264459036192895	9.08601916059721e-05
Visa_Finiciomora_tend6	4.11144082258702e-05	0.000200133987680036	6.63279398723596e-05
cinversion1_avg6	4.1082785803834e-05	0.00026071259314648	7.35967552008374e-05
Master_msaldodolares_lag1	4.07415588477435e-05	0.000404439358671154	0.000111303734717316
Visa_madelantopesos_avg6	4.05699681655835e-05	0.00124280938486286	0.000159459636268481
cpagodeservicios_tend6	4.04868425173882e-05	0.000748407672513266	8.81343858577929e-05
vmr_madelantopesos_avg6	4.03879254058093e-05	0.000610552808827615	6.95080465785686e-05
minversion1_pesos_tend6	4.02777038815944e-05	0.000150582619955143	5.58790178376728e-05
Visa_Finiciomora	3.94403511062711e-05	0.000225410737469536	6.36021341241804e-05
ctarjeta_master_tend6	3.9408102687256e-05	0.000664003628392974	0.00012993007399654
mforex_sell_lag1	3.83138027760424e-05	0.000259881649349085	0.000165819849680899
Master_mpagado	3.83104522636511e-05	0.000210169698137366	0.000165819849680899
Master_msaldodolares_delta1	3.75368908704403e-05	0.000161303082639314	0.000116755346213674
tcuentas_tend6	3.73604094779479e-05	0.000447074274423379	0.000109940831843226
minversion1_pesos_avg6	3.70003090731657e-05	0.000191930595404931	7.13252504106881e-05
minversion2_tend6	3.59917541064134e-05	0.00019474989605571	6.1784930292061e-05
ctarjeta_master_debitos_automaticos_lag1	3.57469652566981e-05	8.97146612247024e-05	7.35967552008374e-05
active_quarter_delta1	3.50382085149116e-05	0.000323490131925447	0.000103580618430808
vm_Fvencimiento_delta1	3.49114668949137e-05	0.000273751669289017	0.000204435431113437
mcheques_depositados	3.46597254463507e-05	0.000483590353352124	8.63171820256735e-05
mpagodeservicios_tend6	3.45842625722479e-05	0.000428795025819238	6.496503699827e-05
vm_mpagosdolares_delta1	3.39067427083831e-05	0.000253558295820684	0.000118118249087764
vm_mpagosdolares	3.38562155792607e-05	0.000111557045310109	8.1319871487345e-05
Master_mconsumosdolares	3.38555820504974e-05	0.000116743437453013	0.000134473083576839
cseguro_auto	3.35608045794463e-05	0.000105169306893122	3.99784843066277e-05
ctarjeta_visa	3.35410103570172e-05	0.000152261171874038	0.000131747277828659
ccajas_extracciones_delta1	3.29866915535601e-05	0.000189824073344259	9.767470597642e-05
ccajeros_propios_descuentos_delta1	3.27424608364052e-05	0.000367910402764693	9.58575021443005e-05
Master_mpagosdolares_delta1	3.26908773716978e-05	0.000127447993282356	8.58628810676436e-05
Visa_madelantopesos_delta1	3.22919223533757e-05	0.000785447920182026	7.85940657391658e-05
vmr_madelantopesos_tend6	3.19685517439164e-05	0.000448765703319992	3.5889775684359e-05
cplazo_fijo_lag1	3.17571179074057e-05	0.000130015814133013	8.54085801096137e-05
Visa_msaldodolares_lag1	3.16617249148363e-05	0.000185483016915023	0.000182628985128004
mcajeros_propios_descuentos_delta1	3.10241894918812e-05	0.000739697533291527	0.000134018782618809
mcajeros_propios_descuentos_lag1	3.08392340712645e-05	0.000972329225383277	0.000114938142381555
vmr_madelantopesos_delta1	3.05832894152183e-05	0.000474986259829231	4.5430095802986e-05
tcuentas_lag1	3.05681022102579e-05	0.000256211710699695	8.22284734034047e-05
mpagodeservicios_avg6	3.01818434516816e-05	0.000240995667853682	4.77016005931353e-05
ctarjeta_master_debitos_automaticos	3.00898930111657e-05	0.0001144869364754	8.81343858577929e-05
cseguro_vivienda	2.9768761018031e-05	4.79197789012019e-05	8.22284734034047e-05
Master_Finiciomora	2.96428582517957e-05	0.000431296189373476	4.95188044252548e-05
Visa_fechaalta_delta1	2.88369087933143e-05	6.77336602615173e-05	0.000103580618430808
ccheques_emitidos_avg6	2.8769367981723e-05	0.000619205380384267	6.1784930292061e-05
ctarjeta_debito_delta1	2.8395822490249e-05	0.000333029700006027	8.17741724453749e-05
mtarjeta_master_descuentos	2.71617337951817e-05	0.000143148816465957	4.90645034672249e-05
mcheques_depositados_delta1	2.62079560198507e-05	0.000662633366470014	0.000109486530885196
vm_status03_avg6	2.59619221746683e-05	7.59499295143402e-05	0.000133110180702749
ccajas_depositos_delta1	2.55892994658722e-05	0.000225035790177183	8.58628810676436e-05
ccajas_extracciones_lag1	2.51162546762422e-05	0.000181221494759922	7.90483666971957e-05
vmr_mpagosdolares_lag1	2.50427880142168e-05	0.000248496886108564	0.000121752656752003
mcheques_emitidos_avg6	2.48082847842787e-05	0.00052749327267485	6.85994446625089e-05
cpagodeservicios_avg6	2.47671922307278e-05	0.00013995911333849	4.17956881387472e-05
ccajas_transacciones_lag1	2.44669442355413e-05	9.77764067449194e-05	0.000142196199863346
Master_Finiciomora_avg6	2.43547317205135e-05	0.000232760461868922	4.08870862226874e-05
mcheques_emitidos_delta1	2.41390558053093e-05	0.000468610640920684	5.40618140055534e-05
ccheques_emitidos_rechazados_avg6	2.38309167299074e-05	6.42796003562096e-05	1.9534941195284e-05
ccheques_emitidos_tend6	2.36505285087609e-05	3.80605587855253e-05	3.49811737682992e-05
ctarjeta_master_descuentos_delta1	2.34331411692211e-05	0.000524146773406945	5.13360082573742e-05
cinversion2_avg6	2.33693947368022e-05	0.000276229351295653	5.36075130475235e-05
cforex_delta1	2.31724204402949e-05	0.000469583231472968	0.000101763414598689
mpayroll2_delta1	2.24293206052127e-05	9.6686408454626e-05	2.13521450274034e-05
ccajas_depositos	2.23455593557668e-05	0.00031431339162878	7.63225609490165e-05
mpayroll2_tend6	2.20748035080755e-05	7.89260263055582e-05	1.81720383211944e-05
ctarjeta_master_descuentos	2.20027676212242e-05	0.000165297975608742	4.81559015511652e-05
Visa_cadelantosefectivo_delta1	2.18456666995453e-05	0.000419075937519895	3.95241833485978e-05
cseguro_accidentes_personales_delta1	2.16596691743787e-05	0.00010824463215969	1.9534941195284e-05
mtarjeta_master_descuentos_delta1	2.11031477940031e-05	0.000155793251114926	5.13360082573742e-05
vm_Finiciomora	2.02882197040308e-05	0.00022666586406232	7.95026676552256e-05
Master_mpagosdolares	2.00438947363328e-05	6.07922118026928e-05	6.85994446625089e-05
cforex_sell_lag1	2.00047131358513e-05	0.000171219870420079	4.86102025091951e-05
cinversion2	1.9977691761979e-05	0.000293363306352245	4.95188044252548e-05
ctarjeta_visa_descuentos	1.97368378970094e-05	0.000149338855401521	6.1784930292061e-05
Master_mconsumosdolares_delta1	1.95664054965629e-05	0.00011966272404842	0.000102672016514748
Master_Finiciomora_tend6	1.93230223434327e-05	0.00023023051448214	4.31585910128367e-05
vm_mpagosdolares_lag1	1.92767915132544e-05	0.000358000432207425	0.000133110180702749
Master_madelantopesos_avg6	1.92075653339106e-05	1.80868514076616e-05	1.86263392792243e-05
minversion2_delta1	1.91977668976961e-05	0.000153364804611326	7.58682599909867e-05
cforex_lag1	1.91873016795363e-05	0.000192272971518352	6.22392312500909e-05
mforex_buy_tend6	1.90319923153917e-05	0.000576945411924394	8.49542791515839e-05
ccajeros_propios_descuentos	1.89753363578147e-05	0.000127535102249267	5.45161149635832e-05
vm_madelantopesos_avg6	1.84026696421666e-05	0.000701711963964472	8.76800848997631e-05
minversion2_avg6	1.82897462830038e-05	0.000115083064796777	4.49757948449562e-05
cforex_buy_avg6	1.82806577129318e-05	0.000473818242203357	5.90591245438818e-05
mcheques_emitidos_tend6	1.80130067807356e-05	0.000344836373634104	5.58790178376728e-05
ctarjeta_visa_delta1	1.79784857787483e-05	4.4563432532689e-05	1.59005335310451e-05
cseguro_auto_lag1	1.79517634331316e-05	5.16828862717213e-05	2.90752613139111e-05
minversion2_lag1	1.77513862233383e-05	0.000100801739039174	5.08817072993444e-05
Master_madelantopesos_tend6	1.76944175982664e-05	3.54980402198113e-05	2.68037565237618e-05
ctarjeta_master_descuentos_lag1	1.74952001547447e-05	0.000506412145213311	3.04381641880006e-05
cforex_sell_delta1	1.73667153821165e-05	0.000316416883812341	6.45107360402402e-05
mcheques_depositados_lag1	1.71471508150271e-05	0.000227569524910353	6.1784930292061e-05
Visa_cadelantosefectivo_avg6	1.6922149630659e-05	0.000981121928756262	0.000109940831843226
ctarjeta_visa_tend6	1.6643439011544e-05	6.99939485855169e-05	5.81505226278221e-05
Visa_delinquency_lag1	1.65656372945094e-05	8.78126558689507e-05	4.45214938869263e-05
cforex_buy_tend6	1.64171389796097e-05	0.000555324966337289	7.17795513687179e-05
ctarjeta_visa_descuentos_delta1	1.60867502235993e-05	0.000171138063738111	6.85994446625089e-05
cinversion1	1.5873024036937e-05	0.000290005445045177	2.99838632299708e-05
mforex_sell	1.57838108590694e-05	0.000190211140145052	8.94972887318825e-05
cinversion2_lag1	1.57816950820544e-05	0.000141557373513972	4.08870862226874e-05
vm_status03	1.57565213040064e-05	3.18606727493535e-05	4.72472996351055e-05
Master_mpagosdolares_lag1	1.56735670297831e-05	0.000141326345384341	8.40456772355242e-05
cseguro_vida_delta1	1.55106920748205e-05	0.000474222730797531	3.18010670620902e-05
mforex_buy_delta1	1.53567648721698e-05	0.000393999917088928	5.17903092154041e-05
Visa_madelantopesos_tend6	1.5304652827436e-05	0.000370343394083958	7.54139590329568e-05
minversion2	1.52959724795823e-05	0.000361294666095184	5.26989111314638e-05
ccaja_ahorro_delta1	1.51651649004109e-05	6.56907656201544e-05	1.40833296989257e-05
ccheques_depositados_delta1	1.46099619147596e-05	0.000249749740293515	6.496503699827e-05
Master_madelantopesos	1.45847015040053e-05	8.92829037365389e-06	3.13467661040604e-05
minversion1_pesos_delta1	1.44947007905131e-05	0.000173560450487492	4.81559015511652e-05
ccajas_otras_lag1	1.43841587854355e-05	0.000170219253504528	5.49704159216131e-05
vmr_madelantopesos_lag1	1.4081037177976e-05	0.000217646677375368	3.04381641880006e-05
mprestamos_prendarios_tend6	1.36389475755143e-05	0.000439700311007114	4.90645034672249e-05
ccajas_depositos_lag1	1.2931756073334e-05	7.00901471837568e-05	4.5430095802986e-05
ctarjeta_visa_descuentos_lag1	1.29141848178079e-05	3.30733810625986e-05	2.86209603558812e-05
Visa_delinquency	1.23018605003718e-05	5.61618021094591e-05	8.81343858577929e-05
Visa_delinquency_delta1	1.22757033686953e-05	8.12484271103111e-05	4.27042900548069e-05
ccheques_emitidos_delta1	1.20506502919812e-05	4.48141548635348e-05	1.36290287408958e-05
Master_cadelantosefectivo_avg6	1.18584838647804e-05	7.86177363096239e-06	1.09032229927166e-05
Master_madelantodolares	1.17594740404777e-05	1.78989990268467e-06	1.18118249087764e-05
Visa_madelantopesos	1.15308211681192e-05	0.000257403209873171	7.8139764781136e-05
vm_status04_lag1	1.13632467837441e-05	0.000141048354159505	4.08870862226874e-05
mprestamos_hipotecarios	1.13302800891239e-05	9.29679917714779e-05	2.04435431113437e-05
ccheques_emitidos_rechazados_tend6	1.12178454086556e-05	3.30733810625986e-05	1.36290287408958e-05
Visa_cadelantosefectivo_tend6	1.09811755399969e-05	0.000407826761280043	5.5424716879643e-05
mforex_buy_avg6	1.05465550687313e-05	0.00023629254110981	5.67876197537325e-05
vm_fechaalta_delta1	1.04733273210791e-05	0.000103775563422559	8.22284734034047e-05
mpayroll2_avg6	1.030659612694e-05	3.26514706750424e-05	1.40833296989257e-05
mprestamos_hipotecarios_delta1	1.02613546221017e-05	7.66324093333495e-05	1.86263392792243e-05
ccajas_extracciones	1.02260973999713e-05	0.000300577443750962	7.40510561588672e-05
ccheques_depositados	1.02071856343214e-05	0.000222942145094229	5.90591245438818e-05
mforex_buy	1.02061705427371e-05	0.000265697498461574	3.99784843066277e-05
cseguro_vida_lag1	9.99568920388334e-06	0.00015685901038834	4.67929986770756e-05
ccajeros_propios_descuentos_lag1	9.86372121536829e-06	5.66624893018732e-05	2.86209603558812e-05
Visa_madelantodolares_tend6	9.7294991846472e-06	2.32618815114033e-06	9.08601916059721e-06
mtarjeta_master_descuentos_lag1	9.72849223834797e-06	0.000204342486985714	4.27042900548069e-05
mcheques_emitidos_rechazados_tend6	9.48214149079234e-06	1.80936686311589e-05	1.3174727782866e-05
Master_delinquency_delta1	9.32533915373996e-06	6.76276145626702e-05	2.49865526916423e-05
Master_cadelantosefectivo_tend6	9.30784273402586e-06	2.04940887714923e-05	9.08601916059721e-06
vm_status05_lag1	9.2807546494944e-06	9.41132853190273e-05	3.27096689781499e-05
mprestamos_hipotecarios_lag1	9.24131348206667e-06	9.6500071012366e-05	1.86263392792243e-05
Master_mconsumosdolares_lag1	9.10245498991208e-06	6.75427780035924e-05	9.94919098085394e-05
mcajeros_propios_descuentos	8.9998935637123e-06	0.000231821957434125	6.13306293340311e-05
vm_cadelantosefectivo_tend6	8.32054011803194e-06	0.000184829320928558	2.31693488595229e-05
Master_delinquency	7.85073141971438e-06	5.24888335829597e-05	6.99623475365985e-05
ccheques_depositados_rechazados_avg6	7.73772395819364e-06	1.59523029837237e-06	3.63440766423888e-06
mpayroll2	7.68985350269332e-06	5.62496685456467e-05	8.17741724453749e-06
ccaja_seguridad_delta1	7.48970591845819e-06	0.000314895885503162	1.77177373631646e-05
Master_madelantodolares_avg6	7.18533052808575e-06	6.42636935013826e-06	4.08870862226874e-06
cforex_buy_delta1	7.07279470939086e-06	0.000150758352827518	2.54408536496722e-05
cseguro_vivienda_delta1	6.98897988567063e-06	8.7258945827113e-05	1.45376306569555e-05
vm_status02_lag1	6.91168545911044e-06	5.01914292643636e-05	1.45376306569555e-05
Visa_cadelantosefectivo	6.79708074043471e-06	0.000207031502920767	4.13413871807173e-05
cpayroll2_trx_tend6	6.71623231340595e-06	5.77024946198529e-05	9.08601916059721e-06
mprestamos_prendarios	6.68277479175263e-06	0.000118796179194983	2.63494555657319e-05
cpayroll2_trx_delta1	6.64014254452666e-06	5.46498934316095e-05	9.99462107665693e-06
ctarjeta_master_delta1	6.45484936109e-06	0.000501571159060938	3.40725718522395e-05
minversion1_pesos_lag1	6.30913467027887e-06	9.597590227235e-05	3.45268728102694e-05
Master_cadelantosefectivo	6.3078590227203e-06	3.05866094246326e-06	8.17741724453749e-06
ccheques_depositados_lag1	6.30688366565029e-06	0.000150847734202261	3.77069795164784e-05
mpagodeservicios_delta1	6.29510333977374e-06	0.00020185798775558	2.95295622719409e-05
vm_madelantopesos_tend6	6.26473195805293e-06	0.000198274400603824	2.40779507755826e-05
cinversion2_tend6	6.25902297900142e-06	4.85393887701803e-05	1.68091354471048e-05
cforex	6.21126151916223e-06	5.07012060881075e-05	3.45268728102694e-05
mcheques_emitidos_rechazados_delta1	5.96660440667088e-06	2.34474614843859e-05	9.08601916059721e-06
cprestamos_prendarios_avg6	5.9441922820702e-06	3.73371756255322e-05	2.2715047901493e-05
mplazo_fijo_pesos_tend6	5.9385880516761e-06	2.23006529982815e-05	8.63171820256735e-06
minversion1_pesos	5.87770920826474e-06	0.000124858205822653	3.18010670620902e-05
Master_madelantodolares_tend6	5.65810866841653e-06	1.62477160019408e-06	2.2715047901493e-06
cpagodeservicios_lag1	5.57571028739194e-06	3.5210201894369e-05	1.27204268248361e-05
mcheques_emitidos_lag1	5.51662536741448e-06	2.51351030346108e-05	1.49919316149854e-05
mprestamos_hipotecarios_tend6	5.22411876420371e-06	6.64467199590792e-05	1.49919316149854e-05
mplazo_fijo_pesos	5.20854390790034e-06	5.46635278786041e-05	9.99462107665693e-06
Master_status_lag1	5.19080555641249e-06	0.000125904270894853	2.22607469434632e-05
Master_madelantopesos_lag1	5.03963566222724e-06	1.53296632376353e-05	1.45376306569555e-05
Visa_cadelantosefectivo_lag1	4.83791118552237e-06	0.000109243734136685	1.90806402372541e-05
mplazo_fijo_pesos_lag1	4.54313186534758e-06	8.14809701784974e-06	4.08870862226874e-06
cinversion1_delta1	4.53467635744327e-06	1.87413048634041e-05	8.17741724453749e-06
vm_cadelantosefectivo_avg6	4.43554426353701e-06	0.000192694881905908	2.90752613139111e-05
cpagodeservicios	4.31271615657092e-06	2.02948743515151e-05	6.36021341241804e-06
mprestamos_prendarios_avg6	4.22825695496326e-06	0.000210968828225107	1.86263392792243e-05
Master_madelantopesos_delta1	4.14402506930036e-06	4.25697733943623e-06	9.99462107665693e-06
mcheques_emitidos	4.12399988536074e-06	0.000397943302147487	2.95295622719409e-05
cprestamos_prendarios_tend6	4.10431205253892e-06	0.000109224797404748	1.9534941195284e-05
mplazo_fijo_pesos_delta1	3.94592244019006e-06	2.81869467535767e-05	5.90591245438818e-06
mcheques_emitidos_rechazados_lag1	3.94164010975545e-06	1.28186525827899e-05	4.99731053832846e-06
vm_madelantopesos_delta1	3.92057725548879e-06	7.44463529985429e-05	1.09032229927166e-05
mprestamos_prendarios_delta1	3.75524627878653e-06	0.000304146638986447	3.72526785584485e-05
vm_madelantodolares_avg6	3.53097521759177e-06	7.18308115834053e-06	9.08601916059721e-07
cinversion1_lag1	3.43624120357077e-06	2.75461277448288e-05	1.54462325730153e-05
mprestamos_hipotecarios_avg6	3.24764526447378e-06	3.51889927545996e-05	7.72311628650763e-06
mforex_buy_lag1	3.16142230358635e-06	4.79197789012019e-05	8.17741724453749e-06
vm_cadelantosefectivo_delta1	3.13109120042768e-06	0.000126802629457944	1.13575239507465e-05
mprestamos_prendarios_lag1	3.11334830145932e-06	5.88296089047428e-05	1.49919316149854e-05
vm_madelantodolares_tend6	3.00058158184128e-06	4.38120230094291e-06	4.5430095802986e-07
cprestamos_hipotecarios_avg6	2.96093204822214e-06	3.03018009763002e-05	5.45161149635832e-06
mpagodeservicios_lag1	2.9027496903048e-06	5.11572025931503e-05	1.72634364051347e-05
vmr_madelantodolares_avg6	2.86212350567758e-06	5.08943607538649e-06	4.5430095802986e-07
ctarjeta_visa_lag1	2.856103559372e-06	2.40807058003589e-05	1.27204268248361e-05
mpagodeservicios	2.77482550181182e-06	5.71396949466854e-05	1.09032229927166e-05
cpayroll2_trx	2.63073245677791e-06	3.39179593069885e-05	5.45161149635832e-06
vm_status06_lag1	2.60699578684524e-06	0.000106750145275222	2.45322517336125e-05
cseguro_auto_tend6	2.47173830617423e-06	5.64344910493518e-05	1.27204268248361e-05
Master_cadelantosefectivo_lag1	2.14424573001728e-06	6.42258200375086e-06	6.8145143704479e-06
cforex_buy	2.12957502826613e-06	0.000151171173583745	2.36236498175527e-05
Visa_madelantodolares	2.1214927880017e-06	4.6006411506288e-05	3.45268728102694e-05
ccheques_emitidos_lag1	2.10284804959671e-06	3.01480347129718e-05	1.59005335310451e-05
Master_delinquency_lag1	1.92517523753741e-06	2.37284825863309e-05	1.9534941195284e-05
Master_madelantodolares_lag1	1.88388813720614e-06	4.63722691673107e-06	1.09032229927166e-05
cseguro_auto_delta1	1.78318900022521e-06	3.74591281792064e-05	4.5430095802986e-06
vm_madelantopesos	1.72342469116882e-06	4.5180769993835e-05	9.54032011862707e-06
Visa_madelantopesos_lag1	1.59092977880353e-06	0.000160498650266631	4.86102025091951e-05
cinversion2_delta1	1.48215089083648e-06	6.96568747570384e-06	2.2715047901493e-06
cprestamos_prendarios	1.4810438601322e-06	1.75710148296979e-05	1.54462325730153e-05
vm_madelantopesos_lag1	1.47965018451642e-06	9.03054872611366e-06	2.2715047901493e-06
cprestamos_hipotecarios	1.46518501020206e-06	1.73657406555009e-05	4.99731053832846e-06
vm_Finiciomora_delta1	1.43901698583084e-06	7.04999380628734e-05	9.54032011862707e-06
ccheques_emitidos_rechazados_delta1	1.38168735382983e-06	5.43332712736229e-06	2.2715047901493e-06
cprestamos_prendarios_lag1	1.27398453779993e-06	3.71334163898901e-05	1.40833296989257e-05
vm_cadelantosefectivo_lag1	1.1993534986558e-06	1.25906543302685e-05	3.63440766423888e-06
mcheques_emitidos_rechazados_avg6	1.19794927333064e-06	2.06175562637215e-05	1.09032229927166e-05
ctarjeta_master_lag1	1.11230590471735e-06	7.59741685312196e-07	4.08870862226874e-06
Master_Finiciomora_lag1	1.1081198292584e-06	6.47439290233047e-05	6.8145143704479e-06
vmr_madelantopesos	1.04898682290736e-06	4.75607384636764e-05	7.26881532847777e-06
cprestamos_hipotecarios_tend6	1.00469097987359e-06	1.74649691308508e-05	3.18010670620902e-06
cpayroll2_trx_avg6	9.70289156113439e-07	1.95783084150193e-05	7.72311628650763e-06
vm_cadelantosefectivo	9.43109034632586e-07	1.65052555562839e-05	4.08870862226874e-06
cforex_sell	8.66815564904373e-07	2.04842416708851e-05	1.45376306569555e-05
mplazo_fijo_pesos_avg6	8.29483632855313e-07	4.0205711779348e-05	7.26881532847777e-06
cpagodeservicios_delta1	8.08704183846113e-07	0.000168242258690306	1.72634364051347e-05
cliente_vip_lag1	8.02681740103037e-07	1.6296951504977e-05	8.63171820256735e-06
Visa_Finiciomora_delta1	7.79481534013999e-07	3.89134691919675e-05	5.90591245438818e-06
vmr_madelantodolares_tend6	7.11135529092296e-07	2.59584721392313e-06	9.08601916059721e-07
tcuentas_delta1	6.12466633102128e-07	8.32776873046794e-05	9.99462107665693e-06
vm_status03_lag1	6.00134592178243e-07	4.99248000786908e-06	6.36021341241804e-06
mcheques_depositados_rechazados_tend6	5.7690144474221e-07	2.70340785132525e-06	2.2715047901493e-06
ccheques_emitidos	5.05930877062878e-07	0.000222807315562838	1.36290287408958e-05
ccheques_emitidos_rechazados_lag1	3.65629080471307e-07	6.30971908140637e-06	2.2715047901493e-06
mcheques_depositados_rechazados_avg6	3.53412702462159e-07	4.23485923653382e-05	6.8145143704479e-06
Visa_madelantodolares_delta1	3.45623764392678e-07	1.81974419221737e-05	5.90591245438818e-06
Visa_madelantodolares_lag1	2.93998757620197e-07	5.0326258795755e-06	1.27204268248361e-05
vmr_madelantodolares_delta1	2.74637159338152e-07	1.86261695332272e-06	4.5430095802986e-07
ccuenta_corriente_avg6	1.82924554741849e-07	2.2974043185961e-06	1.81720383211944e-06
cprestamos_hipotecarios_lag1	1.74644426493065e-07	1.19899811932271e-05	2.72580574817916e-06
Master_cadelantosefectivo_delta1	1.23326673086567e-07	1.14930813472003e-05	4.5430095802986e-06
cprestamos_prendarios_delta1	6.39502155027786e-08	1.13037140278304e-05	2.72580574817916e-06
vmr_madelantodolares_lag1	6.22458789445764e-08	3.82521985127277e-07	4.5430095802986e-07
cliente_vip_delta1	5.03487468766134e-08	6.16579991868522e-07	4.5430095802986e-07
mpayroll2_lag1	3.0429222544626e-08	8.0973465762586e-07	9.08601916059721e-07
ccuenta_corriente	3.02937105429347e-08	1.84973997560557e-06	9.08601916059721e-07
minversion1_dolares_tend6	2.32520217954228e-08	0.000112507669253346	9.08601916059721e-06
cliente_vip_avg6	1.61657606874885e-08	3.04654143402358e-06	1.81720383211944e-06
ccheques_depositados_rechazados_tend6	1.22422194948904e-08	5.48710744606336e-06	2.2715047901493e-06
Master_Finiciomora_delta1	7.89346723030819e-09	9.87739937833603e-07	4.5430095802986e-07
mcheques_emitidos_rechazados	5.31055736786323e-09	1.53917757183887e-06	4.5430095802986e-07
Visa_madelantodolares_avg6	5.09328648288853e-09	2.89429010925015e-06	4.5430095802986e-06
cforex_buy_lag1	6.77792241959107e-11	5.612847346125e-06	3.18010670620902e-06
minversion1_dolares	1.65662747346806e-11	9.67674576673164e-05	9.08601916059721e-06
Master_madelantodolares_delta1	8.51512269948029e-12	8.33216205227732e-08	9.08601916059721e-07
minversion1_dolares_delta1	5.99790418667882e-12	5.19722395357186e-05	5.90591245438818e-06
minversion1_dolares_lag1	4.87951753763068e-12	4.15797610486963e-05	4.08870862226874e-06
minversion1_dolares_avg6	4.36369946695513e-12	4.58693095670641e-05	5.45161149635832e-06
cpayroll2_trx_lag1	3.56750683441208e-12	2.7874869411255e-07	4.5430095802986e-07
cprestamos_hipotecarios_delta1	4.60029141878383e-16	2.13530589321543e-06	4.5430095802986e-07
mcheques_depositados_rechazados	3.39996097544302e-16	9.953146306084e-07	4.5430095802986e-07
ccheques_depositados_rechazados	1.23131775490178e-16	2.30270660353846e-07	4.5430095802986e-07
