Feature	Gain	Cover	Frequency
azar_under	0.659575523946031	0.0892227699433732	0.0282768317450398
ctrx_quarter	0.057896279776626	0.0163716329617681	0.00718637712857366
ctrx_quarter_normalizado	0.0495599663672957	0.0321804143540768	0.0110920168723637
ctrx_quarter_normalizado_lag1	0.0194811651674499	0.00367270420800896	0.00156225589751601
mpayroll_sobre_edad	0.0149402281070285	0.0140529593648654	0.00499921887205124
mpasivos_margen	0.0117172666185682	0.00840116489092292	0.0140603030776441
cpayroll_trx	0.0113589149303441	0.0184730589658889	0.00640524917981565
mprestamos_personales	0.0095532036840656	0.0260180628197325	0.0151538822059053
mtarjeta_visa_consumo	0.00657397862641352	0.00643414743811123	0.00718637712857366
mcaja_ahorro	0.00640468188852021	0.00508601138589212	0.00656147476956726
mcuentas_saldo	0.00618953115095721	0.0166317815954345	0.0128104983596313
mcaja_ahorro_lag1	0.00554492299167525	0.00443915447186455	0.00515544446180284
mpayroll	0.00498100517792332	0.0118096699261371	0.00374941415403843
ccomisiones_mantenimiento_tend6	0.00419678996866986	0.0168168612879794	0.0107795656928605
mcomisiones_mantenimiento_tend6	0.003583268746931	0.0222062375654753	0.0187470707701922
mcomisiones_avg6	0.00313246397494274	0.00323236174611586	0.00484299328229964
mcomisiones_otras_avg6	0.00278511586290831	0.005093797247096	0.00656147476956726
cpayroll_trx_lag1	0.00271392567103396	0.00513133959808313	0.00203093266677082
cpayroll_trx_avg6	0.00235078963160482	0.00920271457360652	0.00515544446180284
mrentabilidad_annual_avg6	0.00189939530950557	0.00332128447670754	0.00874863302608967
mprestamos_personales_lag1	0.00183258183097989	0.00542813221413628	0.00468676769254804
mpasivos_margen_avg6	0.00166323336929258	0.00309779558628039	0.00656147476956726
mcuenta_debitos_automaticos	0.00149901273845373	0.0181649500576406	0.00796750507733167
cdescubierto_preacordado	0.00130563906581438	0.00495213870357278	0.00437431651304484
vm_msaldopesos	0.00117905291940433	0.00116887211429821	0.00171848148726761
mpayroll_lag1	0.00112947535763627	0.000784858939738443	0.000781127948758007
mrentabilidad_annual	0.00109823363032337	0.00337830724155701	0.00453054210279644
ctrx_quarter_normalizado_avg6	0.00109415892031182	0.00199143101355017	0.00203093266677082
vm_status01_avg6	0.00107781432082972	0.00248417831046938	0.00234338384627402
cprestamos_personales	0.00107736390971937	0.00461164124315049	0.00374941415403843
mcomisiones_mantenimiento	0.00107190882441642	0.00238304091908214	0.00390563974379003
ccajas_consultas_tend6	0.00102519900540915	0.0103338394458333	0.00671770035931886
ccomisiones_otras_avg6	0.000999282837422686	0.0112620433403274	0.00609279800031245
cproductos_tend6	0.000978470553453664	0.00547415390384342	0.00546789564130605
vmr_msaldopesos	0.000951510459348764	0.000285555128121232	0.000624902359006405
cdescubierto_preacordado_avg6	0.000949505415619143	0.00643893873731362	0.00453054210279644
vm_status01	0.000948183972722313	0.0114799371280675	0.00421809092329324
mactivos_margen	0.000940668618003619	0.00157873308718664	0.00312451179503203
ccomisiones_mantenimiento_avg6	0.000928089914219247	0.00389490070851967	0.00374941415403843
mactivos_margen_delta1	0.000844924369422226	0.00659300107186407	0.00687392594907046
mactivos_margen_avg6	0.000840428201456079	0.00292056479834998	0.00562412123105765
mrentabilidad_annual_lag1	0.000805042454154267	0.00231520620932203	0.00578034682080925
mcomisiones_mantenimiento_avg6	0.000771670681774666	0.00356157443604832	0.00374941415403843
mcuentas_saldo_avg6	0.00072814044538607	0.00235214964790886	0.00406186533354163
mtarjeta_master_consumo	0.000723470986131257	0.00462634611866308	0.00265583502577722
vm_msaldototal_lag1	0.000719568017609288	0.000641908006298793	0.00109357912826121
tcallcenter_tend6	0.000688380098279937	0.00376020846186309	0.00499921887205124
mcuenta_corriente_lag1	0.000682502403514328	0.0014116838100613	0.00593657241056085
ccaja_seguridad	0.000682459770362762	0.00898176318045432	0.00374941415403843
ctrx_quarter_tend6	0.000673357026423244	0.00701548648771669	0.00640524917981565
vm_msaldototal	0.000664503379829694	0.000846152895653195	0.00140603030776441
mcaja_ahorro_avg6	0.000642020545875211	0.000483716328356813	0.00374941415403843
mcuentas_saldo_tend6	0.000638693389425996	0.0006944704498513	0.00312451179503203
mttarjeta_visa_debitos_automaticos_tend6	0.000632161513991245	0.00295088867882825	0.00578034682080925
mcomisiones_tend6	0.000623112656092319	0.000227287255913251	0.00249960943602562
mcuentas_saldo_lag1	0.000617177959676242	0.00136069745177274	0.00296828620528043
mv_status07	0.000614295087860823	0.00172608129851269	0.00109357912826121
mactivos_margen_lag1	0.000608872196081319	0.00280281546828078	0.00296828620528043
ccomisiones_otras_tend6	0.000603082707100019	0.00206820212675685	0.00562412123105765
mcuenta_corriente	0.000596376352175063	0.000822543138399325	0.00328073738478363
mcomisiones_mantenimiento_delta1	0.000593163460551207	0.00220179111372867	0.00296828620528043
ctrx_quarter_delta1	0.000588403565215764	0.00627742151946472	0.00609279800031245
mpasivos_margen_lag1	0.000586596725645032	0.00145754789124205	0.00390563974379003
ccaja_seguridad_avg6	0.000580454772455423	0.00530538669378038	0.00328073738478363
vm_mpagominimo	0.00057692232667026	0.000825758352337769	0.00218715825652242
mcuenta_corriente_avg6	0.000560913551904846	0.000447576693254595	0.00421809092329324
vm_status06_tend6	0.000556782175821368	0.00190725229960297	0.000624902359006405
mv_status07_avg6	0.000545158305723256	0.000636502033843468	0.000937353538509608
ccomisiones_mantenimiento_delta1	0.000538278467369238	0.00165501561396149	0.00234338384627402
chomebanking_transacciones_lag1	0.0005241718511564	0.000940229425057965	0.00468676769254804
ccallcenter_transacciones_tend6	0.000516132640328592	0.00354170000087	0.00406186533354163
cprestamos_personales_tend6	0.000504880378427086	0.00171351989895907	0.00140603030776441
ctarjeta_visa_transacciones	0.000499437167800828	0.00134041323442579	0.00171848148726761
chomebanking_transacciones_tend6	0.000499063612848416	0.00155628963302809	0.00421809092329324
vm_status04_tend6	0.000496066264719773	0.00319571776372918	0.00171848148726761
Visa_mpagospesos_delta1	0.000488998882663009	0.00354264565202837	0.00437431651304484
mcuenta_corriente_tend6	0.000473012778462722	0.00502203808502867	0.00484299328229964
cliente_edad_lag1	0.000468422874671527	0.00280908828763127	0.00390563974379003
Visa_fultimo_cierre_tend6	0.000467799912146467	0.0129478871820516	0.00531167005155445
vmr_mpagominimo_avg6	0.000467003512893136	0.00143724791304246	0.00343696297453523
Master_Fvencimiento	0.000466901176783956	0.000921158793364252	0.00453054210279644
Master_fechaalta	0.000465853665379127	0.000666353088742553	0.00390563974379003
mrentabilidad_tend6	0.000463390479556887	0.00126728287817882	0.00374941415403843
chomebanking_transacciones_avg6	0.000456970030873746	0.00133975127861493	0.00374941415403843
cproductos	0.000453671646114348	0.00234471052546304	0.00234338384627402
vm_Fvencimiento	0.000453214945741844	0.00057900644341482	0.00296828620528043
numero_de_cliente	0.000448965273220487	0.000615855316885812	0.00437431651304484
ccomisiones_otras	0.000447938621057271	0.00413850044691474	0.00281206061552882
mautoservicio	0.000442247990310575	0.00372113730816993	0.00203093266677082
vmr_mpagominimo	0.000436140534994842	0.00158536840614784	0.00203093266677082
ccallcenter_transacciones_avg6	0.000432165387732678	0.0037186470934529	0.00343696297453523
vmr_mpagospesos_tend6	0.000424777139889551	0.00370614873730983	0.00249960943602562
mcuentas_saldo_delta1	0.00042429223557541	0.00347378648684669	0.00390563974379003
mrentabilidad_annual_delta1	0.000416664965748269	0.000644524307836939	0.00343696297453523
cliente_edad	0.000410404983649595	0.00176430136616332	0.00390563974379003
Visa_msaldototal	0.000399509793322949	0.000372854490891047	0.000937353538509608
vmr_msaldopesos2_lag1	0.000399405178215197	0.00222883673685794	0.00437431651304484
mcomisiones_otras_lag1	0.000398431492754156	0.000421839220894402	0.00171848148726761
ccaja_ahorro	0.000396624251556626	0.00287115452532536	0.00156225589751601
Visa_fechaalta_lag1	0.000391192157719948	0.00121732097531182	0.00265583502577722
vm_status03_tend6	0.000389571551561214	0.000595129795664959	0.000624902359006405
mprestamos_personales_tend6	0.000382861842185198	0.00844516919149222	0.00343696297453523
azar_sampling	0.000381859468428608	0.000523402155302903	0.00343696297453523
vmr_msaldopesos2_delta1	0.000373909695618823	0.00159985262972348	0.00374941415403843
mrentabilidad	0.000372719744801781	0.0011442063799175	0.00281206061552882
Visa_cconsumos_avg6	0.00037159243775784	0.000560723854353078	0.00296828620528043
vm_mpagospesos_tend6	0.000367957102792708	0.00108579666003576	0.00296828620528043
vm_mpagominimo_avg6	0.000359693149748284	0.000510115756527862	0.00187470707701922
Visa_msaldopesos_tend6	0.000349302167173918	0.000566350478745355	0.00171848148726761
chomebanking_transacciones	0.000348965138243994	0.000864656136651888	0.00328073738478363
tcallcenter_avg6	0.000348281623474088	0.00121292369742542	0.00156225589751601
vm_fechaalta_avg6	0.0003482506935406	0.00112214118622229	0.00234338384627402
mcomisiones_delta1	0.000345201989887051	0.00132764694378785	0.00343696297453523
mttarjeta_visa_debitos_automaticos_avg6	0.000343821313041973	0.00104141409900312	0.00281206061552882
cliente_edad_avg6	0.000343613954193856	0.00303084348426808	0.00359318856428683
Visa_cconsumos	0.000343157951664592	0.00150297066854889	0.00249960943602562
vmr_msaldopesos_lag1	0.000342711404043923	0.00182665129920491	0.00296828620528043
ctransferencias_recibidas_avg6	0.000340036672981283	0.00115949440697775	0.00281206061552882
mrentabilidad_avg6	0.000336779619755706	0.000715164449366874	0.00281206061552882
vmr_mpagominimo_tend6	0.000331343234783544	0.00124781822516912	0.00234338384627402
cproductos_delta1	0.000328989857196949	0.00139086372372461	0.00203093266677082
cliente_antiguedad	0.000328057800153326	0.00037138873159558	0.00265583502577722
thomebanking_avg6	0.000326726648829324	0.000496908162016017	0.00203093266677082
Visa_mpagospesos_tend6	0.000325112904351009	0.000317313246189688	0.00234338384627402
ctrx_quarter_lag1	0.000317786731198496	0.00144411964479325	0.000937353538509608
ctarjeta_visa_transacciones_tend6	0.000312964407580741	0.00104976735090202	0.00265583502577722
mv_status07_delta1	0.000312776307471436	0.00415342597436428	0.00218715825652242
Visa_mlimitecompra_tend6	0.000312256875928636	0.00056096026714267	0.00249960943602562
thomebanking_tend6	0.000311925888079529	0.00264235422755872	0.00296828620528043
Visa_cconsumos_tend6	0.00030700668233776	0.00183768389605251	0.00249960943602562
mpagomiscuentas_avg6	0.000305260600495351	0.0092565063636649	0.00265583502577722
mautoservicio_avg6	0.000304677435716725	0.00179618557105289	0.00281206061552882
mrentabilidad_delta1	0.000300955061152734	0.00088929034932732	0.00312451179503203
mpasivos_margen_tend6	0.000295171771367784	0.000594704252643694	0.00296828620528043
mcuenta_debitos_automaticos_avg6	0.000293992331564355	0.00168836557814653	0.00203093266677082
ccallcenter_transacciones	0.000289387450829675	0.00183375944374529	0.00156225589751601
Visa_msaldototal_lag1	0.000288866399436602	0.000684556873541097	0.00234338384627402
mttarjeta_visa_debitos_automaticos_delta1	0.000288312393964354	0.00139726262989622	0.00281206061552882
mcaja_ahorro_delta1	0.000288118004592888	0.00117185091544706	0.00281206061552882
Visa_mpagominimo_tend6	0.000287270282505204	0.000513063035971435	0.00218715825652242
ccomisiones_otras_lag1	0.000287261484076291	0.00195224953388854	0.00203093266677082
mprestamos_personales_avg6	0.000284776851249632	0.00254320270360405	0.00234338384627402
Master_msaldototal	0.000283956609908488	0.00271551610551097	0.00218715825652242
ccallcenter_transacciones_delta1	0.000279668163722316	0.00237533386214146	0.00249960943602562
ctrx_quarter_normalizado_delta1	0.000279582237603732	0.000676629164663462	0.00265583502577722
tcallcenter_delta1	0.000278705567030381	0.0018501507304903	0.00218715825652242
vmr_msaldototal	0.00027773298304084	0.00060009446424638	0.00124980471801281
Master_fechaalta_lag1	0.000277401825734579	0.00068362698323537	0.00203093266677082
mtarjeta_master_consumo_avg6	0.000276692041770068	0.00292201479679281	0.00156225589751601
Visa_mconsumospesos_tend6	0.000276539913278152	0.000787664371508262	0.00296828620528043
Visa_mfinanciacion_limite_tend6	0.000276069552924453	0.00418874604512925	0.00312451179503203
Visa_fechaalta	0.000270880172435695	0.00117992047199845	0.00218715825652242
vmr_msaldopesos2	0.000270207732424658	0.000878336556742915	0.00234338384627402
Visa_mpagado_tend6	0.000269853083953667	0.000366818084330144	0.00249960943602562
vmr_mpagospesos_avg6	0.000268141141056202	0.00168466177777626	0.00234338384627402
vm_mpagado_tend6	0.000266368626566421	0.00248151472637332	0.00187470707701922
vm_status04	0.000265869139596897	0.00190432078101203	0.000781127948758007
vmr_mpagado_avg6	0.000265075549062532	0.000725976394277524	0.00234338384627402
Visa_fechaalta_avg6	0.000263512591026634	0.00045104408083527	0.00234338384627402
vmr_msaldopesos2_avg6	0.000257663689299775	0.00144104627852856	0.00218715825652242
vmr_Master_mlimitecompra_lag1	0.000252703474259638	0.00108836567901599	0.00171848148726761
vm_status06_avg6	0.000251703095293954	9.48803328893816e-05	0.000312451179503203
ctarjeta_visa_debitos_automaticos_avg6	0.000250260155620793	0.00178977090402864	0.00234338384627402
Master_mfinanciacion_limite_delta1	0.000247506830463663	0.000193054683980405	0.00187470707701922
mcomisiones_otras	0.000246921101144489	0.000648590607817912	0.00171848148726761
Master_mfinanciacion_limite_avg6	0.000246149744856438	0.000254585052684748	0.00187470707701922
vm_msaldopesos_lag1	0.000245735840421112	0.00318236832154359	0.00187470707701922
vm_Fvencimiento_avg6	0.000244958112810941	0.00354116413188026	0.00265583502577722
mcomisiones	0.000243452015655984	0.000280543176981893	0.00203093266677082
cprestamos_personales_lag1	0.000242899213729819	0.00106951569925923	0.00140603030776441
Master_fechaalta_avg6	0.000241977742421074	0.000341711046075529	0.00234338384627402
mtransferencias_emitidas_tend6	0.000241471862780497	0.00100395055227919	0.00218715825652242
mpasivos_margen_delta1	0.000240852250703572	0.000498247834490369	0.00234338384627402
ctrx_quarter_avg6	0.000240500226817002	0.00202780706144198	0.00249960943602562
mcuenta_debitos_automaticos_tend6	0.000239794386400664	0.00130695294427227	0.00218715825652242
mcuenta_corriente_delta1	0.000239080665559521	0.00181032305587046	0.00234338384627402
ccajas_transacciones_tend6	0.000238525066256011	0.00212292380712095	0.00218715825652242
ctransferencias_recibidas_tend6	0.000237006227791121	0.00065005636711338	0.00249960943602562
Visa_Fvencimiento_avg6	0.000234470108010189	0.000328755625205916	0.00218715825652242
ctarjeta_debito_transacciones_avg6	0.000234300526098589	0.00101195706542002	0.00218715825652242
mtransferencias_emitidas	0.00023356389851975	0.00351153372891813	0.00203093266677082
mcuenta_debitos_automaticos_lag1	0.000227045557641215	0.00320321992958555	0.00124980471801281
mpayroll_sobre_edad_avg6	0.000226903411776827	0.0013138404368757	0.00187470707701922
vm_Fvencimiento_tend6	0.000226576779777156	0.00180597306054197	0.00234338384627402
vm_Fvencimiento_lag1	0.000226452138703322	0.000579053725972738	0.00203093266677082
cmobile_app_trx_tend6	0.000222909117857748	0.00153797552226107	0.00218715825652242
mpayroll_tend6	0.000222538944042562	0.00747423762549264	0.00249960943602562
Master_Fvencimiento_avg6	0.000221177922893013	0.000187223168503815	0.00203093266677082
Visa_cconsumos_delta1	0.000220159059754484	0.000673760689483086	0.00171848148726761
Visa_mfinanciacion_limite_avg6	0.00021934864225818	0.00101783586345453	0.00203093266677082
mtransferencias_recibidas_delta1	0.000215657805405108	0.0023448523731368	0.00249960943602562
vmr_msaldototal_delta1	0.000214851557622234	0.00204162932920676	0.00187470707701922
mtarjeta_visa_consumo_lag1	0.000214143186023055	0.000368126235099217	0.00124980471801281
ctarjeta_visa_debitos_automaticos_tend6	0.000214046143782045	0.000811841519457151	0.00171848148726761
Visa_msaldopesos	0.00020729324418075	0.000192471532432746	0.000781127948758007
Visa_Fvencimiento_lag1	0.00020399809311751	0.00208906949565145	0.00218715825652242
mttarjeta_visa_debitos_automaticos_lag1	0.000202862105063787	0.000827980632559929	0.00187470707701922
vm_cconsumos_tend6	0.000201901363060386	0.000571835255463878	0.00187470707701922
mtransferencias_recibidas_avg6	0.000199844460771631	0.000190091643684191	0.00187470707701922
vm_status01_tend6	0.000199749286562238	0.000792455670710649	0.00109357912826121
Master_mfinanciacion_limite_tend6	0.000198916347943336	0.000335501270135593	0.00187470707701922
mrentabilidad_annual_tend6	0.000198256576522428	0.00288641103068033	0.00234338384627402
Master_mlimitecompra_tend6	0.00019527709678335	0.000412918578300483	0.00187470707701922
cdescubierto_preacordado_lag1	0.000194666976975653	0.000105928690589624	0.000468676769254804
cprestamos_personales_avg6	0.000193688397938932	7.80950248283864e-05	0.000937353538509608
chomebanking_transacciones_delta1	0.000193521343207247	0.000485418500441871	0.00187470707701922
Visa_mconsumospesos_delta1	0.000190027388880694	0.000758207337925163	0.00171848148726761
vm_mpagominimo_tend6	0.000187983243913572	0.00157050592210886	0.00171848148726761
Visa_fultimo_cierre_avg6	0.00018764131540358	0.00026369482551034	0.00140603030776441
mcomisiones_otras_delta1	0.000187218837370288	0.000869967543991377	0.00203093266677082
mautoservicio_tend6	0.000184303257655574	0.00110474120490836	0.00203093266677082
Visa_mconsumospesos_avg6	0.000181529703050347	0.000449735930066197	0.00171848148726761
ccuenta_debitos_automaticos_tend6	0.000180781839261335	0.00184977247002696	0.00187470707701922
mtransferencias_recibidas_tend6	0.00018043124108318	0.00148216634306484	0.00218715825652242
Visa_Fvencimiento	0.000179295882822973	0.000565924935724091	0.00171848148726761
ccajas_consultas_avg6	0.000175453906200434	0.00126744048670522	0.00171848148726761
Visa_mpagado_lag1	0.000174904217882682	4.74244055920514e-05	0.000468676769254804
vm_fechaalta_lag1	0.000172755776040336	0.000294633379241545	0.00156225589751601
ccaja_ahorro_avg6	0.000172621215051465	0.00147691797913591	0.00109357912826121
Master_mpagospesos_tend6	0.00017173941072694	0.00264897378566728	0.00156225589751601
vm_status06_delta1	0.00017144553733028	0.00190926968874081	0.000937353538509608
mtransferencias_emitidas_avg6	0.000170975123604249	0.000179200894510344	0.00156225589751601
Visa_mconsumospesos	0.000169131709308775	0.0003225143275607	0.00156225589751601
vmr_msaldopesos_delta1	0.000166838885968489	0.00245978051058354	0.00124980471801281
Visa_mconsumototal_lag1	0.000166388040540794	9.83477204700567e-05	0.00124980471801281
Visa_mpagado_avg6	0.00016511936019697	0.000941726706058711	0.00156225589751601
Visa_mpagominimo_avg6	0.000164106943101826	0.00124605300967351	0.00171848148726761
vmr_mpagospesos_lag1	0.000162900412169879	0.000198555221551566	0.000937353538509608
Visa_status	0.000162175366387062	0.00238896699967457	0.000937353538509608
matm_delta1	0.000161933137393054	0.000303506739277545	0.00109357912826121
mtarjeta_visa_descuentos_avg6	0.000161491978376444	0.00218134928785533	0.00171848148726761
cliente_antiguedad_avg6	0.000160787997985873	0.000560014615984304	0.00156225589751601
mrentabilidad_lag1	0.000160708349120674	0.000514008687129801	0.00156225589751601
Visa_cconsumos_lag1	0.000160086441366323	0.000356053421977412	0.00124980471801281
ccaja_ahorro_lag1	0.000157995194649147	0.00134392790456438	0.000781127948758007
ccomisiones_mantenimiento	0.000156689399185721	0.00125905571310104	0.00124980471801281
ccajas_consultas	0.000156378924325224	0.00170210904164812	0.00124980471801281
mtransferencias_recibidas_lag1	0.000154442290582013	9.8978154575634e-05	0.00156225589751601
Master_Fvencimiento_lag1	0.000154412811708798	0.000141973760576005	0.00171848148726761
tcallcenter	0.000153700644669667	0.000604349894459026	0.000937353538509608
vm_mlimitecompra_tend6	0.000153464484109796	0.000739845944600225	0.00171848148726761
Master_mconsumospesos	0.000153455316077485	0.000196112289392454	0.000937353538509608
Master_mfinanciacion_limite	0.000150053647182861	0.000292127403671875	0.00140603030776441
mcomisiones_lag1	0.000150001447040803	0.000440815287472278	0.00109357912826121
cdescubierto_preacordado_tend6	0.000149514222364533	0.00342872620915055	0.00124980471801281
vm_fechaalta	0.000149063816591422	0.00054872984549447	0.00124980471801281
Visa_mfinanciacion_limite_delta1	0.000148811615644353	0.000788578500961349	0.00156225589751601
Visa_mpagado_delta1	0.000148081731659649	0.0018634213684127	0.00171848148726761
vm_mfinanciacion_limite_avg6	0.000146841735608449	0.000278131766528059	0.00156225589751601
ctarjeta_visa_transacciones_avg6	0.000146694932340949	0.000576831445750578	0.00124980471801281
vmr_Master_mlimitecompra	0.000146327261020974	0.00418565691801192	0.00187470707701922
ctarjeta_debito_transacciones_delta1	0.000146063484282271	0.000817641513228462	0.00140603030776441
mcaja_ahorro_dolares_delta1	0.000144481237485625	0.00113248030555376	0.00140603030776441
ctransferencias_emitidas_tend6	0.000143605143333459	0.0016080955556539	0.00140603030776441
mtarjeta_visa_consumo_tend6	0.000142082672881384	0.000852756692909117	0.00156225589751601
ctarjeta_visa_descuentos_avg6	0.000141966223793342	0.00189494307369157	0.00124980471801281
catm_trx_avg6	0.000141305476325916	8.84814267177722e-05	0.00109357912826121
vm_msaldopesos_tend6	0.000140838471757585	0.00190753599495048	0.00140603030776441
Master_mlimitecompra_delta1	0.000139989394012671	0.000152864509749853	0.00109357912826121
Master_status_avg6	0.000137955657984576	0.00130214588421725	0.000937353538509608
vmr_Visa_mlimitecompra	0.000136760761553829	0.000244655715521906	0.00124980471801281
ctrx_quarter_normalizado_tend6	0.00013650459170673	0.0014755940675142	0.00124980471801281
mtransferencias_emitidas_delta1	0.000136408059838644	0.00177505026766341	0.00140603030776441
vmr_msaldototal_lag1	0.000136152816001503	0.000536215728498761	0.000937353538509608
mpayroll_sobre_edad_tend6	0.000135618107963006	0.00207444342440206	0.00124980471801281
mtransferencias_recibidas	0.000134837915218255	0.000861503966124002	0.00109357912826121
Visa_mpagominimo_lag1	0.00013434984392337	0.000991846217452106	0.00156225589751601
Visa_mconsumototal_delta1	0.000134014378802771	0.000619417269582324	0.00124980471801281
cproductos_lag1	0.000133637540784793	0.00114929713532003	0.000937353538509608
mprestamos_personales_delta1	0.000133189270572113	0.00567937596606146	0.00171848148726761
mactivos_margen_tend6	0.000131792874240983	8.97265340762873e-05	0.00109357912826121
Master_mconsumospesos_tend6	0.000131400105249088	0.000843174094504342	0.00124980471801281
ctarjeta_visa_debitos_automaticos	0.000131283035040533	0.000618550422687155	0.00124980471801281
Visa_status_lag1	0.000131030231653268	0.00176116495648807	0.000937353538509608
cproductos_avg6	0.00013058003536656	0.000494969577141367	0.00140603030776441
mcomisiones_otras_tend6	0.000130455018684941	0.00115044767756271	0.00140603030776441
vm_mconsumospesos	0.000129623486426984	9.13971844560671e-05	0.000937353538509608
matm_avg6	0.000129476092060908	0.000149034622558471	0.000937353538509608
mplazo_fijo_dolares_delta1	0.000129395760029861	0.00447811529958922	0.00156225589751601
vm_status05_delta1	0.000129387628755096	0.00196337669585198	0.000624902359006405
Visa_mpagominimo	0.000129303744128207	0.000790989911415182	0.00109357912826121
Master_mlimitecompra_lag1	0.000126956970033377	0.000344878977456055	0.00124980471801281
Visa_msaldopesos_lag1	0.000126521140244107	0.000350663210374726	0.00124980471801281
catm_trx_other_tend6	0.000125989390367106	0.00445165282800762	0.00171848148726761
Visa_msaldototal_tend6	0.000125733449353879	0.000443888653736968	0.00140603030776441
vm_mfinanciacion_limite_delta1	0.000124322360286932	0.000212109554821478	0.00109357912826121
mcaja_ahorro_tend6	0.000124302243587886	0.000211289990484228	0.00124980471801281
mcaja_ahorro_dolares_tend6	0.000124127179003492	0.000384202304791438	0.00124980471801281
cinversion1_avg6	0.000124007568271939	0.0106027983961252	0.00203093266677082
vm_mpagominimo_lag1	0.000123145156784209	0.00109269991349183	0.000937353538509608
Master_cconsumos_avg6	0.000122151580122225	0.00052291356887108	0.00109357912826121
Visa_msaldopesos_avg6	0.000121841763742873	0.00032336541360323	0.00109357912826121
ccajas_otras_tend6	0.000121249826554345	0.0018933985101329	0.00124980471801281
Visa_mconsumospesos_lag1	0.000120820071870754	0.000100333587902625	0.00124980471801281
vmr_mpagado_lag1	0.000120547932354796	0.000245301910480122	0.000937353538509608
ctransferencias_emitidas_avg6	0.000119457897878837	0.000708418804437197	0.00124980471801281
vmr_mpagospesos	0.000117734884892582	8.91591433812678e-05	0.000624902359006405
mtarjeta_visa_consumo_avg6	0.000117442908882321	0.000264151890236883	0.000781127948758007
vmr_mpagado_tend6	0.000117337804083424	0.000227807364050353	0.00109357912826121
Master_Fvencimiento_delta1	0.000117327832797517	1.73684596086542e-05	0.000312451179503203
vm_msaldototal_delta1	0.000116194738191337	0.00110920152620532	0.00109357912826121
Master_fultimo_cierre_avg6	0.000116051614946121	0.000112248792498036	0.00109357912826121
vmr_msaldopesos_tend6	0.000113969867169714	0.000419900636019752	0.00124980471801281
vm_mfinanciacion_limite_lag1	0.000113615094608051	0.000180840023184845	0.00109357912826121
ctarjeta_visa_transacciones_lag1	0.000113010167261093	0.000522030961123272	0.000937353538509608
vm_fultimo_cierre_tend6	0.000111798773442557	0.00278273614201814	0.00140603030776441
vm_cconsumos_lag1	0.000110592974378711	0.000388835995467431	0.00109357912826121
Visa_fultimo_cierre_lag1	0.000110585104628373	0.000392713165216731	0.000937353538509608
Master_msaldopesos_avg6	0.000110463102149197	0.000935280517329184	0.00109357912826121
vmr_msaldopesos_avg6	0.000109748153077266	9.86314158175665e-05	0.000781127948758007
ctarjeta_master_debitos_automaticos_delta1	0.000108917062475356	0.00146175603889678	0.00109357912826121
ctarjeta_debito_transacciones_tend6	0.000108284951265455	6.65265589910432e-05	0.000781127948758007
vm_status02	0.000108044149314171	0.00273580032285791	0.000781127948758007
ctarjeta_visa_debitos_automaticos_lag1	0.000107510600789585	0.000193306857622636	0.000781127948758007
mplazo_fijo_dolares	0.000107490782975597	0.00303196250480548	0.00124980471801281
ctarjeta_master	0.000106176584705668	0.000144148758240247	0.000312451179503203
catm_trx_tend6	0.000105379684419571	0.00166603244995646	0.00124980471801281
Visa_mconsumototal_tend6	0.000104601112859402	0.000209367166462217	0.000937353538509608
matm_other_tend6	0.000104447272449942	0.00184836975414205	0.00124980471801281
mcomisiones_mantenimiento_lag1	0.00010424572451446	0.000233244858210957	0.00124980471801281
vm_status01_lag1	0.000104120028002763	0.00199866524491167	0.000937353538509608
vm_msaldopesos_avg6	0.000102246829277474	0.000230266057062104	0.000937353538509608
Visa_mpagospesos	0.000102236547764888	0.000470288081908016	0.00124980471801281
Master_status	0.000101684152802755	0.00055178745090652	0.000468676769254804
Visa_msaldopesos_delta1	0.000101442412832738	0.0013951349147899	0.00124980471801281
ctarjeta_master_transacciones_tend6	0.000101332375096065	0.00118220579563117	0.00124980471801281
ctarjeta_debito	0.000100653879993974	0.000242370391889188	0.000937353538509608
Visa_msaldototal_delta1	0.000100149243928731	0.000477900573732862	0.000937353538509608
mautoservicio_lag1	9.9878730934588e-05	6.43042787688832e-05	0.000468676769254804
Visa_mfinanciacion_limite	9.90718260048771e-05	0.000144448214440396	0.00109357912826121
Visa_mfinanciacion_limite_lag1	9.86771296046465e-05	0.00015294331401305	0.000937353538509608
vmr_mpagominimo_delta1	9.82892368424245e-05	0.000238288331055575	0.00109357912826121
mextraccion_autoservicio_avg6	9.75018008050814e-05	0.000107000428569105	0.000781127948758007
vm_status01_delta1	9.73741395244161e-05	0.00039414740280692	0.000312451179503203
Visa_mconsumosdolares_tend6	9.70296438052599e-05	0.000285775780058184	0.000937353538509608
vm_mconsumospesos_avg6	9.70249403685114e-05	0.00106956298181715	0.00109357912826121
mtarjeta_master_consumo_tend6	9.64314880729117e-05	0.00267165365261543	0.000937353538509608
Master_msaldopesos_tend6	9.60472019460176e-05	0.000885791440041367	0.000937353538509608
Master_Fvencimiento_tend6	9.59656463542619e-05	0.000519682594079997	0.00109357912826121
vm_mlimitecompra_avg6	9.58008205845882e-05	0.0004346685549429	0.000624902359006405
ctarjeta_debito_tend6	9.57380160273363e-05	0.000935044104539592	0.000781127948758007
mtarjeta_visa_consumo_delta1	9.54378093363426e-05	0.000245443758153877	0.00109357912826121
Visa_mpagominimo_delta1	9.54360713997852e-05	0.000457884290880783	0.000937353538509608
cmobile_app_trx_avg6	9.53783278739055e-05	0.000194063378549328	0.00109357912826121
vmr_mpagospesos_delta1	9.51110986124828e-05	0.000648921585723341	0.00109357912826121
mpayroll_delta1	9.46909569530201e-05	0.000885050679967313	0.000937353538509608
mtransferencias_emitidas_lag1	9.45717411767235e-05	0.000313042055124402	0.000781127948758007
ccuenta_debitos_automaticos_avg6	9.40842302913234e-05	4.67782106338347e-05	0.000781127948758007
vm_cconsumos	9.39700808836321e-05	0.00119309654480502	0.000937353538509608
ctarjeta_master_transacciones_avg6	9.31538357958391e-05	0.000191825337474529	0.000781127948758007
Visa_mpagospesos_lag1	9.29556649946584e-05	0.000127915080021631	0.000937353538509608
Master_msaldopesos_delta1	9.18341608575035e-05	0.000262670370088776	0.000781127948758007
Master_Finiciomora_avg6	9.10448434454611e-05	0.00447048704691174	0.00140603030776441
mcaja_ahorro_dolares	9.09780846655697e-05	0.000452446796720179	0.000937353538509608
vm_mconsumosdolares	9.08466726442804e-05	4.0552673841259e-05	0.000468676769254804
cliente_antiguedad_lag1	9.05003562614522e-05	9.14917495719037e-05	0.000937353538509608
Visa_mlimitecompra_delta1	8.99832550880941e-05	0.000108718361506803	0.000937353538509608
vm_fultimo_cierre_lag1	8.92128575005551e-05	0.000252677989515377	0.000937353538509608
vm_mlimitecompra_delta1	8.91885824296999e-05	0.000133399856740154	0.000781127948758007
vmr_mconsumospesos_avg6	8.74219262204987e-05	0.000100869456892366	0.000468676769254804
vmr_mpagado_delta1	8.67917097283798e-05	0.000587012956555651	0.000937353538509608
Master_msaldototal_avg6	8.63553842435776e-05	0.000144700388082627	0.000937353538509608
vmr_Visa_mlimitecompra_tend6	8.6336683912789e-05	0.00157449341782663	0.00109357912826121
Master_mconsumosdolares_avg6	8.55492939090822e-05	0.000840715401492591	0.000624902359006405
ccajas_otras_avg6	8.4600322506327e-05	0.00115761886551365	0.000937353538509608
catm_trx_other_avg6	8.44244499982588e-05	0.00126370516462967	0.00109357912826121
ctarjeta_debito_transacciones	8.38513612487404e-05	0.000460737005208521	0.000781127948758007
vmr_mconsumospesos_delta1	8.38132353906037e-05	0.000825080635674274	0.00109357912826121
vmr_mconsumosdolares_avg6	8.37580383921096e-05	0.000208610645535524	0.000937353538509608
vmr_Master_mlimitecompra_avg6	8.33491936538471e-05	0.00102360433552056	0.000937353538509608
vmr_Master_mlimitecompra_tend6	8.3331518071831e-05	0.000255057878263931	0.000781127948758007
vmr_msaldodolares_delta1	8.32026345647653e-05	0.00151371957004898	0.00109357912826121
cseguro_vida_avg6	8.29577983323443e-05	0.0028578996482556	0.000937353538509608
Master_mpagominimo_tend6	8.285271488238e-05	0.0011274210718565	0.000937353538509608
Visa_mpagospesos_avg6	8.24675941456459e-05	0.000528303780473766	0.000781127948758007
vm_msaldopesos_delta1	8.20955129367484e-05	0.000761485595274165	0.000781127948758007
vmr_msaldototal_tend6	8.19930887632208e-05	0.000133478661003351	0.000624902359006405
vmr_msaldopesos2_tend6	8.18598140475483e-05	5.35711381214299e-05	0.000781127948758007
mpagomiscuentas	8.17823854713565e-05	0.000747222023635479	0.000781127948758007
matm_tend6	8.17506369397274e-05	0.000573458623285739	0.000781127948758007
mcaja_ahorro_dolares_avg6	8.15967658411756e-05	7.86151329654876e-05	0.000781127948758007
Master_msaldopesos	8.08910248308054e-05	0.00144188160371845	0.000781127948758007
thomebanking_delta1	8.06529408655236e-05	0.00148884894458396	0.000937353538509608
vm_cconsumos_avg6	8.03327395646928e-05	5.74955904286485e-05	0.000624902359006405
Visa_mconsumototal_avg6	8.02741934523722e-05	0.000143865062892737	0.000781127948758007
Master_mpagospesos_delta1	8.00569733987832e-05	0.000768987761130535	0.000781127948758007
mcajeros_propios_descuentos_avg6	7.99754751822842e-05	0.00104582713774216	0.000624902359006405
Master_fultimo_cierre_tend6	7.95079635768002e-05	0.00106956298181715	0.000937353538509608
ccajas_extracciones_tend6	7.89422095199928e-05	0.0012101970699188	0.000781127948758007
vmr_Visa_mlimitecompra_avg6	7.81759963232745e-05	0.000292631750956337	0.000781127948758007
vmr_mconsumototal_avg6	7.6505165465916e-05	0.000124100953682889	0.000781127948758007
mextraccion_autoservicio_tend6	7.64562623996609e-05	0.000155874832603984	0.000781127948758007
ctransferencias_recibidas_lag1	7.48524365020746e-05	6.51238431061337e-05	0.000624902359006405
Visa_delinquency_tend6	7.4780701419388e-05	4.92211427929467e-05	0.000312451179503203
mpagomiscuentas_tend6	7.45916592884242e-05	0.000351892556880602	0.000937353538509608
Visa_mconsumosdolares_avg6	7.44253751197814e-05	0.000243678542658261	0.000781127948758007
Master_mpagospesos_lag1	7.43344446779279e-05	0.000250597556966971	0.000781127948758007
ctarjeta_debito_avg6	7.41668248666794e-05	9.54162018791223e-05	0.000781127948758007
vmr_mconsumospesos_tend6	7.24497769056685e-05	8.12471953562728e-05	0.000781127948758007
vmr_msaldodolares_avg6	7.23303136151827e-05	0.00135094148398893	0.000781127948758007
vm_mpagospesos_delta1	7.14231294125323e-05	0.000318195853937496	0.000624902359006405
Visa_mconsumosdolares	7.10550177708198e-05	3.66755040919587e-05	0.000624902359006405
Master_mconsumosdolares	7.07953507016728e-05	2.67619277817558e-05	0.000156225589751601
Master_mpagospesos_avg6	7.04571415760599e-05	0.000967038635397639	0.000937353538509608
Master_cconsumos_tend6	7.04480556037085e-05	8.35325189889905e-05	0.000468676769254804
matm_other_delta1	7.04058140716284e-05	0.000133147683097923	0.000624902359006405
matm_other_lag1	6.9356461988503e-05	0.00048269187293525	0.000781127948758007
Master_mlimitecompra_avg6	6.93174855088267e-05	0.00044797071457058	0.000781127948758007
vm_mpagospesos_lag1	6.89477606883825e-05	0.00042135063446258	0.000468676769254804
vmr_Visa_mlimitecompra_lag1	6.84298355796507e-05	7.94819798606564e-05	0.000624902359006405
cprestamos_personales_delta1	6.77423986105047e-05	0.00181754152637932	0.000624902359006405
Visa_status_delta1	6.7001821479105e-05	0.000135433006730641	0.000156225589751601
vmr_msaldototal_avg6	6.53919211429946e-05	3.08597494680082e-05	0.000312451179503203
ctarjeta_debito_transacciones_lag1	6.49411918001216e-05	0.000137702569510719	0.000468676769254804
cextraccion_autoservicio_avg6	6.48091566568574e-05	0.000345336042182598	0.000624902359006405
Visa_mpagosdolares_lag1	6.47744359534957e-05	0.00393627294669818	0.000937353538509608
ccaja_seguridad_lag1	6.4668256369265e-05	0.000449073974255341	0.000312451179503203
mcheques_depositados	6.42043267144054e-05	0.00130619642334558	0.000781127948758007
mautoservicio_delta1	6.41406802086178e-05	0.000160067219406073	0.000624902359006405
Master_msaldototal_delta1	6.39606793506775e-05	0.0001787438297838	0.000468676769254804
Master_msaldototal_tend6	6.3891986490909e-05	0.000731303562469652	0.000468676769254804
ctarjeta_visa_transacciones_delta1	6.34651065745442e-05	7.90249151341129e-05	0.000468676769254804
cforex_avg6	6.32463987672036e-05	0.00300851035607801	0.000937353538509608
vm_fultimo_cierre	6.31815527182566e-05	0.00023510463882241	0.000781127948758007
vm_mpagospesos	6.30712281052999e-05	0.000387795779193228	0.000624902359006405
vm_mconsumosdolares_tend6	6.20697563411197e-05	0.000285271432773722	0.000781127948758007
Master_mpagominimo	6.18133409812936e-05	0.000692074800250106	0.000468676769254804
ccheques_emitidos_avg6	6.17923950096405e-05	0.00330402634306736	0.000781127948758007
vm_mfinanciacion_limite_tend6	6.14601956085992e-05	9.27210960777794e-05	0.000781127948758007
vm_mconsumototal_avg6	6.06960746072913e-05	0.000510557060401766	0.000781127948758007
Master_mpagosdolares_tend6	5.96284898684357e-05	3.73689816080937e-05	0.000312451179503203
ctarjeta_debito_lag1	5.903848275686e-05	0.000120412914165262	0.000468676769254804
vmr_msaldodolares_tend6	5.8200619206032e-05	0.000944059312249347	0.000624902359006405
vm_mpagominimo_delta1	5.77284775507559e-05	0.000104273801062483	0.000624902359006405
vmr_mconsumospesos_lag1	5.76502423851983e-05	4.66994063706375e-05	0.000624902359006405
catm_trx_other_delta1	5.73967251429942e-05	0.000112674335519301	0.000781127948758007
mv_status07_tend6	5.7166503589355e-05	0.00158221623561996	0.000781127948758007
Master_fultimo_cierre	5.64314458242277e-05	8.65743635484009e-05	0.000312451179503203
mcaja_ahorro_dolares_lag1	5.64282701704798e-05	9.98450014708028e-05	0.000624902359006405
cmobile_app_trx_lag1	5.63922812070814e-05	0.000193953052580852	0.000624902359006405
mextraccion_autoservicio	5.58619857261241e-05	7.22004659412388e-05	0.000468676769254804
vm_mpagospesos_avg6	5.53633720613811e-05	0.000120791174628608	0.000468676769254804
catm_trx_delta1	5.519234909682e-05	0.00170365360520678	0.000781127948758007
ccajas_transacciones_avg6	5.42212388507937e-05	0.000528161932800011	0.000468676769254804
Visa_mlimitecompra_avg6	5.41880205785749e-05	7.95135015659353e-05	0.000624902359006405
Master_mconsumospesos_avg6	5.40308610772242e-05	9.52113107948097e-05	0.000468676769254804
vm_mconsumototal	5.40166667055561e-05	3.84722412928539e-05	0.000312451179503203
mforex_sell_avg6	5.39549883045072e-05	0.0013627621234685	0.000781127948758007
mpayroll_avg6	5.39012343604368e-05	0.000468097323391135	0.000468676769254804
cpagomiscuentas_lag1	5.37502453678075e-05	0.000694360123882824	0.000624902359006405
ccomisiones_otras_delta1	5.3681319004087e-05	0.000815088255100874	0.000624902359006405
vmr_mconsumototal	5.3547984244541e-05	9.14129453087066e-05	0.000468676769254804
cmobile_app_trx	5.28824979811961e-05	0.000312868685745368	0.000468676769254804
Visa_mpagosdolares_avg6	5.25125169735588e-05	0.000452304949046424	0.000624902359006405
cextraccion_autoservicio_tend6	5.25118711683428e-05	0.00039192512258476	0.000624902359006405
ctarjeta_visa_debitos_automaticos_delta1	5.20133849300422e-05	0.0001099161863074	0.000624902359006405
ctransferencias_recibidas	5.16241605281393e-05	4.46504955275113e-05	0.000624902359006405
vm_mpagado_avg6	5.15922178546529e-05	0.000166481886430322	0.000468676769254804
Visa_mconsumosdolares_lag1	5.14639174403132e-05	0.00040634630274984	0.000312451179503203
ctransferencias_emitidas_lag1	5.1462790616956e-05	0.000128860731179997	0.000624902359006405
Master_cconsumos_lag1	5.13330111218686e-05	0.000103848258041219	0.000468676769254804
cpagomiscuentas_tend6	5.13192250485395e-05	0.000180162306521349	0.000624902359006405
vm_msaldototal_tend6	4.94949360610473e-05	0.000410412602730814	0.000468676769254804
Visa_mlimitecompra	4.94445499111196e-05	4.24912587159091e-05	0.000468676769254804
Master_mfinanciacion_limite_lag1	4.93519115546454e-05	8.32173019362018e-05	0.000468676769254804
vm_mconsumospesos_lag1	4.93340718527087e-05	0.000366502867277356	0.000624902359006405
active_quarter_avg6	4.90499789358689e-05	6.81341659602652e-05	0.000468676769254804
ccajas_otras_delta1	4.86493421950981e-05	0.00105399125940939	0.000468676769254804
mprestamos_prendarios	4.8282331357731e-05	0.00508580649480781	0.000937353538509608
vm_fultimo_cierre_avg6	4.7990754972805e-05	0.000166119386819615	0.000624902359006405
mpagomiscuentas_lag1	4.79738619626054e-05	6.61325376750574e-05	0.000468676769254804
cextraccion_autoservicio	4.7918129906484e-05	0.000542788004049404	0.000624902359006405
Visa_fultimo_cierre	4.77772442962829e-05	0.000161706348080574	0.000468676769254804
mcheques_emitidos_avg6	4.7503280113729e-05	0.00229771166289226	0.000624902359006405
Master_mpagominimo_delta1	4.72635389375417e-05	0.000157230265930975	0.000312451179503203
vm_mpagado_delta1	4.7099847997075e-05	0.000150122121390591	0.000624902359006405
ccajeros_propios_descuentos_tend6	4.68844379326915e-05	0.000284924694015655	0.000468676769254804
ctarjeta_debito_delta1	4.63116727529352e-05	0.000935611495234612	0.000624902359006405
foto_mes	4.54831266769482e-05	6.22553679257571e-05	0.000468676769254804
cpagomiscuentas_avg6	4.5018445139363e-05	4.48711474644634e-05	0.000468676769254804
cextraccion_autoservicio_delta1	4.3344381920154e-05	0.000131934097444687	0.000468676769254804
mtarjeta_visa_descuentos	4.33425979499603e-05	0.000933641388654683	0.000468676769254804
vm_status05	4.27556330613027e-05	0.000407906627161144	0.000156225589751601
ctransferencias_emitidas_delta1	4.2732414762619e-05	0.000134392790456438	0.000468676769254804
mttarjeta_master_debitos_automaticos_delta1	4.21480350962877e-05	0.000662980266277714	0.000468676769254804
Visa_Fvencimiento_tend6	4.20104885926009e-05	4.87798389190426e-05	0.000312451179503203
Master_mconsumototal_tend6	4.15322911791169e-05	0.000142619955534222	0.000468676769254804
vm_msaldodolares_avg6	4.08961690384735e-05	0.000438183225081493	0.000468676769254804
thomebanking	4.00572640600194e-05	4.93314687614227e-05	0.000468676769254804
vm_status03_delta1	3.99637850893178e-05	0.000858903425438495	0.000312451179503203
vmr_mpagosdolares_avg6	3.9189323865859e-05	0.000876445254426183	0.000468676769254804
ccajas_depositos_tend6	3.88358088897662e-05	0.00073414051594475	0.000468676769254804
active_quarter_delta1	3.87009129895123e-05	0.000790674694362394	0.000468676769254804
Visa_msaldototal_avg6	3.84113040421709e-05	7.42336159317255e-06	0.000156225589751601
Visa_mlimitecompra_lag1	3.81900090110415e-05	3.03081196256281e-05	0.000468676769254804
Master_mpagospesos	3.81533649022691e-05	2.98195331938057e-05	0.000312451179503203
Master_mpagominimo_avg6	3.77400368881273e-05	0.000313294228766633	0.000468676769254804
vm_fechaalta_tend6	3.72739169661975e-05	7.21847050885993e-05	0.000312451179503203
cpagodeservicios_avg6	3.72221644845732e-05	0.000207286733913812	0.000312451179503203
vmr_mconsumosdolares	3.70257096038631e-05	0.000650434627576726	0.000468676769254804
matm	3.68013983688273e-05	5.65499392702826e-05	0.000312451179503203
vm_status02_tend6	3.66389183131406e-05	0.000147032994273263	0.000156225589751601
vmr_mconsumosdolares_tend6	3.60930661317435e-05	0.000439901158019191	0.000468676769254804
cpagomiscuentas	3.52189407514703e-05	0.000217972592003347	0.000312451179503203
vmr_Visa_mlimitecompra_delta1	3.48605655574041e-05	3.10488796996814e-05	0.000312451179503203
ccajas_depositos_delta1	3.42417093661295e-05	0.000447466367286119	0.000312451179503203
Visa_mpagosdolares	3.38395675255992e-05	9.56053321107955e-05	0.000312451179503203
Visa_mconsumosdolares_delta1	3.32595930781119e-05	4.5548864127959e-06	0.000156225589751601
cpagomiscuentas_delta1	3.30398992169394e-05	0.000474748403204976	0.000468676769254804
vm_status06	3.28466967127042e-05	0.000368157756804496	0.000156225589751601
cplazo_fijo_tend6	3.28373058509069e-05	0.0029941995018814	0.000624902359006405
Master_fultimo_cierre_delta1	3.2593295555322e-05	9.83477204700567e-06	0.000156225589751601
matm_other_avg6	3.24102244539893e-05	0.000866295265326389	0.000468676769254804
ccajas_depositos_avg6	3.22126554258507e-05	0.000847697459211859	0.000468676769254804
ctarjeta_master_descuentos_tend6	3.21294993312922e-05	0.000167522102704525	0.000312451179503203
vmr_msaldodolares2_avg6	3.20087030668173e-05	0.00063201019084123	0.000312451179503203
vm_mfinanciacion_limite	3.17266836650717e-05	0.000102902606882853	0.000312451179503203
vmr_Master_mlimitecompra_delta1	3.1437050700181e-05	9.10504456979996e-05	0.000312451179503203
Master_fultimo_cierre_lag1	3.13131875280844e-05	9.74335910169696e-05	0.000468676769254804
vm_cconsumos_delta1	3.06475258031983e-05	1.53668313234464e-05	0.000312451179503203
Master_fechaalta_tend6	3.06459406449409e-05	2.01581305258337e-05	0.000312451179503203
mtarjeta_master_consumo_delta1	3.03823587152493e-05	0.00135510234908574	0.000468676769254804
vm_mconsumospesos_delta1	2.98812699086145e-05	4.02532176411098e-05	0.000312451179503203
Master_mlimitecompra	2.94424205796677e-05	0.00075968885807327	0.000468676769254804
mcheques_depositados_delta1	2.93454603986181e-05	0.00210085861342575	0.000468676769254804
Master_mpagosdolares_avg6	2.9093262120166e-05	0.000381191981937306	0.000312451179503203
ctarjeta_master_transacciones	2.90353131108085e-05	0.000675557426683981	0.000468676769254804
Visa_Fvencimiento_delta1	2.86809635248756e-05	2.01266088205549e-05	0.000312451179503203
thomebanking_lag1	2.82390339452242e-05	1.76363941035246e-05	0.000312451179503203
Visa_mpagosdolares_tend6	2.73360761641059e-05	0.00106648961555246	0.000468676769254804
vm_status04_delta1	2.68687747121787e-05	0.00234187357198795	0.000468676769254804
vm_mconsumototal_delta1	2.66145903158259e-05	9.89466328703551e-05	0.000312451179503203
vm_mconsumosdolares_avg6	2.65721252871059e-05	0.000246799191480868	0.000312451179503203
vm_mpagosdolares_avg6	2.64680479055978e-05	0.000162967216291729	0.000312451179503203
mplazo_fijo_dolares_tend6	2.63994931467381e-05	0.000468050040833217	0.000312451179503203
vm_status02_avg6	2.60986686710027e-05	0.000225726931501948	0.000312451179503203
Visa_status_tend6	2.60919023936264e-05	0.000136977570289305	0.000156225589751601
vm_mconsumototal_lag1	2.60751755048098e-05	0.000159074285689789	0.000312451179503203
Master_msaldototal_lag1	2.60101132979186e-05	0.000289826319186518	0.000312451179503203
cinversion1	2.5794603827567e-05	0.000880480032701878	0.000312451179503203
Visa_mconsumototal	2.57718151761551e-05	5.3429290447675e-06	0.000156225589751601
Visa_msaldodolares_delta1	2.57565747067818e-05	0.000765882873160567	0.000312451179503203
Visa_fultimo_cierre_delta1	2.56189328000517e-05	5.31928776580836e-05	0.000312451179503203
Master_mpagado_lag1	2.54468363844654e-05	4.71249493919022e-06	0.000156225589751601
mforex_sell_tend6	2.46274483334778e-05	6.58488423275476e-05	0.000312451179503203
mcajeros_propios_descuentos_tend6	2.4403692837848e-05	0.00113341019585949	0.000312451179503203
mcheques_depositados_avg6	2.41243880863336e-05	0.000687409587868834	0.000312451179503203
Master_mconsumospesos_delta1	2.40044991515009e-05	0.000258241570497096	0.000312451179503203
cpayroll_trx_delta1	2.3883035065723e-05	0.000488917409727825	0.000312451179503203
ccajas_transacciones_lag1	2.37776700767079e-05	7.12863364881517e-05	0.000312451179503203
mplazo_fijo_dolares_lag1	2.36237229225832e-05	0.00050072228835476	0.000312451179503203
vm_msaldodolares_tend6	2.33571307933726e-05	0.000297029028842739	0.000312451179503203
Master_mconsumosdolares_tend6	2.33389842005275e-05	1.22304216481994e-05	0.000156225589751601
ccajas_depositos	2.33327182887627e-05	0.000121610738965859	0.000156225589751601
vmr_mpagominimo_lag1	2.3048796163385e-05	7.42336159317255e-06	0.000156225589751601
ccheques_depositados_avg6	2.2985753432102e-05	0.00073970409692647	0.000312451179503203
ccomisiones_mantenimiento_lag1	2.25510724822764e-05	0.000453360926173266	0.000312451179503203
Master_mconsumototal_lag1	2.22339140715179e-05	7.17118795094164e-06	0.000156225589751601
ctarjeta_master_descuentos_avg6	2.20024662885534e-05	1.87869363462031e-05	0.000156225589751601
Visa_msaldodolares_avg6	2.10591383427421e-05	4.66678846653587e-05	0.000156225589751601
vm_mconsumosdolares_lag1	2.0805567061052e-05	0.000963650052080162	0.000312451179503203
vmr_mconsumospesos	2.07952068242765e-05	2.03630216101464e-05	0.000156225589751601
vm_mpagosdolares_tend6	2.07841147194e-05	0.000625169980795716	0.000312451179503203
vm_mconsumosdolares_delta1	1.98328576465312e-05	0.000607249891344682	0.000312451179503203
matm_lag1	1.96748655368029e-05	4.4603212969593e-06	0.000156225589751601
Master_msaldodolares_tend6	1.94271351896847e-05	4.64945152863249e-06	0.000156225589751601
active_quarter_tend6	1.89984052548656e-05	0.000787916545150493	0.000312451179503203
vm_msaldodolares_delta1	1.83419262396825e-05	0.00011629933162637	0.000156225589751601
Master_mconsumototal_avg6	1.82954469444497e-05	0.000384438717581029	0.000156225589751601
vmr_mconsumototal_lag1	1.81754739481942e-05	0.000105834125473787	0.000156225589751601
Visa_mpagado	1.79263145568896e-05	5.66287435334798e-05	0.000156225589751601
cplazo_fijo	1.78893195250349e-05	0.00134867192120885	0.000312451179503203
Master_cconsumos	1.78070113833994e-05	2.74711661505303e-05	0.000156225589751601
vmr_msaldodolares2_delta1	1.77439072739348e-05	3.16320312473404e-05	0.000312451179503203
vm_msaldototal_avg6	1.76388832006896e-05	1.81880239459047e-05	0.000156225589751601
mpagodeservicios_tend6	1.74211974735048e-05	0.00033390942401901	0.000156225589751601
Master_mpagominimo_lag1	1.72478774972097e-05	2.43820390332016e-05	0.000156225589751601
ctarjeta_master_debitos_automaticos_tend6	1.68860878082104e-05	3.23885521740331e-05	0.000156225589751601
vm_mpagado_lag1	1.68434513208742e-05	4.79760354344315e-05	0.000156225589751601
vm_status05_tend6	1.64473085304491e-05	0.000226436169870722	0.000156225589751601
Master_mconsumosdolares_delta1	1.63973079956194e-05	2.35467138433117e-05	0.000156225589751601
mcajeros_propios_descuentos_delta1	1.63298253534767e-05	0.00159192492084585	0.000312451179503203
vmr_mpagosdolares_delta1	1.58092743260155e-05	0.000358196897936375	0.000156225589751601
Master_msaldodolares_avg6	1.56853330968835e-05	7.9355893039541e-05	0.000156225589751601
vm_fultimo_cierre_delta1	1.54855751359831e-05	4.52494079278098e-05	0.000156225589751601
mtarjeta_master_consumo_lag1	1.54848772927435e-05	0.000267083408827817	0.000156225589751601
Visa_delinquency_avg6	1.53572213493114e-05	9.23585964670725e-06	0.000156225589751601
vm_msaldodolares_lag1	1.52039093259363e-05	1.35543332699117e-05	0.000156225589751601
mpagomiscuentas_delta1	1.50575036823087e-05	0.000120428675017901	0.000156225589751601
vmr_msaldodolares2_lag1	1.50133901156873e-05	0.00013018464280171	0.000156225589751601
ccajas_consultas_lag1	1.48087018856278e-05	0.000229935079156676	0.000156225589751601
Master_Finiciomora	1.45075458342804e-05	0.000383335457896269	0.000156225589751601
Master_cconsumos_delta1	1.44817096227172e-05	9.42971813417227e-05	0.000156225589751601
tcallcenter_lag1	1.44061544153751e-05	5.73064601969754e-05	0.000156225589751601
Visa_Finiciomora_lag1	1.4327486266775e-05	0.0001948514211813	0.000156225589751601
cmobile_app_trx_delta1	1.43125540226184e-05	6.97732946347662e-05	0.000156225589751601
Visa_status_avg6	1.42277894194073e-05	1.54771572919224e-05	0.000156225589751601
ctransferencias_recibidas_delta1	1.36772164552539e-05	7.2027096562205e-06	0.000156225589751601
vm_mpagosdolares_delta1	1.36553511451839e-05	0.000575838512034294	0.000156225589751601
Visa_msaldodolares	1.35026222145347e-05	0.000144668866377348	0.000156225589751601
Master_mconsumototal_delta1	1.33450510790742e-05	0.000220588893541493	0.000156225589751601
mv_status07_lag1	1.33090647842924e-05	6.5643951243235e-05	0.000156225589751601
vmr_mconsumototal_tend6	1.31300780006581e-05	5.63923307438883e-05	0.000156225589751601
mpayroll_sobre_edad_delta1	1.30888532115006e-05	9.5037941415776e-05	0.000156225589751601
mcheques_emitidos	1.29111340207488e-05	0.000530841277748715	0.000156225589751601
ctarjeta_master_transacciones_lag1	1.28715651081884e-05	7.04037287403435e-05	0.000156225589751601
mcaja_ahorro_adicional_avg6	1.28346688151478e-05	7.50216585636971e-05	0.000156225589751601
cextraccion_autoservicio_lag1	1.26004536767744e-05	0.000208752493209279	0.000156225589751601
mextraccion_autoservicio_lag1	1.25115473806081e-05	5.97336315034479e-06	0.000156225589751601
ccajas_extracciones_avg6	1.24584926140855e-05	1.52249836496915e-05	0.000156225589751601
mextraccion_autoservicio_delta1	1.23013311112723e-05	6.17825423465741e-06	0.000156225589751601
ctarjeta_visa_descuentos_tend6	1.18485669482457e-05	0.000229446492724854	0.000156225589751601
Master_msaldopesos_lag1	1.1768384359728e-05	0.00015655254926748	0.000156225589751601
vm_mpagosdolares	1.15925945787743e-05	0.000255152443379767	0.000156225589751601
mcaja_ahorro_adicional_tend6	1.14435963741248e-05	8.34221930205145e-05	0.000156225589751601
Visa_msaldodolares_lag1	1.13877849266598e-05	0.000401302829905222	0.000156225589751601
mpayroll_sobre_edad_lag1	1.13552518217518e-05	0.000229919318304036	0.000156225589751601
Visa_fechaalta_tend6	1.12329077596518e-05	9.96085886812113e-06	0.000156225589751601
cforex_sell_avg6	1.11962169500889e-05	0.000110262925065467	0.000156225589751601
cseguro_accidentes_personales_tend6	1.11120441126078e-05	0.00021622313736037	0.000156225589751601
vm_mlimitecompra	1.09308944152233e-05	6.47771043480662e-06	0.000156225589751601
mttarjeta_master_debitos_automaticos_tend6	1.09290190449113e-05	0.000411563144973492	0.000156225589751601
ccuenta_debitos_automaticos	1.0659485433059e-05	0.000486742412063584	0.000156225589751601
ccaja_ahorro_tend6	1.04092899513613e-05	0.000697559576968628	0.000156225589751601
Visa_msaldodolares_tend6	1.00601408320178e-05	3.84407195875751e-05	0.000156225589751601
minversion2_tend6	9.92019257339559e-06	0.000341789850338726	0.000156225589751601
cinversion2_lag1	9.84621985569417e-06	0.000410869667457357	0.000156225589751601
Master_status_tend6	9.82903796774812e-06	0.000216648680381635	0.000156225589751601
cseguro_vivienda_tend6	9.72923504287084e-06	0.000338401267021248	0.000156225589751601
Master_delinquency_tend6	9.67243220434079e-06	0.000372523512985619	0.000156225589751601
vm_mconsumospesos_tend6	9.65190186972233e-06	3.97173486513691e-06	0.000156225589751601
mtarjeta_visa_descuentos_tend6	9.52124373262104e-06	0.000237642136097358	0.000156225589751601
cplazo_fijo_delta1	9.21378107310588e-06	0.000141768869491692	0.000156225589751601
cplazo_fijo_avg6	8.61285398242392e-06	0.000789886651730422	0.000156225589751601
mcajeros_propios_descuentos	7.46475507943871e-06	0.000706826958320614	0.000156225589751601
