Feature	Gain	Cover	Frequency
azar_under	0.66821228776673	0.0254024135756373	0.00713615023474178
ctrx_quarter_normalizado	0.0236498817111296	0.0100586244461441	0.00332662642521797
ctrx_quarter_normalizado_avg6	0.0225010794431041	0.00499168012601475	0.00313883299798793
mpayroll_sobre_edad	0.0202247327614872	0.00550899296691474	0.0013682092555332
ctrx_quarter	0.0129856100991089	0.00590862090226411	0.00437290409121395
ctrx_quarter_lag1	0.011912310205155	0.00323622803664612	0.00308517773306506
mprestamos_personales	0.0053383505120992	0.0213694232081921	0.00300469483568075
mcuentas_saldo	0.00478593042428646	0.0103270514719152	0.00493628437290409
ctrx_quarter_normalizado_lag1	0.00454863801703773	0.00205622388983838	0.00169014084507042
mpasivos_margen	0.00450459638586663	0.00894944701020088	0.00630449362843729
mpayroll_sobre_edad_lag1	0.00412415898554819	0.00104258465405116	0.000375586854460094
mcomisiones_otras_avg6	0.00346592472928992	0.00261734161126157	0.00329979879275654
mpayroll	0.00321274577730591	0.00509375241847926	0.000858484238765929
mpasivos_margen_lag1	0.00311514485985457	0.00236765175673652	0.00399731723675386
mcaja_ahorro_lag1	0.00307154921461164	0.0032129210718696	0.00442655935613682
cpayroll_trx	0.00298025175481776	0.00756289633798934	0.000992622401073105
mcomisiones_avg6	0.00281601547089366	0.00265308574239482	0.00370221327967807
mcomisiones_mantenimiento_tend6	0.00258655843551742	0.0158458353995789	0.00539235412474849
ctrx_quarter_avg6	0.00248354766875142	0.00240819976881934	0.00324614352783367
mrentabilidad_annual_avg6	0.00221410417541056	0.00584481681397415	0.00826291079812206
mtarjeta_visa_consumo	0.00213808173221891	0.00401545416643648	0.00139503688799463
mpayroll_lag1	0.00198625021119315	0.00175454627283365	0.000697518443997317
ccomisiones_mantenimiento_tend6	0.00196327821455647	0.00841543254083004	0.00284372904091214
mcaja_ahorro	0.00190647190566442	0.00832221485943783	0.00421193829644534
mrentabilidad_annual_lag1	0.00190488925088974	0.00266634730357552	0.00560697518443997
cpayroll_trx_avg6	0.00185913651597338	0.00360679859887891	0.00128772635814889
mpasivos_margen_avg6	0.00169407470199262	0.00472991950283252	0.00651911468812877
chomebanking_transacciones_tend6	0.00167388161388414	0.00319722703707249	0.00681421864520456
ctrx_quarter_tend6	0.00162480954074564	0.00312608481707778	0.00732394366197183
mcuenta_corriente_avg6	0.00158492346977186	0.00372599998379708	0.00651911468812877
mactivos_margen	0.0014982847742217	0.00266757880695454	0.00434607645875252
mprestamos_personales_avg6	0.00143791457855804	0.00242356811677241	0.00171696847753186
mcuentas_saldo_tend6	0.00139139181494567	0.00321505839178361	0.00453386988598256
mcuenta_corriente_tend6	0.00138081279935541	0.00400315948807402	0.006841046277666
cliente_edad_avg6	0.00136803104029699	0.00268415830285888	0.00617035546613011
mcuentas_saldo_avg6	0.00132168187234787	0.00234367306284417	0.00348759221998659
Visa_mpagospesos_tend6	0.00131189800424624	0.00221699105822699	0.00346076458752515
mcomisiones_mantenimiento_delta1	0.0012855251269773	0.00337995771200595	0.00346076458752515
vmr_msaldopesos	0.00127997728046104	0.000517221241475096	0.00107310529845741
cliente_edad	0.00125309669737002	0.00526744528349065	0.0110798122065728
mrentabilidad_annual	0.00123717092329966	0.00538480450219723	0.00606304493628437
mcomisiones_mantenimiento	0.00122361127454337	0.0025964060538182	0.00233400402414487
vm_msaldopesos	0.00118528781452072	0.000748550500167464	0.000938967136150235
numero_de_cliente	0.0011604990201635	0.00232378580993005	0.00831656606304494
mactivos_margen_avg6	0.00115120889579121	0.00464679811360552	0.00482897384305835
cliente_antiguedad	0.00114314016909336	0.00416091405315527	0.00753856472166331
mrentabilidad_delta1	0.00109349436944659	0.00316523848235956	0.00504359490274983
Master_fechaalta_lag1	0.00109152748748588	0.001064385317174	0.00316566063044936
mrentabilidad_annual_delta1	0.00104901442364857	0.00288653196557343	0.00676056338028169
mv_status07	0.00102460679701267	0.000804029218506683	0.000617035546613011
vm_mpagominimo	0.00101337416769397	0.00252122328141464	0.00160965794768612
ccallcenter_transacciones_tend6	0.00100111527389177	0.00339686289475434	0.00219986586183769
Visa_fechaalta_avg6	0.00099932771791546	0.00152478438207822	0.0028169014084507
cliente_edad_lag1	0.000999299533115869	0.00332447899366673	0.00662642521797451
mcomisiones_mantenimiento_avg6	0.000985567232253806	0.00247955572080544	0.00378269617706237
mcaja_ahorro_avg6	0.000975657794774621	0.00270139935016518	0.00458752515090543
mrentabilidad_lag1	0.000971322872051022	0.00274645608949516	0.00517773306505701
mcuentas_saldo_lag1	0.000968713500576306	0.00250963086530964	0.00474849094567404
mprestamos_personales_lag1	0.000967935413611918	0.00349396846284725	0.00185110663983903
mcuenta_corriente	0.000963172347498837	0.00148744234986641	0.00429242119382965
vm_Fvencimiento_avg6	0.000933378908389083	0.0033181179224941	0.00539235412474849
ccomisiones_mantenimiento_avg6	0.000932738536792703	0.00273805947554729	0.00260228034875922
Master_Fvencimiento_lag1	0.000887954657072301	0.00179185777190383	0.00407780013413816
vm_status01_delta1	0.0008869625833312	0.0017865246498327	0.000187793427230047
cdescubierto_preacordado_avg6	0.000882707128614814	0.00642312469413425	0.00142186452045607
mpasivos_margen_tend6	0.000881160138882905	0.0028279795776436	0.00533869885982562
ccomisiones_otras_avg6	0.000869211217730135	0.00617765859086783	0.00549966465459423
ctrx_quarter_normalizado_tend6	0.000863916453619793	0.00271896608431552	0.00541918175720993
cpayroll_trx_lag1	0.000853850451876394	0.00215929359826275	0.000375586854460094
cliente_antiguedad_lag1	0.000812032081195131	0.00271629952327995	0.00566063044936284
ccallcenter_transacciones_avg6	0.000795856574978426	0.00294085042453077	0.00260228034875922
ctransferencias_recibidas_tend6	0.000787200132780183	0.00270047317820245	0.00426559356136821
vm_Fvencimiento	0.000777531288720338	0.00234773397068077	0.00450704225352113
mactivos_margen_lag1	0.000773153299737237	0.00357584817098136	0.0036485580147552
Visa_cconsumos_avg6	0.000770928933920846	0.00118593775399757	0.00233400402414487
vm_status01_avg6	0.000717032631750222	0.00180524146565105	0.000724346076458753
mrentabilidad_annual_tend6	0.000713361637874915	0.00273686868302377	0.00635814889336016
vmr_msaldopesos2_avg6	0.000711788172511297	0.00118427878663575	0.00206572769953052
Visa_mlimitecompra_tend6	0.000709509273727908	0.00141619835273294	0.00297786720321932
vmr_mpagominimo	0.000697448504386583	0.00165352228489839	0.00158283031522468
mactivos_margen_tend6	0.000690203590001174	0.00126541552165689	0.00434607645875252
ctarjeta_visa_debitos_automaticos_avg6	0.00068797000245934	0.00146797238322122	0.00147551978537894
vm_status04_tend6	0.000683999245998782	0.000652421992606664	0.000536552649228706
ccomisiones_otras_tend6	0.000683124431973441	0.00323461995785368	0.00536552649228706
mcuenta_corriente_lag1	0.000680053621025676	0.00197794709241645	0.00378269617706237
mcuenta_debitos_automaticos	0.000664460597031224	0.00416339741534106	0.00150234741784038
mtransferencias_recibidas	0.000657201170044105	0.00215370603334471	0.00238765928906774
mcomisiones_otras_tend6	0.000656002062147023	0.00431005827229724	0.0032729711602951
cproductos_tend6	0.000640314870623722	0.0075166691615636	0.00222669349429913
mpasivos_margen_delta1	0.000628235241930454	0.00157107262478722	0.00348759221998659
Visa_Fvencimiento	0.000619727645352461	0.00206033568624437	0.00617035546613011
ccaja_seguridad	0.000602108666652438	0.00614523239445823	0.000617035546613011
Visa_mfinanciacion_limite_tend6	0.000599303378611213	0.00317343154202991	0.00437290409121395
ctarjeta_debito_transacciones_avg6	0.000599235479892984	0.00123621566054605	0.0018242790073776
cproductos_delta1	0.00059571307528559	0.00280110023529653	0.000858484238765929
mprestamos_personales_tend6	0.000586655397699068	0.00677934467980159	0.00260228034875922
Master_fechaalta_avg6	0.000586431502636476	0.00183932662942248	0.00351441985244802
Master_mfinanciacion_limite_tend6	0.000585167893575148	0.00241428604171731	0.00437290409121395
mrentabilidad_tend6	0.000582191733040728	0.00217115063492854	0.00563380281690141
Visa_mfinanciacion_limite	0.000570932105287201	0.00114008715298525	0.00257545271629779
mcaja_ahorro_tend6	0.000567063406702781	0.0015790824856078	0.00397048960429242
vm_mpagospesos_tend6	0.000563390361997743	0.0023603848690289	0.00230717639168343
Visa_mpagominimo_tend6	0.000544981672143684	0.000420054607098923	0.0018242790073776
ctransferencias_recibidas_avg6	0.000543511377936953	0.00373785702046286	0.00386317907444668
Visa_mconsumototal_tend6	0.000541689475684218	0.0013371989376258	0.00193158953722334
ctrx_quarter_delta1	0.000541272341961188	0.00241078490814389	0.00354124748490946
Master_fechaalta	0.000541210133562124	0.00169817191567333	0.00407780013413816
ccomisiones_otras_lag1	0.000534641462417174	0.00235316886989067	0.00230717639168343
Visa_mlimitecompra_delta1	0.000528188002310998	0.000773933718574731	0.00209255533199195
mtransferencias_emitidas_avg6	0.000522740434230946	0.00121066959871676	0.00209255533199195
vm_status06_tend6	0.000516220461296536	0.00235644609375881	0.000643863179074447
mautoservicio_avg6	0.000508244714754487	0.00164100369683066	0.00206572769953052
Visa_mconsumototal_delta1	0.00050782116370637	0.000880921846841446	0.00155600268276325
ctarjeta_debito_transacciones_tend6	0.000507423667057784	0.00123830209189067	0.00169014084507042
chomebanking_transacciones_delta1	0.000494517125449865	0.00192470747113	0.00324614352783367
mtransferencias_recibidas_avg6	0.000494465062317694	0.00181064583171932	0.00354124748490946
Master_Fvencimiento_avg6	0.00049427473405925	0.00172970247326182	0.00488262910798122
cprestamos_personales_tend6	0.000492165643556533	0.00292003699965392	0.00112676056338028
Visa_msaldopesos_tend6	0.000491494935371861	0.00115801010712125	0.002280348759222
mcomisiones	0.000490408691676814	0.00112038309892091	0.00300469483568075
ccomisiones_otras	0.000480853738162498	0.00228441841265687	0.0019047619047619
ctarjeta_visa_transacciones	0.000480789181207974	0.00132837485969513	0.00118041582830315
Master_mfinanciacion_limite	0.000480278839288952	0.00181422838700374	0.00354124748490946
chomebanking_transacciones_avg6	0.000479919001537451	0.00168063571466462	0.00378269617706237
Visa_mfinanciacion_limite_avg6	0.000478930620319827	0.000640249446810718	0.00171696847753186
cpagomiscuentas_tend6	0.000474636087874424	0.00154084481457488	0.00193158953722334
Visa_cconsumos	0.000474442952464924	0.000343823530166113	0.00131455399061033
mcomisiones_delta1	0.000473901645476588	0.00146001341097002	0.00300469483568075
Master_mlimitecompra_tend6	0.000473350230391105	0.00186785476141749	0.00321931589537223
mrentabilidad	0.000472201095575193	0.0020576691252088	0.00413145539906103
mcuenta_debitos_automaticos_avg6	0.000466405456926002	0.00189173167817108	0.00158283031522468
mactivos_margen_delta1	0.000465708442968625	0.00534448039981968	0.00549966465459423
mcaja_ahorro_dolares_avg6	0.00046078019385571	0.0027707401148038	0.0027364185110664
Visa_mpagado_avg6	0.000458101668238051	0.00131647711217384	0.00214621059691482
mcaja_ahorro_dolares	0.000456515974872393	0.0018839355493419	0.00244131455399061
mcomisiones_tend6	0.000453299392148428	0.00229239774033582	0.00386317907444668
mcuentas_saldo_delta1	0.000451828506107979	0.00491685357359686	0.00300469483568075
Visa_Fvencimiento_avg6	0.000451141478143568	0.00111989456865485	0.00332662642521797
cprestamos_personales	0.000450145075017675	0.003880986210704	0.00126089872568746
mcuenta_corriente_delta1	0.00044601736626717	0.00311547963921877	0.00498993963782696
azar_sampling	0.000445176303679681	0.00337404446024388	0.00904091213950369
ctrx_quarter_normalizado_delta1	0.000444028417086013	0.00139703371750404	0.00252179745137492
vm_cconsumos_tend6	0.000443059776994774	0.00156946454599478	0.00203890006706908
vmr_msaldototal_lag1	0.000435643741858713	0.000489212172887767	0.000885311871227364
ccajas_consultas_tend6	0.000434722926056176	0.00821306905582936	0.00206572769953052
ctransferencias_emitidas_avg6	0.000433123004413761	0.00150460197546169	0.0018242790073776
vm_mpagominimo_avg6	0.000432954064120356	0.00225794617886485	0.0018242790073776
mcomisiones_otras_lag1	0.000432614308735583	0.0016037227309021	0.00289738430583501
ctarjeta_visa_debitos_automaticos_tend6	0.000432335484607473	0.00113705419425014	0.00128772635814889
cproductos_lag1	0.000431913717560351	0.00318561426553973	0.00195841716968478
vmr_mpagospesos_avg6	0.000431650169461821	0.00145932132642644	0.00150234741784038
mcomisiones_lag1	0.000426751292224572	0.00167693102681368	0.00308517773306506
vmr_mpagominimo_tend6	0.00042381718353974	0.00135732027795907	0.0019047619047619
vm_Fvencimiento_lag1	0.00041906337621736	0.00216486080775304	0.00343393695506372
vm_mconsumototal_avg6	0.000417639271416403	0.000331203164959613	0.00096579476861167
Visa_mlimitecompra_lag1	0.000416010369630347	0.000413408559937758	0.00142186452045607
tcallcenter_tend6	0.000413129730857756	0.00413161241490566	0.00177062374245473
Master_mlimitecompra	0.000408188691714991	0.000525597499995217	0.00244131455399061
Master_mlimitecompra_delta1	0.000407055749065995	0.000833656543600329	0.00201207243460765
mtransferencias_emitidas	0.000406544878428149	0.00157128635677862	0.00139503688799463
vm_mpagospesos_lag1	0.000402085106197027	0.00052247294183522	0.00120724346076459
mcaja_ahorro_dolares_lag1	0.000397809664926137	0.00237940701626354	0.0031924882629108
vmr_mpagado_tend6	0.000397781192331803	0.000374112406661713	0.00115358819584172
vm_fechaalta	0.000397012420271568	0.00177572609541004	0.00346076458752515
matm_tend6	0.000394977231063211	0.00174544739662832	0.00179745137491616
mextraccion_autoservicio_tend6	0.00039461446782661	0.00134446582533341	0.00144869215291751
ctarjeta_visa_transacciones_tend6	0.000390255525505697	0.00128159808672007	0.00198524480214621
cmobile_app_trx_tend6	0.000387355647504845	0.00211709679653199	0.0028169014084507
mcomisiones_otras	0.000384097196078927	0.00284875229166495	0.00287055667337358
mcaja_ahorro_delta1	0.000383156653208505	0.00249470015905324	0.00308517773306506
vm_msaldototal_lag1	0.000382623259902109	0.00033142707466489	0.000536552649228706
ctarjeta_debito_avg6	0.000382472276654816	0.00117512902186104	0.00246814218645205
mttarjeta_visa_debitos_automaticos_tend6	0.000377972591546084	0.00317781813671055	0.00209255533199195
Visa_status	0.000377204354834602	0.00246583616250031	0.000214621059691482
Master_mlimitecompra_lag1	0.000376444929523034	0.000418884170003159	0.00131455399061033
Master_mfinanciacion_limite_delta1	0.00037625426660577	0.00100796007144429	0.00303152246814219
ccuenta_debitos_automaticos_tend6	0.000374593730038913	0.00220504242213632	0.00142186452045607
vm_status06	0.000374257428023414	0.000367669913778072	0.000134138162307176
mautoservicio_lag1	0.0003728890482075	0.000766992517711156	0.00123407109322602
ctarjeta_visa_transacciones_lag1	0.000371391688720408	0.000378590600767245	0.000938967136150235
Visa_mpagominimo_lag1	0.000369904482756932	0.000802797715127661	0.0018242790073776
Visa_mconsumospesos_tend6	0.000369726529675864	0.001769069870535	0.0023608316566063
vmr_Visa_mlimitecompra_avg6	0.000368602317638901	0.00144484861729447	0.00209255533199195
Visa_mlimitecompra	0.00036826620917727	0.000758534837480026	0.00219986586183769
vmr_msaldopesos2_lag1	0.000364713002581757	0.00134330556595153	0.00185110663983903
chomebanking_transacciones_lag1	0.000363353220424999	0.00180173015436376	0.00305835010060362
chomebanking_transacciones	0.000362140210083924	0.00193117031944139	0.00308517773306506
Visa_cconsumos_lag1	0.000360112507880045	0.00113888618274786	0.00147551978537894
ccomisiones_mantenimiento_delta1	0.000359982993437884	0.00472933937314158	0.00109993293091885
vm_mconsumospesos_tend6	0.00035803464179773	0.000791144232739401	0.00123407109322602
vmr_msaldototal_delta1	0.000357562005506771	0.000969040493581669	0.00104627766599598
cproductos	0.000356515101291091	0.0012892822606966	0.00201207243460765
cprestamos_personales_lag1	0.000355643865487179	0.00201233758760416	0.000912139503688799
mrentabilidad_avg6	0.000355042500061552	0.0025017329593417	0.00512407780013414
ccajas_consultas_avg6	0.000354932980745378	0.000891985021824886	0.00112676056338028
vm_fechaalta_lag1	0.000354437347906259	0.00117248281625322	0.00252179745137492
mttarjeta_visa_debitos_automaticos_lag1	0.000349247662291509	0.00114645840187175	0.00158283031522468
mtransferencias_emitidas_delta1	0.000348209476310496	0.00119098590008017	0.00147551978537894
mcaja_ahorro_dolares_delta1	0.000347495510595417	0.00296933784567028	0.0019047619047619
cdescubierto_preacordado	0.000347188750718411	0.002686204023348	0.000858484238765929
ctarjeta_debito_transacciones_delta1	0.000343348689016253	0.00140106409219901	0.00134138162307176
Visa_fechaalta_tend6	0.000340209321755717	0.00105767820372958	0.00118041582830315
ccallcenter_transacciones_delta1	0.000338629413076634	0.00311235508105877	0.00118041582830315
Visa_cconsumos_tend6	0.000336777678114969	0.00140524713260214	0.00279007377598927
Visa_mconsumospesos_delta1	0.000336331451145247	0.000778411912680263	0.00147551978537894
cliente_antiguedad_avg6	0.000335863777718317	0.00140099284820188	0.00362173038229376
vm_mfinanciacion_limite_tend6	0.000334592279579007	0.0019653470826377	0.00295103957075788
matm	0.000333808604087842	0.000547092831701771	0.000912139503688799
vmr_Master_mlimitecompra_avg6	0.000333399779376492	0.00191176141907946	0.00211938296445339
Visa_mconsumospesos	0.000332139466564046	0.000982872006739438	0.00160965794768612
Visa_mpagominimo	0.000330131820527436	0.00120892920964393	0.00166331321260899
mautoservicio	0.000327279206625302	0.0022082585797212	0.00142186452045607
vm_mpagominimo_tend6	0.000325772706380296	0.00100311547963922	0.00150234741784038
vmr_Master_mlimitecompra_lag1	0.000323629903835388	0.000627384816471189	0.00169014084507042
mtarjeta_master_consumo	0.000321841239355923	0.00131354593057749	0.000429242119382964
mtransferencias_recibidas_lag1	0.000321176199626568	0.000922965982864068	0.00147551978537894
vmr_Visa_mlimitecompra	0.000320366623131597	0.00124079563179034	0.00233400402414487
Visa_fechaalta_lag1	0.000320350657926061	0.00158715341271163	0.00316566063044936
Visa_fechaalta	0.000320251349030621	0.00199410930205187	0.00329979879275654
tcallcenter_delta1	0.000318424973914004	0.00135852124819646	0.000590207914151576
mcaja_ahorro_dolares_tend6	0.000317619625773607	0.0030580976883847	0.00225352112676056
cmobile_app_trx_avg6	0.000315800395059178	0.00189816399334084	0.00308517773306506
mttarjeta_visa_debitos_automaticos_delta1	0.000313133646477629	0.00124686154926056	0.00134138162307176
mcomisiones_otras_delta1	0.000312357627709612	0.00198919346624966	0.00321931589537223
vm_msaldopesos_delta1	0.000310859782252191	0.0011952096513388	0.00115358819584172
mttarjeta_visa_debitos_automaticos_avg6	0.000310417272820184	0.00171874107541714	0.00128772635814889
Visa_Fvencimiento_lag1	0.000308741332292127	0.00190714073697966	0.00461435278336687
vmr_msaldopesos2	0.000308098213066708	0.00114191914148297	0.00171696847753186
Visa_msaldopesos_avg6	0.000305501958310932	0.00062297786636279	0.00128772635814889
Master_fultimo_cierre_avg6	0.000305241007641309	0.00104257447633728	0.00257545271629779
vm_mconsumospesos	0.000304642680619209	0.000634468505329031	0.000858484238765929
mtarjeta_visa_consumo_lag1	0.000304299455850214	0.000958425138008782	0.000670690811535882
vm_msaldopesos_tend6	0.000303833173572765	0.00124556897959828	0.00126089872568746
vmr_mconsumosdolares_tend6	0.000300599866250989	0.000605075267654537	0.00107310529845741
Master_Fvencimiento	0.000300263544325913	0.00220539864212198	0.0054728370221328
mpayroll_sobre_edad_avg6	0.000300107006069992	0.00141447831908786	0.000724346076458753
mpayroll_tend6	0.000296205967294144	0.00195417195280163	0.000912139503688799
vmr_msaldototal	0.000295015152587941	0.000808741500031368	0.00107310529845741
ctarjeta_visa_transacciones_avg6	0.000292738156031318	0.000763063920154939	0.00109993293091885
mcuenta_debitos_automaticos_lag1	0.000292191026929565	0.000340627728008983	0.000536552649228706
thomebanking_tend6	0.000291035755955492	0.00375975946072447	0.00335345405767941
mtransferencias_emitidas_tend6	0.000290723089637034	0.00169650277059763	0.00158283031522468
vm_status06_delta1	0.000287929169263832	0.00107047159007197	0.000134138162307176
mcuenta_debitos_automaticos_tend6	0.000284365776514121	0.0016437211464356	0.00139503688799463
vm_fultimo_cierre_lag1	0.0002828778906211	0.000528121573036516	0.00126089872568746
vmr_mpagominimo_lag1	0.000282692730628083	0.00070589570131227	0.000858484238765929
vm_status04	0.000282325445470857	0.00013954663495671	8.04828973843059e-05
catm_trx_tend6	0.000281580455794018	0.00194436063662496	0.00144869215291751
vm_fultimo_cierre_avg6	0.00028148227022225	0.000648849615036115	0.0013682092555332
Visa_mpagospesos_delta1	0.000281219705102459	0.00213366611472246	0.00222669349429913
vmr_mpagospesos_delta1	0.000280121365040705	0.00087607725503637	0.00155600268276325
cextraccion_autoservicio_avg6	0.000277203786394454	0.000851345410317181	0.00142186452045607
cpayroll_trx_tend6	0.000273781029340932	0.00181619268578185	0.000912139503688799
Master_fultimo_cierre_tend6	0.000272401311231809	0.00279960411135673	0.00166331321260899
vm_msaldototal_tend6	0.000272204414516843	0.000767898334246139	0.0013682092555332
Visa_msaldopesos_delta1	0.000271799810805651	0.000424838132620741	0.00147551978537894
Master_Fvencimiento_tend6	0.000271303155671766	0.000737629813178291	0.00120724346076459
vmr_Master_mlimitecompra	0.000270327944285217	0.00151312072197608	0.00244131455399061
vmr_mpagospesos_tend6	0.000269530430336685	0.00238820056105258	0.00254862508383635
ccajas_transacciones_tend6	0.000266217526176903	0.00253579776768538	0.0013682092555332
vmr_msaldopesos_avg6	0.00026612459922369	0.000493303613866003	0.00134138162307176
catm_trx_avg6	0.000265641818671114	0.000813026317573252	0.00123407109322602
vmr_Visa_mlimitecompra_tend6	0.000263371619500266	0.00220673192263977	0.00112676056338028
ctransferencias_recibidas_lag1	0.000263174956679918	0.00200826650205368	0.00118041582830315
Visa_mconsumototal_lag1	0.000262649774229152	0.000375313376899105	0.00118041582830315
ctarjeta_debito_lag1	0.000260911776590059	0.000968195743329944	0.00112676056338028
Visa_msaldototal	0.000260633628527285	0.000511542077132171	0.00123407109322602
ccaja_ahorro	0.000257965718750186	0.00303368135279567	0.000858484238765929
cliente_edad_tend6	0.000257736957078652	0.000550838230408216	0.00217303822937626
Master_mpagospesos_tend6	0.000255005622000851	0.0022743526536333	0.000992622401073105
Master_mpagospesos_delta1	0.000254913251459115	0.000672207468382016	0.000804828973843058
mautoservicio_tend6	0.000254422697837995	0.00160109688072204	0.00222669349429913
vm_status04_delta1	0.000253459794513624	0.00140388331894272	0.000241448692152918
thomebanking_avg6	0.000252902254402543	0.000930833355690378	0.00211938296445339
Visa_mpagospesos	0.000252408725347153	0.00103421857324492	0.00160965794768612
Visa_msaldopesos_lag1	0.000252080181471148	0.000718424467093884	0.00112676056338028
Master_mfinanciacion_limite_avg6	0.000251482514518131	0.000547387985404181	0.00206572769953052
tcallcenter_avg6	0.000250751388002069	0.000382193511479423	0.000912139503688799
vmr_msaldototal_avg6	0.000250580099828418	0.000920757418952931	0.00142186452045607
Visa_mconsumospesos_avg6	0.000249614634548029	0.00124780807665105	0.00217303822937626
mpagomiscuentas	0.000248711653437683	0.00155709862363518	0.000858484238765929
mttarjeta_visa_debitos_automaticos	0.000247907030238973	0.000434649448797407	0.000885311871227364
ccaja_ahorro_avg6	0.000247581899856296	0.00126305429203761	0.000938967136150235
vm_fechaalta_avg6	0.000246062989037624	0.0011121289729673	0.00262910798122066
mcaja_ahorro_adicional_tend6	0.000244914756277555	0.000934080046416889	0.00050972501676727
cextraccion_autoservicio_delta1	0.000244537466952263	0.000715564529494669	0.000482897384305835
cdescubierto_preacordado_lag1	0.000243642214411277	0.000276894883716159	0.000590207914151576
Visa_mconsumospesos_lag1	0.000243502584720428	0.000949132885239803	0.00139503688799463
Master_mpagospesos_lag1	0.000242962810018677	0.000987370556272723	0.000912139503688799
vm_mconsumototal_tend6	0.000242289062011998	0.000938283442247764	0.00147551978537894
Visa_mfinanciacion_limite_delta1	0.000240652784808964	0.000701203775215337	0.00198524480214621
mpagomiscuentas_avg6	0.000239561338519389	0.00333105379683077	0.00163648558014755
vmr_msaldototal_tend6	0.000238397735027406	0.000415851211268048	0.00109993293091885
Master_mconsumospesos	0.000237816898522949	0.000274492943241373	0.000429242119382964
mtarjeta_master_consumo_avg6	0.000237400110932851	0.000473396005524137	0.000563380281690141
mpagomiscuentas_delta1	0.000237119467807963	0.00123143213502423	0.000751173708920188
catm_trx_other_avg6	0.000236721648046955	0.00128289065638234	0.000617035546613011
vmr_mconsumospesos_avg6	0.000236117561842868	0.000682609091963502	0.00112676056338028
vmr_mpagospesos	0.000235839647654349	0.000334897675096677	0.000885311871227364
vmr_msaldopesos_lag1	0.000235691702804796	0.000973284600268048	0.00096579476861167
mtransferencias_recibidas_delta1	0.000234250831661974	0.00109683186901136	0.00252179745137492
vmr_mpagado_delta1	0.000232945252988424	0.0011502445114337	0.00109993293091885
mextraccion_autoservicio_avg6	0.000232308835161551	0.00062091179044592	0.00126089872568746
catm_trx_delta1	0.000230904441221332	0.000587223557515666	0.000482897384305835
Visa_mlimitecompra_avg6	0.000229175960291038	0.000539571501147252	0.00158283031522468
vmr_mpagado_avg6	0.000228431424834752	0.00080913843087254	0.00126089872568746
ccajas_otras_tend6	0.000228413454723792	0.000821056533821581	0.00050972501676727
Master_msaldopesos_tend6	0.000227306274994038	0.0006003426307021	0.000751173708920188
vmr_msaldopesos2_tend6	0.000224726587801669	0.00120648655831364	0.0019047619047619
ctransferencias_emitidas_tend6	0.000218180747371542	0.00100482533557042	0.00126089872568746
vm_Fvencimiento_tend6	0.000217319843067197	0.00121370255745187	0.00118041582830315
Master_mlimitecompra_avg6	0.000216600745161674	0.000918497966472412	0.00246814218645205
vmr_msaldopesos_tend6	0.000214855866423268	0.000757374578098138	0.00142186452045607
thomebanking_delta1	0.000214140107384429	0.0013224819633608	0.000912139503688799
mv_status07_delta1	0.000213323407789116	0.00227108560747904	0.000885311871227364
Visa_msaldopesos	0.000212782656014119	0.0005193585613891	0.00120724346076459
mv_status07_avg6	0.000211282665098493	0.0011958101364575	0.000885311871227364
tcallcenter	0.000209525771974529	0.000737253237764872	0.0004560697518444
vm_mlimitecompra_tend6	0.000206948483583071	0.000998728884958573	0.00150234741784038
Master_mconsumospesos_avg6	0.00020584826612647	0.000413836023920559	0.000482897384305835
Master_msaldototal_delta1	0.00020578804481741	0.000372880903282691	0.000590207914151576
ccallcenter_transacciones	0.000204129339653118	0.00172587565284437	0.000590207914151576
Visa_msaldototal_tend6	0.000203590920833699	0.00079718979478187	0.00152917505030181
ccaja_ahorro_lag1	0.000202775562982004	0.00108357030783066	0.000536552649228706
vm_mpagominimo_delta1	0.000201197623763748	0.000431311158646011	0.000938967136150235
mtarjeta_visa_consumo_tend6	0.000200735098767919	0.000798777518146559	0.00126089872568746
Visa_msaldototal_delta1	0.000200049671745531	0.000980948418816834	0.00147551978537894
vm_status05_lag1	0.000198532120874685	2.02536506136571e-06	5.36552649228706e-05
Master_mpagominimo_tend6	0.000198157901603856	0.00109757484212432	0.000670690811535882
Visa_msaldototal_avg6	0.000197906137361294	0.000626428111366825	0.000778001341381623
vmr_Master_mlimitecompra_tend6	0.000197822854113051	0.00091342946496206	0.00115358819584172
vm_mfinanciacion_limite	0.000196702763874291	0.000399180115938817	0.00195841716968478
vmr_mpagominimo_avg6	0.000195245807100253	0.000911343033617437	0.00131455399061033
vm_mpagado_tend6	0.000194736037744917	0.00109915238777513	0.00123407109322602
Visa_msaldototal_lag1	0.000192509176640548	0.000801301591187858	0.000938967136150235
vmr_mconsumototal_delta1	0.000192334642215024	0.00036302887625052	0.000590207914151576
Visa_mpagado_tend6	0.00019215994050914	0.00111542655226319	0.0018242790073776
Master_mpagospesos_avg6	0.000191206099816926	0.00111673947735322	0.000831656606304494
Visa_delinquency_tend6	0.00019077579083407	0.000299519941662973	0.000482897384305835
Master_fechaalta_tend6	0.000189460262462995	0.000797057484501479	0.00126089872568746
mpagomiscuentas_lag1	0.000188781611050758	0.000610123413737137	0.000724346076458753
vm_mpagospesos	0.000187877813991816	0.000326806392565091	0.000858484238765929
ctarjeta_visa_debitos_automaticos_lag1	0.000187793389998962	0.000472174679858992	0.00096579476861167
ctransferencias_recibidas	0.000187345094958225	0.00122685216377993	0.00126089872568746
mpayroll_sobre_edad_tend6	0.000187317083835711	0.00133542801541134	0.000831656606304494
vmr_mpagominimo_delta1	0.000183673361982228	0.000685234942143564	0.00118041582830315
ccajas_extracciones_tend6	0.000183219990174054	0.0018963014717015	0.000992622401073105
vm_mlimitecompra	0.00018193030900387	0.000780661187446905	0.00177062374245473
vm_status03_tend6	0.000180838959761726	0.000715920749480336	0.000482897384305835
ctarjeta_master_transacciones_avg6	0.000180741221927001	0.0014186511817771	0.0004560697518444
mpagomiscuentas_tend6	0.000179983872481981	0.00124625088642799	0.00112676056338028
matm_other_tend6	0.000179215326234193	0.000503257418036936	0.000617035546613011
vm_mpagospesos_delta1	0.000177704841525929	0.00239441914423095	0.00177062374245473
vm_status01_tend6	0.000177148263000629	0.00196856324022259	0.000563380281690141
vm_fultimo_cierre	0.000176699817269236	0.000607914849826	0.00163648558014755
vm_mlimitecompra_avg6	0.000175797931617186	0.000435239756202228	0.000912139503688799
Visa_mpagominimo_delta1	0.000174718721828654	0.000695117502317364	0.00142186452045607
Visa_fultimo_cierre_lag1	0.000174489726895602	0.000467299554912288	0.00147551978537894
Master_fultimo_cierre	0.000173883444600435	0.00032213482189591	0.000885311871227364
vmr_mconsumospesos	0.000173851294689658	0.000376819678552784	0.000831656606304494
ctarjeta_visa_descuentos_tend6	0.000171539394604097	0.000314572780485887	0.000375586854460094
Master_msaldopesos	0.000170105668837162	0.000563356818475954	0.000617035546613011
Master_mfinanciacion_limite_lag1	0.000170046842359817	0.000648452684194943	0.00241448692152918
vmr_mpagado_lag1	0.00016899045277902	0.000838094026850356	0.000670690811535882
ccomisiones_mantenimiento_lag1	0.000168303125354991	0.00124473440706044	0.00050972501676727
vm_mconsumospesos_avg6	0.000168295466140907	0.000519266961964214	0.00101945003353454
Master_fultimo_cierre_delta1	0.00016743775980154	0.000196368811527588	0.000536552649228706
Master_mconsumospesos_tend6	0.000167193477781259	0.000770290097007048	0.000697518443997317
vm_mpagado_delta1	0.000165599549390815	0.000684858366730144	0.000617035546613011
Visa_cconsumos_delta1	0.000165225568540073	0.00104119030725012	0.00115358819584172
Master_delinquency_avg6	0.000165060772125536	0.000442048646785412	0.000214621059691482
vmr_msaldopesos_delta1	0.000164035169189366	0.00100709496576482	0.000563380281690141
Master_mpagado_avg6	0.000163893961226706	0.000165601582479807	0.000563380281690141
vm_status05	0.000163259882939028	0.000245201482705642	5.36552649228706e-05
mtransferencias_recibidas_tend6	0.000162637804497141	0.002607275852238	0.00348759221998659
ccaja_seguridad_lag1	0.00016208612355727	0.00106523006742573	0.000268276324614353
vm_mconsumototal_lag1	0.000160892061487731	0.00012714000174161	0.000402414486921529
ccomisiones_otras_delta1	0.000160870311433656	0.000896391971933285	0.000831656606304494
ctarjeta_debito_transacciones	0.000159395362798137	0.00138223532152803	0.00134138162307176
vmr_mconsumospesos_lag1	0.000158897313962903	0.000631618745443692	0.000804828973843058
cproductos_avg6	0.000157448991820519	0.00240185905307446	0.00268276324614353
vmr_mconsumospesos_tend6	0.000156894865842342	0.000375466042607249	0.00120724346076459
vmr_Visa_mlimitecompra_lag1	0.000155954908208478	0.00105360711817909	0.00126089872568746
Master_mconsumosdolares_avg6	0.000155621864866284	0.000524793460598996	0.000187793427230047
ccajas_otras_delta1	0.000155269392321461	0.00148482667740022	0.000482897384305835
Visa_mconsumosdolares_tend6	0.000154985812552316	0.00087505948364875	0.00120724346076459
Visa_mconsumosdolares_avg6	0.000154761610916479	0.000590124205970385	0.000912139503688799
vm_mfinanciacion_limite_avg6	0.000154639313506246	0.000639486118270002	0.00144869215291751
Visa_mpagospesos_avg6	0.00015451761935896	0.00135228230959034	0.00195841716968478
Master_mconsumototal_lag1	0.000153957317309289	0.000263002304275132	0.000348759221998659
ccaja_seguridad_avg6	0.000152864242334742	0.00372510434497597	0.000536552649228706
mplazo_fijo_dolares_tend6	0.000150138845979529	0.00147220631219372	0.000590207914151576
Visa_mconsumosdolares_lag1	0.000149944491181753	3.88279784377397e-05	0.000241448692152918
vm_cconsumos_avg6	0.000149841216909053	0.0011135843860516	0.000885311871227364
vmr_mconsumototal_tend6	0.000149332628370099	0.00066588710806489	0.00120724346076459
matm_other_delta1	0.000148719541445326	0.000374214183800475	0.0004560697518444
Master_status	0.000148015856890861	7.63226763576958e-05	0.000134138162307176
Visa_fultimo_cierre_avg6	0.000147429509943162	0.00103026962026095	0.00171696847753186
matm_delta1	0.000147019289242215	0.000680960302315556	0.000724346076458753
ctarjeta_master_debitos_automaticos_tend6	0.000145007587552003	0.000554644695397919	0.000295103957075788
vm_cconsumos_delta1	0.000142931569925931	0.000670955609575242	0.000831656606304494
vm_mpagominimo_lag1	0.000142888104759394	0.000806919689247526	0.000697518443997317
ctarjeta_debito	0.000142270287435404	0.000201121803907778	0.00128772635814889
Master_msaldopesos_delta1	0.000142018234236029	0.000304598620887201	0.000590207914151576
vmr_mconsumospesos_delta1	0.000137766003938564	0.000253954316639182	0.000831656606304494
cextraccion_autoservicio_tend6	0.000137069795430168	0.000724734649697134	0.000885311871227364
mprestamos_personales_delta1	0.000136786454398947	0.00329156426699107	0.00115358819584172
Master_mpagado_tend6	0.00013614529809633	0.00097354922082883	0.000536552649228706
ctransferencias_emitidas_lag1	0.000136113715727274	0.000641969480455797	0.000536552649228706
vm_msaldodolares_avg6	0.000134362084349379	0.00143760208501461	0.000295103957075788
active_quarter_delta1	0.000132859070129509	0.000397572037146376	0.0004560697518444
Visa_mconsumosdolares	0.0001328538867249	0.000869522807300091	0.000778001341381623
mtarjeta_visa_descuentos_avg6	0.000131627135685853	0.000552558264053296	0.0004560697518444
Visa_mpagominimo_avg6	0.000130822566032111	0.00101629561910891	0.00195841716968478
mcomisiones_mantenimiento_lag1	0.000130587022290282	0.000907444969202849	0.00206572769953052
active_quarter_avg6	0.000130396299637906	0.00191329825387477	0.00211938296445339
vm_msaldopesos_lag1	0.000130166387721239	0.00023656060362474	0.000563380281690141
Master_mconsumototal_tend6	0.000129668232949646	0.00058074035377652	0.000482897384305835
ctarjeta_debito_tend6	0.000129582826790966	0.00102290095541457	0.000831656606304494
ccheques_depositados_tend6	0.000129286032941656	0.000620290949899471	0.000268276324614353
Visa_mpagado_delta1	0.000127716279780321	0.000826094502190305	0.000590207914151576
vm_mfinanciacion_limite_delta1	0.000126965072796744	0.00120467492524367	0.00144869215291751
mpayroll_sobre_edad_delta1	0.000126903854923259	0.000465355611561932	0.000375586854460094
Master_msaldopesos_lag1	0.000126266708154038	0.000602663149465876	0.00050972501676727
cprestamos_personales_avg6	0.000126241750201015	0.00231248854752746	0.00169014084507042
thomebanking	0.000125112768641835	0.000300435935911831	0.000643863179074447
vmr_msaldodolares_avg6	0.000124551251197234	0.000186903537622713	0.000187793427230047
mplazo_fijo_dolares_lag1	0.000124497511791737	0.00158803887381886	0.000429242119382964
cmobile_app_trx_lag1	0.000123972193573139	0.000557077169014333	0.000912139503688799
vmr_mconsumototal_avg6	0.000123807434510664	0.000658996795770696	0.000804828973843058
mpayroll_delta1	0.000122850167234296	0.000664971113816031	0.000375586854460094
vm_status05_delta1	0.000122574556866681	0.00105600905865388	0.000214621059691482
ctransferencias_emitidas_delta1	0.000122090293913467	0.000623415508059467	0.000643863179074447
vm_mconsumospesos_lag1	0.000120841824049798	0.000257821847912142	0.000804828973843058
ccajas_consultas_delta1	0.000120820059032035	0.00212756966411061	0.000482897384305835
Master_mconsumospesos_lag1	0.000120362222024008	8.96656592494066e-05	0.000241448692152918
mpayroll_avg6	0.000119369962475376	0.000944939667122805	0.000724346076458753
vm_msaldototal_avg6	0.000118461799919956	0.000326633371429195	0.000536552649228706
cmobile_app_trx	0.000118354948602393	0.000613919701012964	0.00101945003353454
ctarjeta_visa_descuentos_avg6	0.000117866127393807	0.0010345239046612	0.000375586854460094
Master_cconsumos_lag1	0.000117626091104276	0.000836964300610097	0.000402414486921529
Master_fultimo_cierre_lag1	0.000116832842184106	0.000946344191637722	0.00144869215291751
Visa_mpagado_lag1	0.000116314174540114	0.00069660344854329	0.000804828973843058
cseguro_vida_avg6	0.000115555481484	0.00105239597022783	0.000751173708920188
ccuenta_debitos_automaticos_avg6	0.000115505830144488	0.00091090539192076	0.00109993293091885
ccaja_ahorro_tend6	0.000115293908093051	0.000763847604123407	0.000348759221998659
ccallcenter_transacciones_lag1	0.000115217469595786	0.00102178140688819	0.00050972501676727
ccajas_transacciones	0.000115006148336278	0.000142986702246869	0.000187793427230047
matm_other	0.000114340826258862	0.000612179311940132	0.000429242119382964
cpagomiscuentas_avg6	0.000114198406294562	0.000343487665608198	0.000804828973843058
vm_cconsumos	0.000113603324248168	0.000603304345440077	0.000697518443997317
catm_trx_other_delta1	0.000113312301469289	0.000517190708333467	0.000429242119382964
Master_msaldopesos_avg6	0.000112561119796706	0.000956297995808655	0.000536552649228706
ctarjeta_visa_transacciones_delta1	0.000112039892793706	0.00113401105780115	0.000885311871227364
vmr_msaldopesos2_delta1	0.000111946561820159	0.00169780551797378	0.00169014084507042
tcuentas_avg6	0.000111417304973358	0.000685346896996203	0.000697518443997317
vm_mpagado_avg6	0.000110709623906438	0.0008662252280042	0.00107310529845741
cdescubierto_preacordado_delta1	0.000109926432145991	0.00249601308414327	0.000295103957075788
ccaja_seguridad_tend6	0.000109379549535358	0.000469365630829158	0.000214621059691482
Visa_mconsumototal	0.000108171301599241	0.000646987093396768	0.00107310529845741
Master_msaldototal_tend6	0.000108110312078997	0.00116316003034261	0.000912139503688799
foto_mes	0.000107583925906527	0.000257506338781979	0.00118041582830315
Visa_mfinanciacion_limite_lag1	0.000107193449137033	0.000808232614337557	0.00203890006706908
ccuenta_debitos_automaticos	0.000106146664179596	0.000840170280481103	0.0004560697518444
mcuenta_debitos_automaticos_delta1	0.000106047171822193	0.000863782576673909	0.000912139503688799
ccheques_depositados_avg6	0.000105708659201759	0.00153398503542231	0.000321931589537223
matm_other_avg6	0.000104812434038224	0.00170143896182759	0.000992622401073105
Master_status_avg6	0.000104651066621768	0.000820883512685686	0.000268276324614353
cdescubierto_preacordado_tend6	0.000104141684654935	0.00339911216952098	0.000402414486921529
Visa_mpagospesos_lag1	0.000103415300163471	0.000444348810121435	0.00104627766599598
mtarjeta_visa_descuentos	0.000103270346950318	0.00222137765290763	0.000429242119382964
Master_mconsumototal_delta1	0.000103069237133001	0.000392747800769053	0.000429242119382964
mv_status07_tend6	0.000101694795816467	0.00125266284617	0.000536552649228706
Master_msaldodolares_avg6	0.00010127065488543	0.000634203884768249	0.000160965794768612
mtarjeta_visa_descuentos_delta1	0.000100726609687534	0.000362357147134691	0.000214621059691482
vm_msaldodolares_tend6	0.00010066486946635	0.00036778186863071	0.000295103957075788
Visa_fultimo_cierre_tend6	9.95084336021893e-05	0.00496667348302091	0.00109993293091885
Master_Fvencimiento_delta1	9.93545152794249e-05	8.68566102195728e-05	0.000348759221998659
Visa_mpagado	9.83338888103452e-05	0.00102501791990082	0.000590207914151576
cplazo_fijo_tend6	9.62511680396481e-05	0.00224168219209067	0.000643863179074447
ctarjeta_master_transacciones_tend6	9.60527296127225e-05	0.0018178821862853	0.000938967136150235
thomebanking_lag1	9.51125617413647e-05	7.80427100027753e-05	0.0004560697518444
mtarjeta_visa_consumo_avg6	9.43401073506338e-05	0.000656523611298777	0.000590207914151576
Master_cconsumos	9.40936579927195e-05	0.000698119927910846	0.000482897384305835
cmobile_app_trx_delta1	9.39242162845151e-05	0.000155026937762425	0.000402414486921529
vm_mlimitecompra_delta1	9.32625448913899e-05	0.000557932096979934	0.00147551978537894
vmr_mpagospesos_lag1	9.19668852508303e-05	0.000505710247081103	0.00118041582830315
mcaja_ahorro_adicional	9.16402769776456e-05	0.000558980401509184	0.000348759221998659
Visa_fultimo_cierre	9.0878619048087e-05	0.000485833171880866	0.0013682092555332
Visa_mpagosdolares_avg6	9.06608997596783e-05	0.000653246387430637	0.000402414486921529
Master_status_tend6	9.05329297507225e-05	0.00014905261971709	0.000268276324614353
cextraccion_autoservicio	8.96732067173139e-05	0.00032133078249969	0.0004560697518444
vmr_msaldodolares2_tend6	8.89991921277791e-05	0.000269383730875516	0.000187793427230047
vm_status02_avg6	8.79397280675528e-05	0.000519918335652292	0.000375586854460094
Visa_fechaalta_delta1	8.79354127710642e-05	2.06098705993245e-05	0.000134138162307176
mforex_sell_tend6	8.65273106351247e-05	0.00064679371683312	0.00050972501676727
cextraccion_autoservicio_lag1	8.64214243361001e-05	0.000308913971570714	0.000402414486921529
active_quarter_tend6	8.49664642709753e-05	0.000363741316221855	0.00096579476861167
vmr_mconsumosdolares	8.4312361413074e-05	0.000386590283873946	0.000295103957075788
ctransferencias_emitidas	8.37445139223549e-05	0.000590775579658463	0.000482897384305835
Master_msaldototal	8.28920046404061e-05	0.00118478767232956	0.000778001341381623
ctarjeta_master_transacciones	8.20272886494021e-05	0.000223573840718696	0.000241448692152918
cplazo_fijo_avg6	8.1457318829348e-05	0.0012753387926862	0.000375586854460094
mtarjeta_master_consumo_lag1	8.13095553631253e-05	8.2205394978145e-05	0.000187793427230047
cseguro_accidentes_personales_avg6	8.10884226681037e-05	0.000207564296791419	0.000617035546613011
mautoservicio_delta1	8.09129993660561e-05	0.000670243169603907	0.00096579476861167
Visa_status_avg6	7.90330515995704e-05	0.000169530180036023	0.000187793427230047
mextraccion_autoservicio	7.83968385544906e-05	0.000524233686335804	0.000724346076458753
vm_mlimitecompra_lag1	7.72216996965977e-05	0.000296944980052292	0.000670690811535882
vm_msaldopesos_avg6	7.67781798499329e-05	0.000304496843748439	0.000778001341381623
vm_fultimo_cierre_tend6	7.66392761339347e-05	0.00125128885479671	0.00096579476861167
Visa_Fvencimiento_tend6	7.54416184682322e-05	0.0010728124642635	0.00109993293091885
catm_trx_other_tend6	7.46360068318529e-05	0.00094704645389518	0.000670690811535882
vmr_msaldodolares2_avg6	7.40554557019802e-05	0.000540833537667902	0.000348759221998659
vm_mconsumototal_delta1	7.34712057312915e-05	0.00017724488715419	0.0004560697518444
Master_mconsumototal	7.29021249151673e-05	0.000555591222788406	0.000321931589537223
vm_status06_avg6	7.21685901579543e-05	2.55664172570385e-05	0.000214621059691482
ctarjeta_debito_transacciones_lag1	7.07387967342376e-05	0.000531134176343875	0.000885311871227364
cforex_sell_tend6	6.94605377555995e-05	0.000268650935476429	0.000321931589537223
mforex_sell_delta1	6.91582598902762e-05	0.000544884267790634	0.000321931589537223
Master_msaldototal_avg6	6.89736089187531e-05	0.00104530210365611	0.000724346076458753
mplazo_fijo_dolares_delta1	6.8728585458885e-05	0.00253300907408329	0.00050972501676727
vmr_mpagado	6.86979161554221e-05	0.000233751554594906	0.000268276324614353
cforex_buy_avg6	6.86480777726728e-05	0.000839875126778693	0.000214621059691482
tcuentas	6.81857416497627e-05	0.00014257959369182	0.0004560697518444
mtarjeta_master_consumo_tend6	6.77595935689729e-05	0.00051380152961269	0.000375586854460094
Master_mconsumosdolares_tend6	6.76731464441609e-05	0.000203971563793117	0.000107310529845741
cseguro_accidentes_personales	6.74094509722154e-05	7.44499770044733e-05	0.000295103957075788
active_quarter_lag1	6.68950134828349e-05	0.000240733466313986	0.000590207914151576
Visa_status_lag1	6.67969100162718e-05	0.00183962178312489	0.000214621059691482
vm_fechaalta_tend6	6.61850102029576e-05	0.00014139897888218	0.000563380281690141
mforex_sell_lag1	6.54799421328466e-05	0.000237934594998028	0.000214621059691482
vm_status02	6.49592486330193e-05	0.000899414752954519	0.000187793427230047
Master_mpagominimo_delta1	6.48318965854258e-05	0.000138355842433193	0.0004560697518444
Master_cconsumos_delta1	6.4123256653085e-05	0.00028532203080566	0.000214621059691482
mextraccion_autoservicio_lag1	6.39161112484969e-05	0.000363751493935731	0.000563380281690141
active_quarter	6.36132912875115e-05	0.000151953268171809	0.000724346076458753
vm_mpagado	6.29245664836267e-05	0.000494138186403853	0.000429242119382964
ccajas_consultas	6.26929280522532e-05	0.00111794044759062	0.000268276324614353
mcheques_depositados_tend6	6.18785107908553e-05	0.000591834061901589	0.000268276324614353
Master_cconsumos_tend6	6.10643923049761e-05	0.000645419725459832	0.000670690811535882
mcaja_ahorro_adicional_avg6	6.10061263397428e-05	0.000315458241593117	0.000214621059691482
vm_mconsumosdolares_avg6	6.01948331783836e-05	0.000308659528723809	0.000268276324614353
ctarjeta_visa_debitos_automaticos_delta1	5.99571759506935e-05	0.000636921334373197	0.000268276324614353
mtransferencias_emitidas_lag1	5.96285184436375e-05	0.00068822719002317	0.000697518443997317
Visa_Finiciomora_lag1	5.93388979668562e-05	0.00101220417813067	0.000187793427230047
Visa_mconsumosdolares_delta1	5.8379378284408e-05	0.000373715475820541	0.000536552649228706
vm_mpagospesos_avg6	5.79746247282741e-05	0.000389725019747818	0.000617035546613011
Visa_mpagosdolares_lag1	5.79350691074783e-05	0.000527449843920687	0.000214621059691482
mtarjeta_visa_descuentos_tend6	5.75913895675186e-05	0.00040400435231614	0.000241448692152918
vmr_msaldodolares2	5.71494549645247e-05	0.000863986130951433	0.000268276324614353
vm_msaldototal_delta1	5.60547700396684e-05	0.000910009753099653	0.000724346076458753
Master_mpagosdolares_tend6	5.53584068509697e-05	0.000114611235959996	0.000134138162307176
Master_mpagominimo	5.50494420442482e-05	0.00071094384739487	0.000268276324614353
vm_mconsumosdolares_tend6	5.50038294142081e-05	0.000617827943141428	0.00050972501676727
mcheques_depositados_avg6	5.48897036849519e-05	0.00132588131979545	0.000241448692152918
vmr_msaldodolares_delta1	5.39093026911219e-05	0.000252417481843874	0.000187793427230047
Visa_Fvencimiento_delta1	5.37831836848527e-05	4.44664319251598e-05	0.000214621059691482
vmr_mconsumototal_lag1	5.36008350712346e-05	0.000368799640018331	0.00050972501676727
Master_mpagado_delta1	5.34089369222106e-05	0.000470444468500037	0.000241448692152918
vm_mfinanciacion_limite_lag1	5.31906991536346e-05	0.000598683663340278	0.00118041582830315
vm_msaldototal	5.21479586414477e-05	0.000609034398352383	0.00101945003353454
Visa_mconsumototal_avg6	5.20512913684006e-05	0.000303000719808636	0.000724346076458753
Master_mpagospesos	5.18701287447467e-05	0.000834776092126712	0.000643863179074447
vmr_mconsumosdolares_avg6	5.1816119569691e-05	0.000294848370993792	0.000536552649228706
cforex_sell_avg6	5.16831863692162e-05	0.00010778198994906	0.000268276324614353
cforex_avg6	5.15385765668321e-05	0.00078309366106332	0.000402414486921529
mforex_sell_avg6	5.05983004285831e-05	0.00104567867906953	0.000724346076458753
cpayroll_trx_delta1	4.96232208177847e-05	0.00140427007207002	0.000268276324614353
mtarjeta_visa_consumo_delta1	4.90652213852602e-05	0.000593085920708362	0.00096579476861167
vm_mconsumosdolares	4.78046538016833e-05	0.000189417432950137	0.000268276324614353
cforex_tend6	4.76923708319217e-05	0.000151535981902885	0.000402414486921529
Master_msaldodolares_tend6	4.72962694776036e-05	0.000128279905695746	0.000107310529845741
Visa_fultimo_cierre_delta1	4.70083904825958e-05	0.000142732259399964	0.000536552649228706
vm_status01	4.66309967922469e-05	0.00744674826723403	0.000482897384305835
cpagomiscuentas_delta1	4.66119166515441e-05	0.000520936107039913	0.000402414486921529
vm_cconsumos_lag1	4.65593998731341e-05	0.000339406402343838	0.000429242119382964
cseguro_accidentes_personales_tend6	4.63054149886843e-05	0.00120233405105215	0.000402414486921529
vmr_mpagosdolares_tend6	4.62281077271583e-05	0.00025570488342589	0.000214621059691482
Visa_status_tend6	4.62088094722049e-05	0.000835457998956418	0.000160965794768612
vm_fultimo_cierre_delta1	4.56849021348938e-05	0.000222352515053551	0.000617035546613011
ctarjeta_master_delta1	4.54064465078146e-05	1.28239194840241e-06	2.68276324614353e-05
Visa_status_delta1	4.52481605654327e-05	0.00107978419826871	0.000134138162307176
ccomisiones_mantenimiento	4.38888029658328e-05	0.00149583896381428	0.000778001341381623
vmr_Visa_mlimitecompra_delta1	4.33559042349586e-05	0.000809311452008435	0.000214621059691482
vm_mpagosdolares_tend6	4.31398849967612e-05	0.000232784671776666	0.000134138162307176
ctarjeta_visa	4.28754444601195e-05	6.71729115829834e-07	2.68276324614353e-05
ctransferencias_recibidas_delta1	4.23076581440698e-05	0.00129804527234402	0.000831656606304494
mplazo_fijo_dolares_avg6	4.20904074002225e-05	0.000880850602844313	0.00050972501676727
minversion2_tend6	4.17364709179484e-05	0.000235563187664871	0.000134138162307176
Master_mpagosdolares_lag1	4.02127088851964e-05	0.000301423174157824	0.000107310529845741
cliente_edad_delta1	4.0140859084304e-05	4.67869506889356e-05	0.000160965794768612
mv_status07_lag1	3.99868984993782e-05	0.00011645340217159	0.00050972501676727
mpagodeservicios_tend6	3.99525975856171e-05	0.000100830611371609	5.36552649228706e-05
mtarjeta_master_consumo_delta1	3.9451859838654e-05	0.000517373907183239	0.000295103957075788
vm_Finiciomora_tend6	3.8669152339388e-05	0.00053079831178596	0.000348759221998659
vm_Finiciomora_lag1	3.85649402754378e-05	5.85930987853387e-05	5.36552649228706e-05
Master_cconsumos_avg6	3.85146829444258e-05	0.00148586480421559	0.000697518443997317
vmr_mconsumosdolares_lag1	3.84116596805505e-05	3.97948612559796e-05	0.000134138162307176
ctarjeta_master_debitos_automaticos_delta1	3.67215022165525e-05	0.00139745100377296	0.000402414486921529
matm_avg6	3.67196308848828e-05	0.00074649460196447	0.00096579476861167
vm_status01_lag1	3.66115762457008e-05	0.00117066100546938	0.000241448692152918
Visa_msaldodolares_avg6	3.645461859162e-05	0.00054384614097526	0.000348759221998659
mttarjeta_master_debitos_automaticos_delta1	3.59989104845266e-05	0.000902162735701096	0.000429242119382964
ccajas_transacciones_delta1	3.5930951231139e-05	0.000147994137473964	0.000134138162307176
vm_mpagosdolares	3.51746985634712e-05	3.43192511905788e-05	2.68276324614353e-05
Master_mconsumospesos_delta1	3.42447636920819e-05	0.000186944248478218	0.000268276324614353
mtarjeta_master_descuentos	3.309488869875e-05	0.000385633578769582	8.04828973843059e-05
Master_mpagosdolares_avg6	3.28136554834856e-05	8.95537043967683e-05	0.000160965794768612
mcaja_ahorro_adicional_delta1	3.27917970483246e-05	0.000626143135378291	0.000214621059691482
cpagodeservicios_avg6	3.25961683546049e-05	2.33476756320248e-05	2.68276324614353e-05
ccajas_transacciones_avg6	3.24462181565447e-05	0.000525739987989483	0.000697518443997317
minversion1_pesos_avg6	3.18413281729562e-05	0.000306929317364853	0.000107310529845741
vm_Fvencimiento_delta1	3.17204591907445e-05	5.81758125164141e-05	0.000187793427230047
mplazo_fijo_dolares	3.15042993816096e-05	0.001327316377452	0.000295103957075788
mcajeros_propios_descuentos_lag1	3.14893739087855e-05	0.000149897369968815	0.000107310529845741
Visa_mpagosdolares_tend6	3.11522792846728e-05	0.000876626851585686	0.000375586854460094
ccajas_consultas_lag1	3.11366746846772e-05	0.000733741926477579	0.000295103957075788
vmr_msaldodolares2_delta1	3.10964616381113e-05	0.000393093843040844	0.000214621059691482
cpagodeservicios_tend6	3.10796600380618e-05	0.000695473722303031	0.000214621059691482
matm_other_lag1	3.04676466502545e-05	0.000455635894810152	0.000482897384305835
ctarjeta_master_debitos_automaticos_lag1	3.02382475481612e-05	0.000206424392837283	0.000107310529845741
cinversion1_tend6	2.96704451689581e-05	0.000357919663884663	8.04828973843059e-05
ctarjeta_master_descuentos_avg6	2.89630388410959e-05	0.00021867836034424	8.04828973843059e-05
vm_mpagado_lag1	2.86101377348503e-05	0.000161774762062352	0.000187793427230047
ccajas_otras_avg6	2.80102160132901e-05	0.000607477208129323	0.000241448692152918
cplazo_fijo	2.75209193256218e-05	0.00027315966272359	0.000107310529845741
Visa_mpagosdolares_delta1	2.73488440823916e-05	0.000286217669626767	0.000268276324614353
ccajeros_propios_descuentos_avg6	2.69801494890087e-05	0.000600973648962425	0.000187793427230047
mcheques_depositados_delta1	2.68613081516161e-05	0.00120312791273449	0.000241448692152918
vmr_msaldodolares_lag1	2.67567742039417e-05	0.000528549037019317	0.000107310529845741
ccajeros_propios_descuentos_tend6	2.64332242930826e-05	0.000359354721541209	0.000295103957075788
ccajas_depositos_avg6	2.56875381898449e-05	0.000192511457968505	0.000214621059691482
mttarjeta_master_debitos_automaticos_lag1	2.47580132856715e-05	0.000246606007220559	0.000160965794768612
mtarjeta_visa_descuentos_lag1	2.43128508743258e-05	4.93720900134928e-05	0.000107310529845741
Master_status_delta1	2.34567673572878e-05	5.87559422073581e-05	5.36552649228706e-05
ccajas_depositos_tend6	2.33124860938797e-05	0.00067114898613889	0.000321931589537223
ccajas_depositos	2.27108364775817e-05	0.000552069733787238	0.000160965794768612
mttarjeta_master_debitos_automaticos_tend6	2.21203919328942e-05	0.000238351881266953	0.000321931589537223
Master_msaldototal_lag1	2.14734731052196e-05	0.00025111473446772	0.000429242119382964
ccuenta_debitos_automaticos_lag1	2.13432464527373e-05	7.27910096426511e-05	0.000134138162307176
ctarjeta_visa_debitos_automaticos	2.10842413318236e-05	0.000569534690798813	0.000375586854460094
Master_mconsumosdolares_lag1	2.10371246907604e-05	2.67266766389264e-05	5.36552649228706e-05
cprestamos_personales_delta1	2.07790098059228e-05	0.00100335974477225	0.000241448692152918
Visa_msaldodolares_delta1	2.07476543222619e-05	4.36929256705678e-05	0.000187793427230047
mcheques_depositados	2.0661554773528e-05	0.000336353088180975	0.000134138162307176
matm_lag1	2.05263355661158e-05	6.15039249539347e-05	0.000241448692152918
vmr_mconsumosdolares_delta1	2.04524765169377e-05	4.93415568718642e-05	0.000107310529845741
cpagomiscuentas_lag1	2.01975869680721e-05	0.000187595622166295	0.000321931589537223
ccajas_transacciones_lag1	2.01172493380278e-05	7.3075985631185e-06	5.36552649228706e-05
cpagomiscuentas	2.00946036478788e-05	0.000302074547845901	0.000429242119382964
ccheques_depositados_delta1	1.96896711128754e-05	0.000110183930423845	8.04828973843059e-05
Visa_delinquency_avg6	1.96693129252464e-05	0.000740937570188059	0.000268276324614353
Visa_delinquency_delta1	1.94085407203289e-05	0.000110784415542542	8.04828973843059e-05
Master_mpagominimo_avg6	1.93506784765424e-05	0.000275154494643327	0.000670690811535882
Visa_msaldodolares_tend6	1.9337282382459e-05	0.000266198106432262	0.000321931589537223
mttarjeta_master_debitos_automaticos	1.91993375890287e-05	0.000183962178312489	0.000134138162307176
vmr_mpagosdolares_avg6	1.91156743061818e-05	0.000741242901604346	0.000187793427230047
ccheques_depositados	1.843265888504e-05	0.000106479242572905	5.36552649228706e-05
mtarjeta_master_descuentos_avg6	1.76777185067249e-05	0.00188040388262686	0.000214621059691482
vm_status05_tend6	1.69411409417964e-05	0.000454007460589958	0.000241448692152918
cinversion2	1.68966562781684e-05	0.000521434815019847	0.000160965794768612
catm_trx_lag1	1.68265659465625e-05	0.000144655847322567	0.000214621059691482
ctarjeta_master_transacciones_delta1	1.67153026105397e-05	2.16378197008216e-05	8.04828973843059e-05
catm_trx_other_lag1	1.66688172657222e-05	0.000215116160487566	0.000268276324614353
Visa_msaldodolares_lag1	1.58986545071566e-05	0.000135913191102903	0.000160965794768612
catm_trx	1.56788924945449e-05	0.00086681553540902	0.000429242119382964
ctarjeta_master_debitos_automaticos_avg6	1.54571836857918e-05	0.000267622986374932	0.000241448692152918
mcheques_emitidos_delta1	1.51396445643035e-05	0.000485354819328684	0.000160965794768612
vmr_mconsumototal	1.5090765403553e-05	0.000198933595424393	0.000482897384305835
cforex_buy_tend6	1.49765986492519e-05	0.000540711405101388	0.000160965794768612
ccajas_extracciones	1.48900706662101e-05	0.000386457973593555	0.000160965794768612
minversion1_pesos_delta1	1.47705359316766e-05	0.000897358854751525	0.000134138162307176
ctarjeta_master_descuentos_tend6	1.42835126512594e-05	2.90777285443308e-05	5.36552649228706e-05
vm_madelantopesos_tend6	1.42255988955149e-05	0.000131618195847143	2.68276324614353e-05
minversion1_pesos_tend6	1.36301432186556e-05	0.00042591697029162	0.000187793427230047
vm_cadelantosefectivo_tend6	1.36129563546995e-05	4.92601351608545e-06	2.68276324614353e-05
vm_mconsumosdolares_lag1	1.35882316833977e-05	0.00104367366943591	0.000241448692152918
vmr_msaldodolares_tend6	1.33661502218242e-05	0.0011775411400497	0.00050972501676727
cseguro_vivienda_avg6	1.32819643038924e-05	0.00044022683600157	0.00050972501676727
Master_mpagado_lag1	1.31715510986582e-05	0.000427148473670641	0.000134138162307176
mforex_buy_avg6	1.2970875647912e-05	0.00049374125556268	0.000160965794768612
Visa_madelantopesos_avg6	1.2892286040737e-05	0.000107313815110754	0.000107310529845741
Master_fechaalta_delta1	1.25834483724358e-05	1.83198849771773e-05	0.000187793427230047
mprestamos_prendarios_tend6	1.25741154640163e-05	0.000954761161013347	0.000160965794768612
Visa_cadelantosefectivo_avg6	1.23960297173447e-05	4.44053656419025e-05	2.68276324614353e-05
Master_mconsumototal_avg6	1.22184791886806e-05	0.000280406195003451	0.000321931589537223
vm_status02_tend6	1.21202333982938e-05	4.63187758506299e-05	8.04828973843059e-05
vmr_mpagosdolares	1.1683634154168e-05	0.000156930170257276	0.000134138162307176
Master_mpagosdolares_delta1	1.16815158762176e-05	2.49252212828373e-05	2.68276324614353e-05
mprestamos_prendarios_avg6	1.14393469823826e-05	0.00121953438750294	0.000187793427230047
mcheques_depositados_lag1	1.12176395718488e-05	8.96147706800256e-05	8.04828973843059e-05
mpagodeservicios_delta1	1.06284591702339e-05	0.000108596207059156	2.68276324614353e-05
Visa_msaldodolares	1.05873963199443e-05	0.000480642537803999	0.000268276324614353
vm_mpagosdolares_avg6	1.04959972161314e-05	0.000300354514200822	0.000214621059691482
tcuentas_lag1	1.01365086272222e-05	6.25929403386891e-06	5.36552649228706e-05
cforex	9.98955687865989e-06	8.22359281197736e-05	2.68276324614353e-05
cinversion2_lag1	9.75970289995719e-06	0.000407189976759394	0.000107310529845741
vm_mconsumospesos_delta1	9.69979337774179e-06	0.000260630896941976	0.000375586854460094
ccajas_otras	9.65130026851312e-06	0.000485894238164123	0.000134138162307176
ctarjeta_visa_descuentos	9.54969704174887e-06	0.000229334426772631	8.04828973843059e-05
ccajas_extracciones_lag1	9.50733393486128e-06	0.000544690891226986	0.000160965794768612
Visa_madelantopesos	9.43107637525562e-06	8.34572537849188e-07	2.68276324614353e-05
Master_mpagado	9.42445425354627e-06	7.20480365296878e-05	8.04828973843059e-05
vmr_mpagosdolares_delta1	9.34704550559063e-06	0.000274442054671992	0.000107310529845741
vm_Finiciomora_avg6	9.33995942839913e-06	0.000472083080434106	0.000214621059691482
cforex_sell_lag1	9.12686605709144e-06	4.3407949682034e-05	5.36552649228706e-05
cseguro_vida_tend6	8.98123369959028e-06	0.000255450440578985	0.000348759221998659
tcallcenter_lag1	8.91935844488512e-06	7.02567588874749e-05	0.000107310529845741
mforex_buy_tend6	8.91557400982626e-06	0.000539978609702301	0.000160965794768612
cplazo_fijo_delta1	8.77871813053694e-06	0.000234026352869564	5.36552649228706e-05
mextraccion_autoservicio_delta1	8.69978132780445e-06	0.000460317643193208	0.00050972501676727
vm_mconsumosdolares_delta1	8.6024752403772e-06	6.17380123730875e-05	0.000160965794768612
mforex_sell	8.58226186733274e-06	0.000181916457823371	0.000107310529845741
vm_madelantopesos_avg6	8.46616699218974e-06	4.65223301281541e-05	2.68276324614353e-05
ccuenta_debitos_automaticos_delta1	8.45318238694074e-06	0.000115211721078693	8.04828973843059e-05
Master_Finiciomora_avg6	8.10977627053456e-06	0.00043265461687767	0.000160965794768612
Master_mpagominimo_lag1	8.08191738629232e-06	0.000155057470904053	0.000241448692152918
vmr_msaldodolares	8.07665567664501e-06	0.000311102180054099	0.000107310529845741
ccaja_seguridad_delta1	7.93732785685313e-06	0.000259470637560088	5.36552649228706e-05
ctarjeta_visa_tend6	7.90855855355895e-06	3.0930072469801e-05	2.68276324614353e-05
cplazo_fijo_lag1	7.89803108873388e-06	0.000101858560473106	8.04828973843059e-05
ccheques_emitidos_delta1	7.77034575220938e-06	0.000164634699661567	2.68276324614353e-05
mcajeros_propios_descuentos_tend6	7.76945342219379e-06	0.000970536617521472	0.000214621059691482
cinversion1_avg6	7.61907950735146e-06	0.000800884304918934	0.000134138162307176
mprestamos_prendarios	7.44086913492531e-06	0.000577768461324667	0.000134138162307176
cseguro_vivienda_lag1	7.10953595870513e-06	2.41618927421216e-05	0.000134138162307176
mtarjeta_master_descuentos_lag1	6.97987401235944e-06	5.21811390433267e-05	5.36552649228706e-05
vm_mconsumototal	6.9286492934931e-06	8.78133153239365e-05	0.000241448692152918
mpagodeservicios_lag1	6.83548726690579e-06	0.000231624412394778	2.68276324614353e-05
vm_status03_delta1	6.74189711135151e-06	0.000406538603071316	5.36552649228706e-05
cprestamos_prendarios_lag1	6.60866902467495e-06	3.09198947559248e-05	2.68276324614353e-05
vm_mpagosdolares_delta1	6.47575260930011e-06	0.000454149948584225	0.000107310529845741
ctarjeta_master_descuentos	6.15842299175301e-06	4.32043954045098e-05	5.36552649228706e-05
Visa_Finiciomora_tend6	5.72267245092592e-06	0.00021725348040157	0.000134138162307176
vm_msaldodolares_lag1	5.31691144366537e-06	0.000300863399894632	0.000160965794768612
minversion2_delta1	5.13220364214503e-06	0.000360189294079058	0.000134138162307176
ctarjeta_master_tend6	4.90127293210975e-06	0.000389307733478894	0.000134138162307176
ctarjeta_visa_descuentos_delta1	4.83664685534869e-06	0.000140360852066807	8.04828973843059e-05
ccajeros_propios_descuentos	4.62154593654179e-06	0.000180959752719007	0.000107310529845741
vmr_Master_mlimitecompra_delta1	4.53697287382441e-06	0.000413378026796129	0.000241448692152918
cseguro_accidentes_personales_lag1	4.49491053040388e-06	5.42777481018258e-05	0.000160965794768612
cseguro_auto	4.42540154337252e-06	2.13223105706591e-05	2.68276324614353e-05
cinversion1	4.42027596659518e-06	0.000782829040502538	0.000160965794768612
vmr_msaldodolares2_lag1	4.31557828031236e-06	0.00115068215313038	0.000187793427230047
vm_msaldodolares_delta1	4.21200544206325e-06	0.000380799164678382	0.000241448692152918
cseguro_vida	3.91455718198568e-06	0.000589309988860289	0.000241448692152918
cprestamos_hipotecarios_lag1	3.75497082895145e-06	1.44116428487128e-05	2.68276324614353e-05
ccajeros_propios_descuentos_delta1	3.56435613178083e-06	0.000134722398579387	0.000107310529845741
ccajas_extracciones_delta1	3.47491874004083e-06	0.000237293399023827	8.04828973843059e-05
Master_Finiciomora	3.45631286422135e-06	0.000425815193152858	8.04828973843059e-05
mprestamos_prendarios_delta1	3.30789807683936e-06	0.000759908828853314	0.000160965794768612
ccheques_emitidos_avg6	3.18377393542382e-06	0.00124847980576688	0.000134138162307176
vm_fechaalta_delta1	3.10972966134123e-06	1.96429877810845e-06	2.68276324614353e-05
ccajas_extracciones_avg6	3.02016735622274e-06	0.00124280064142396	0.0004560697518444
mpagodeservicios_avg6	2.98896572765902e-06	1.45846639846084e-05	2.68276324614353e-05
Visa_madelantopesos_tend6	2.95653589786039e-06	4.43748325002739e-05	5.36552649228706e-05
vm_status04_avg6	2.93255196614055e-06	3.1123449033449e-05	0.000187793427230047
Visa_Finiciomora_avg6	2.88613733310333e-06	3.19681992851744e-05	5.36552649228706e-05
vm_status04_lag1	2.85087565901454e-06	0.000147617562060544	2.68276324614353e-05
mttarjeta_master_debitos_automaticos_avg6	2.69598045317741e-06	0.000259032995863411	0.000107310529845741
Visa_delinquency_lag1	2.61241906470234e-06	0.000315651618156765	0.000214621059691482
mprestamos_hipotecarios_delta1	2.45738994287198e-06	0.000199310170837813	5.36552649228706e-05
mcajeros_propios_descuentos_avg6	2.24668889799948e-06	0.000415566235279514	0.000187793427230047
Master_delinquency_tend6	2.21210258778377e-06	0.000138131932727917	5.36552649228706e-05
ctarjeta_master_avg6	2.10651252989004e-06	0.00023647918191373	2.68276324614353e-05
cseguro_auto_delta1	2.08259779412017e-06	0.00014733258607201	2.68276324614353e-05
ctarjeta_master_descuentos_delta1	1.99703460939275e-06	0.000264885181342231	5.36552649228706e-05
Master_Finiciomora_tend6	1.9277059454879e-06	0.000847142014486307	0.000134138162307176
ctarjeta_debito_delta1	1.88939343120274e-06	0.000629735868376593	8.04828973843059e-05
ctarjeta_visa_avg6	1.82365997259286e-06	2.67368543528026e-05	8.04828973843059e-05
Visa_mpagosdolares	1.79225332853148e-06	9.39402990774147e-06	5.36552649228706e-05
cseguro_vida_delta1	1.73246646938753e-06	0.000235899052222786	2.68276324614353e-05
vm_Finiciomora	1.67857901472997e-06	0.000738871494271189	0.000268276324614353
cseguro_auto_avg6	1.60890376071063e-06	9.59453087110279e-05	0.000134138162307176
vmr_mpagosdolares_lag1	1.58479914813848e-06	6.94120086357495e-06	2.68276324614353e-05
vm_status02_delta1	1.54225081126259e-06	0.000168736318353679	2.68276324614353e-05
mtarjeta_master_descuentos_tend6	1.50243778785694e-06	0.000502707821487621	8.04828973843059e-05
tcuentas_tend6	1.4538697608271e-06	0.000428084823347252	0.000160965794768612
cinversion2_avg6	1.22511720043615e-06	0.000740876503904802	0.000107310529845741
tcuentas_delta1	1.22005316625229e-06	0.000120168267736407	2.68276324614353e-05
mprestamos_hipotecarios_lag1	1.13674084934799e-06	5.50003657870367e-05	2.68276324614353e-05
cseguro_vivienda_delta1	1.11518012055169e-06	0.000154090588085813	2.68276324614353e-05
mcheques_emitidos_avg6	8.35862115787826e-07	0.000515959204954446	8.04828973843059e-05
mcheques_emitidos	7.98326435783402e-07	0.000540640161104254	5.36552649228706e-05
minversion2	7.71148155808901e-07	0.000655241219350374	8.04828973843059e-05
vm_status03_avg6	6.92916862826037e-07	4.53417153185138e-05	0.000134138162307176
vm_msaldodolares	6.82379558653725e-07	0.0002686204023348	8.04828973843059e-05
mprestamos_hipotecarios	6.74585090285255e-07	6.14937472400584e-05	2.68276324614353e-05
cinversion1_lag1	6.36689237906382e-07	2.33273202042724e-05	2.68276324614353e-05
ctarjeta_master_debitos_automaticos	5.63018300656287e-07	0.000250839936193062	5.36552649228706e-05
cprestamos_prendarios_avg6	5.27911777744185e-07	0.000412278833697499	5.36552649228706e-05
ccheques_depositados_rechazados_avg6	4.84450754409003e-07	0.000239328941799069	2.68276324614353e-05
ccheques_emitidos_rechazados_avg6	4.57029142094175e-07	0.000247817155171828	8.04828973843059e-05
vm_status05_avg6	4.17491775647243e-07	1.0198069303962e-05	0.000107310529845741
Visa_Finiciomora	4.06740905601996e-07	0.000430975294088096	0.000134138162307176
cseguro_vivienda	3.7904534370686e-07	3.0054789076447e-05	8.04828973843059e-05
ccajeros_propios_descuentos_lag1	3.24965677670916e-07	1.4035067435293e-05	2.68276324614353e-05
Visa_Finiciomora_delta1	3.22118940494038e-07	0.000289332050072887	0.000107310529845741
ccajas_depositos_lag1	3.12611124351204e-07	5.60792034579149e-06	2.68276324614353e-05
minversion2_avg6	2.92977933985229e-07	0.000275103606073946	5.36552649228706e-05
mtarjeta_master_descuentos_delta1	2.83638633750906e-07	9.88968457351287e-05	5.36552649228706e-05
mcheques_emitidos_tend6	2.57046945524118e-07	0.000559591064341757	8.04828973843059e-05
ctarjeta_master_transacciones_lag1	2.57020791000287e-07	0.000127730309146431	5.36552649228706e-05
Master_mconsumosdolares	2.07658092382111e-07	0.000253068855531952	5.36552649228706e-05
mpagodeservicios	1.81512659132263e-07	0.000185081726838872	2.68276324614353e-05
mcajeros_propios_descuentos_delta1	1.79497941831554e-07	0.000433387412276757	2.68276324614353e-05
cforex_lag1	1.71469243104102e-07	1.56736793693628e-05	2.68276324614353e-05
mprestamos_prendarios_lag1	1.67209955820522e-07	0.000491288426518514	5.36552649228706e-05
cforex_buy_delta1	1.47835487140606e-07	4.91685357359686e-05	2.68276324614353e-05
ccajas_depositos_delta1	1.37690447880486e-07	3.35864557914917e-06	2.68276324614353e-05
ctarjeta_visa_descuentos_lag1	1.35812892857005e-07	4.54740255989045e-05	5.36552649228706e-05
Master_mconsumosdolares_delta1	1.09877479638587e-07	3.89806441458828e-06	2.68276324614353e-05
mcheques_depositados_rechazados_avg6	1.08281104079043e-07	0.000777251653298375	5.36552649228706e-05
ccheques_emitidos_tend6	1.0283728794419e-07	0.000245435570124795	2.68276324614353e-05
vm_mpagosdolares_lag1	9.37165067444937e-08	3.86244241602155e-05	5.36552649228706e-05
Master_delinquency_delta1	7.40128249361119e-08	7.32795399087092e-05	2.68276324614353e-05
minversion2_lag1	6.8459554556204e-08	0.000363761671649608	2.68276324614353e-05
cseguro_vivienda_tend6	6.40604083859133e-08	1.19079252351652e-05	2.68276324614353e-05
mcaja_ahorro_adicional_lag1	5.47784172653727e-08	0.00016811547780723	2.68276324614353e-05
Master_madelantodolares_delta1	5.17059931010561e-08	2.34087419152821e-06	2.68276324614353e-05
cforex_delta1	4.97721198568564e-08	5.76262159670988e-05	2.68276324614353e-05
catm_trx_other	3.1326672582343e-08	1.83809512604345e-05	2.68276324614353e-05
Master_msaldodolares_lag1	2.38760761509261e-08	0.000187829709585448	2.68276324614353e-05
vmr_madelantopesos	2.17333044084908e-08	0.000154029521802556	2.68276324614353e-05
mforex_buy	2.10752281685124e-08	1.93783672203031e-05	2.68276324614353e-05
cprestamos_prendarios_tend6	1.97947379792313e-08	0.000332343068913749	2.68276324614353e-05
minversion1_pesos	1.35451594019545e-08	0.000187483667313657	2.68276324614353e-05
Master_msaldodolares	1.17212358493417e-08	0.000135852124819646	2.68276324614353e-05
cseguro_accidentes_personales_delta1	9.12387589184089e-09	5.62420468799343e-05	2.68276324614353e-05
cseguro_auto_lag1	1.92204553664412e-09	1.37297360190068e-05	2.68276324614353e-05
