Feature	Gain	Cover	Frequency
azar_under	0.715058289366854	0.0685718619355057	0.0258407079646018
ctrx_quarter	0.0644573827017638	0.0278081710777745	0.0173451327433628
ctrx_quarter_normalizado	0.0430954108873073	0.041264671890173	0.0223008849557522
ctrx_quarter_normalizado_lag1	0.0183470903420517	0.00765402465346678	0.0063716814159292
mpasivos_margen	0.0151928949731147	0.0147372806990275	0.0261946902654867
cpayroll_trx	0.0103144261692329	0.0328610375766695	0.0120353982300885
mpayroll	0.00869676268534259	0.0206868793074253	0.0102654867256637
mtarjeta_visa_consumo	0.00697456376981318	0.00731426322723084	0.00884955752212389
mpayroll_sobre_edad	0.006119702253147	0.0164595276780882	0.00920353982300885
mcomisiones_mantenimiento_tend6	0.00579360974013515	0.0276721202160309	0.016283185840708
mprestamos_personales	0.00489275243561711	0.0206018973908523	0.0106194690265487
cpayroll_trx_avg6	0.00465364622278281	0.00653632626166976	0.00566371681415929
mcuentas_saldo	0.00465190900433706	0.017021485563032	0.0141592920353982
mcaja_ahorro_lag1	0.00390496363117084	0.00335505680805062	0.00778761061946903
mcomisiones_avg6	0.00375982471024242	0.00809476028965268	0.00884955752212389
mcaja_ahorro	0.0035758961615449	0.00737736795244816	0.00884955752212389
mprestamos_personales_lag1	0.0032140826098067	0.0042484641164356	0.00424778761061947
mrentabilidad_annual_avg6	0.00240422490674613	0.00968531189643431	0.0152212389380531
cprestamos_personales	0.00202895980222701	0.00610047808312714	0.00353982300884956
ccomisiones_mantenimiento_tend6	0.00202426470697238	0.023478083093895	0.00991150442477876
cpayroll_trx_lag1	0.00149616348894609	0.00326997514744412	0.00141592920353982
ctrx_quarter_normalizado_avg6	0.0014179080019127	0.00688483191484573	0.00530973451327434
mcomisiones_otras_avg6	0.00141296744576083	0.00817216165967688	0.0113274336283186
mpasivos_margen_avg6	0.00125508621541598	0.00487631955953567	0.0102654867256637
cdescubierto_preacordado	0.0011955075049359	0.00580560147198255	0.00389380530973451
mcomisiones_mantenimiento	0.00113537903759641	0.00167736216396942	0.0031858407079646
vm_status01_avg6	0.00106197277031201	0.00326355828128662	0.00247787610619469
cproductos_tend6	0.00100919788206072	0.00413911140766859	0.00495575221238938
mpayroll_lag1	0.000999284580928725	0.00249104074154768	0.00176991150442478
vm_msaldopesos	0.000961203585839577	0.000381687168332386	0.00106194690265487
vmr_msaldopesos	0.00093399236347076	0.000638893782811423	0.00212389380530973
ccomisiones_otras_avg6	0.000848509783119073	0.0157271072398309	0.00778761061946903
mpasivos_margen_lag1	0.000842551510837098	0.00115151161916584	0.00530973451327434
cdescubierto_preacordado_avg6	0.000839121297224928	0.00421225703226191	0.00283185840707965
mrentabilidad_annual	0.000834565563599802	0.00225557832637957	0.00460176991150442
mactivos_margen_avg6	0.000817634461965549	0.00516501204060101	0.00566371681415929
mcaja_ahorro_avg6	0.00079777593376866	0.00303737206123738	0.00849557522123894
mcomisiones_mantenimiento_avg6	0.000780732229420869	0.0102184105076749	0.00814159292035398
ccomisiones_mantenimiento_delta1	0.000753257276951117	0.000882801192818948	0.00141592920353982
mcuenta_debitos_automaticos	0.000732851537984942	0.00879655930961436	0.00460176991150442
mcuentas_saldo_tend6	0.000713984348337891	0.0012399513289014	0.00353982300884956
mactivos_margen_delta1	0.000712308522690749	0.00517651585246887	0.00601769911504425
mcuentas_saldo_lag1	0.000694075553959026	0.00205751992378758	0.00389380530973451
ctarjeta_visa_transacciones	0.00064382755806702	0.000784520071774477	0.00141592920353982
ccajas_consultas_tend6	0.000621557879996834	0.00783379664991045	0.0031858407079646
ctrx_quarter_tend6	0.000595140433820836	0.00383465936930451	0.00707964601769912
tcallcenter_tend6	0.000572849500992417	0.00471250660845782	0.0031858407079646
vm_msaldototal	0.000551959372090505	0.0015808764355286	0.00212389380530973
mactivos_margen_lag1	0.00054662253858401	0.00133261353605665	0.0031858407079646
ccaja_seguridad	0.000535079146217307	0.00432217495721895	0.00176991150442478
vm_status06_avg6	0.000534596397875298	0.00022362612318847	0.000707964601769912
mv_status07	0.000534400464136278	0.00200372464170031	0.00106194690265487
mcuenta_corriente	0.000526219995114056	0.000573794176923373	0.00247787610619469
mcuenta_corriente_tend6	0.000524723193664367	0.00186205486606754	0.00389380530973451
mtarjeta_master_consumo	0.000520733861500022	0.00284203999556206	0.00212389380530973
ccaja_ahorro	0.000515943377375189	0.00660711127746938	0.0031858407079646
mv_status07_delta1	0.000485956175771718	0.00595697966687953	0.00176991150442478
Visa_mpagospesos_tend6	0.000474700249757585	0.00369604841070018	0.00707964601769912
vm_status04	0.000457905087463823	0.00622555710118171	0.00247787610619469
vm_mpagominimo_avg6	0.000438689758979204	0.000888021130574017	0.00212389380530973
ccaja_seguridad_avg6	0.000435539841019863	0.00311839746448007	0.00141592920353982
ccallcenter_transacciones_tend6	0.000429843085109667	0.00710463451674864	0.00530973451327434
mv_status07_avg6	0.000426556552040579	0.00109169844705522	0.00141592920353982
mcuenta_corriente_lag1	0.000421267887841478	0.00283918066660068	0.00530973451327434
thomebanking_avg6	0.00040220461082265	0.00230036339743738	0.00460176991150442
vm_Fvencimiento	0.000391734982735694	0.00146051863506142	0.00495575221238938
vmr_msaldototal	0.000381961066347306	0.000905010864286373	0.00176991150442478
ctrx_quarter_delta1	0.000365186221280482	0.00557263265765284	0.00495575221238938
cliente_edad_lag1	0.000361672083046108	0.00980507123270027	0.00743362831858407
mcomisiones_otras_lag1	0.000360341539221972	0.00313458924592413	0.00530973451327434
cproductos	0.000354466609560005	0.00237613561491382	0.00212389380530973
vm_mpagominimo	0.000352137185027188	0.00170625468568378	0.00141592920353982
mrentabilidad_annual_lag1	0.000350706413986305	0.00293114466552118	0.00495575221238938
vm_msaldototal_lag1	0.000343884381857105	0.0014669687492301	0.00141592920353982
mrentabilidad_annual_delta1	0.000337331225822521	0.00190567625673409	0.00672566371681416
vm_fechaalta	0.000331292350927906	0.00159776642520742	0.00389380530973451
Visa_fechaalta_avg6	0.000326954328770505	0.000867207875576101	0.00353982300884956
Master_status	0.00031490767751824	0.000298700132430153	0.000707964601769912
cliente_edad	0.000314553292284942	0.00636676140465799	0.00601769911504425
ccomisiones_mantenimiento_avg6	0.00030889100508049	0.0029807839462111	0.00460176991150442
Master_msaldototal	0.000308837934515435	0.00303647436493556	0.00247787610619469
mcomisiones_lag1	0.0003023389211159	0.00118392843006515	0.00389380530973451
mcuenta_corriente_avg6	0.000301739279037977	0.0017126383038301	0.00353982300884956
chomebanking_transacciones_tend6	0.000300753356406175	0.00393939060451767	0.00495575221238938
mactivos_margen_tend6	0.000291416380173999	0.000577783938264827	0.00212389380530973
vmr_mpagominimo_tend6	0.000290917638384808	0.00186268657827993	0.0031858407079646
vmr_mpagominimo_avg6	0.000288080521936339	0.00182385290122312	0.00283185840707965
mrentabilidad_tend6	0.000284149104923345	0.00228194399924434	0.00495575221238938
ccallcenter_transacciones_avg6	0.000281793453893605	0.00746946494341338	0.00672566371681416
mcuentas_saldo_avg6	0.000271453882614699	0.00401306819728984	0.00389380530973451
ctrx_quarter_lag1	0.00026936831328706	0.00272334459565381	0.00601769911504425
chomebanking_transacciones	0.000269242568293793	0.00176493742541432	0.0031858407079646
Master_fechaalta	0.000269020705971947	0.00181876595551276	0.00460176991150442
Visa_fechaalta_lag1	0.0002570622451368	0.00114213568001343	0.0031858407079646
mprestamos_personales_avg6	0.000257010436846892	0.00265681532528508	0.00141592920353982
mtarjeta_master_consumo_avg6	0.000244400948153186	0.00332111058863709	0.00141592920353982
tcallcenter	0.00024013962702856	0.000672042049956666	0.000707964601769912
ctrx_quarter_normalizado_tend6	0.000239710640051236	0.00173431600711867	0.00247787610619469
Visa_mconsumospesos_avg6	0.000237838800020095	0.00128124535878544	0.00283185840707965
tcallcenter_delta1	0.000235350578191135	0.00262283585786036	0.00141592920353982
Visa_cconsumos_avg6	0.000228891995970005	0.00228383913588153	0.0031858407079646
cprestamos_personales_avg6	0.000228677344612686	0.000234697710911003	0.000353982300884956
mpayroll_sobre_edad_avg6	0.000226568851425783	0.00651148999731921	0.00495575221238938
vmr_mpagominimo	0.000223583297210924	0.00100545310605747	0.0031858407079646
mcuenta_debitos_automaticos_avg6	0.000215874143745499	0.00117192589802961	0.00141592920353982
mrentabilidad_avg6	0.000214550897460296	0.00118791819140661	0.00389380530973451
Visa_msaldopesos	0.000213038687685646	0.000961532483290298	0.00283185840707965
mautoservicio_lag1	0.000212991660504501	0.000302623397749249	0.00141592920353982
mttarjeta_visa_debitos_automaticos_avg6	0.000211956607444141	0.0021223535455862	0.00283185840707965
mcomisiones_otras_tend6	0.0002060591865115	0.0011254119303905	0.0031858407079646
mcuenta_debitos_automaticos_lag1	0.000200828169176639	0.00233118430380011	0.000707964601769912
Visa_mpagospesos_delta1	0.000200037557077374	0.00152821158582141	0.00247787610619469
mttarjeta_visa_debitos_automaticos_delta1	0.000198719166434537	0.000928916184323915	0.00176991150442478
ccaja_ahorro_lag1	0.000195697289851876	0.00402826253839854	0.00212389380530973
mautoservicio_avg6	0.000194037945636973	0.00248306121886478	0.00353982300884956
Visa_msaldototal_lag1	0.000190871643550327	0.0011247802181781	0.00212389380530973
mcomisiones_mantenimiento_delta1	0.000189754790209966	0.00368407912667582	0.00176991150442478
mcomisiones_tend6	0.000188468323253952	0.000898527502106511	0.0031858407079646
Visa_fechaalta	0.000186966597282735	0.000322372716389444	0.00141592920353982
mprestamos_personales_tend6	0.000185572521570946	0.00299248724614603	0.00141592920353982
Visa_msaldopesos_tend6	0.000184988644424551	0.00135475671150172	0.00212389380530973
mtransferencias_recibidas_tend6	0.000184253739922147	0.000824085205077224	0.0031858407079646
ccomisiones_mantenimiento	0.000177537033649214	0.00103926633342628	0.000707964601769912
Master_fechaalta_lag1	0.000176642715364601	0.00075938457532332	0.0031858407079646
vm_status05	0.000175396614881453	0.0025123194687021	0.00106194690265487
ctrx_quarter_avg6	0.000173537585936629	0.00186122366578807	0.00176991150442478
cliente_edad_avg6	0.000169315522293196	0.0037304933502814	0.0031858407079646
mpagomiscuentas_avg6	0.00016891433036769	0.00362200508980504	0.00176991150442478
Visa_mpagominimo_avg6	0.000168694311781507	0.000801144077363866	0.00247787610619469
vm_mpagospesos_tend6	0.000167515828386956	0.00206859151151011	0.0031858407079646
ctarjeta_visa_debitos_automaticos_tend6	0.000167480095574022	0.00315896003811818	0.00247787610619469
Master_mpagominimo_tend6	0.000163383230416398	0.00193124397733058	0.00141592920353982
Visa_Fvencimiento_lag1	0.000160429697807962	0.00105848368388762	0.00212389380530973
ctransferencias_recibidas_avg6	0.000160154016122213	0.000682614917511518	0.00212389380530973
Visa_cconsumos_tend6	0.000159402888130786	0.00160192242660477	0.00176991150442478
Visa_mpagominimo_lag1	0.000159006093325956	0.000416597580070105	0.00141592920353982
azar_sampling	0.000157790139158066	0.00134631171666231	0.00247787610619469
mactivos_margen	0.000157351278547077	0.00231173421726053	0.00283185840707965
mcaja_ahorro_dolares_tend6	0.000156108000149457	0.000756392254317229	0.00176991150442478
Master_fechaalta_avg6	0.000154666441977048	0.000441600084476547	0.00176991150442478
ccomisiones_otras	0.00015337567134366	0.00673348696795992	0.0031858407079646
cliente_antiguedad_lag1	0.000153084684218302	0.00113139657240268	0.00283185840707965
mcomisiones_otras_delta1	0.000152632868194993	0.000739136536515443	0.00141592920353982
Visa_msaldopesos_lag1	0.000151447374287566	0.00116743741652048	0.00212389380530973
vmr_msaldopesos_tend6	0.000148787866757889	0.000309372744018541	0.00106194690265487
vm_mfinanciacion_limite_delta1	0.000148545003831686	0.000727865460725837	0.00176991150442478
Visa_cconsumos_lag1	0.000147676674735823	0.000232403598139667	0.00106194690265487
mpasivos_margen_tend6	0.000145505926938977	0.000535658708101313	0.00176991150442478
mcomisiones	0.000144623846163447	0.0009184430608026	0.00141592920353982
ctarjeta_visa_transacciones_tend6	0.000144271249369159	0.00191621587627777	0.00283185840707965
mtarjeta_visa_consumo_lag1	0.000144103025020152	0.000638228822587848	0.000707964601769912
cproductos_delta1	0.000142616411129922	0.00155979719644125	0.000707964601769912
vmr_msaldototal_delta1	0.000142560783676374	0.00442354814330305	0.00212389380530973
Master_Fvencimiento	0.000139467108484393	0.000777704229482827	0.00283185840707965
Visa_Fvencimiento_avg6	0.000136764933927253	0.000288227008908838	0.00106194690265487
vm_mfinanciacion_limite_tend6	0.000134416861016775	0.00139023233942948	0.00212389380530973
mcaja_ahorro_delta1	0.000134197057830075	0.00111813061594235	0.00176991150442478
Visa_msaldopesos_delta1	0.000133883565053246	0.00327602628547866	0.0031858407079646
mcaja_ahorro_dolares	0.000133590403771823	0.00115919190974814	0.00283185840707965
Visa_cconsumos	0.000132528699093445	0.00056272258920084	0.00176991150442478
Master_msaldopesos_tend6	0.000131862154326221	0.00204295729489127	0.00176991150442478
ccajas_transacciones_tend6	0.000131385455498114	0.00204804424060163	0.00141592920353982
mtransferencias_emitidas	0.000130842902305525	0.00322146629913429	0.0031858407079646
Visa_mpagominimo_tend6	0.00013006626410765	0.00104894150467931	0.00247787610619469
ccomisiones_otras_tend6	0.000129969245427598	0.00113797967861608	0.00247787610619469
mttarjeta_visa_debitos_automaticos_lag1	0.000129211744038998	0.000533929811520017	0.00141592920353982
Master_mfinanciacion_limite	0.000128748974146615	0.000444525909460279	0.00176991150442478
ccomisiones_otras_lag1	0.00012838472007978	0.00524723437224613	0.00283185840707965
vm_Fvencimiento_avg6	0.000126660101694748	0.00053356408339705	0.00176991150442478
Master_Fvencimiento_lag1	0.000125940706117971	0.000855105599507025	0.00247787610619469
ctarjeta_visa_debitos_automaticos_avg6	0.000124625774167242	0.00287166397352235	0.00212389380530973
cliente_antiguedad	0.000124568497414584	0.00219463472188886	0.00212389380530973
vm_status02_avg6	0.00012428269421368	0.00182471734951377	0.000707964601769912
mrentabilidad	0.000124267979355993	0.000937128443085074	0.00176991150442478
chomebanking_transacciones_avg6	0.00012327663416391	0.00182282221287658	0.00247787610619469
mautoservicio	0.000120672311016241	0.00292998098512993	0.00176991150442478
vmr_msaldopesos2_avg6	0.000118738904815583	0.000598198217128597	0.00212389380530973
vm_msaldopesos_tend6	0.000118604231935592	0.00133440892866031	0.00176991150442478
Visa_mpagominimo	0.000118432519223782	0.000931975001352363	0.00176991150442478
Visa_mconsumosdolares_tend6	0.000117217135680218	0.00122196415485368	0.00212389380530973
mcuenta_corriente_delta1	0.00011700246884558	0.000580576771203844	0.00176991150442478
chomebanking_transacciones_delta1	0.000116326451470179	0.000605246795498499	0.00212389380530973
mpayroll_tend6	0.000115256215204639	0.00197436664782945	0.00176991150442478
Visa_mconsumospesos_tend6	0.000114625557290406	0.000829870359022332	0.00247787610619469
vm_mconsumospesos_tend6	0.00011256313256326	0.00151843667053485	0.00212389380530973
Visa_mfinanciacion_limite_tend6	0.000112500202841911	0.000941118204426527	0.00212389380530973
Master_mfinanciacion_limite_avg6	0.000112338283200246	0.000703993388699473	0.00176991150442478
vmr_msaldopesos_delta1	0.000111166167989456	0.00316424647189561	0.00176991150442478
vmr_mpagado_tend6	0.000110366840265484	0.000733517622626229	0.00176991150442478
mtransferencias_recibidas_delta1	0.000109767835750113	0.00361139897423901	0.00283185840707965
mpayroll_sobre_edad_tend6	0.000109704987732719	0.00251620948601002	0.00141592920353982
Visa_mconsumospesos_delta1	0.000107243234074812	0.00160677663623687	0.00212389380530973
cliente_antiguedad_avg6	0.000106807076048154	0.00187399090208072	0.00247787610619469
vm_mpagominimo_lag1	0.0001064974283262	0.000199986787240358	0.000707964601769912
vmr_msaldopesos2_delta1	0.000105686740677515	0.00219805926704028	0.00141592920353982
vm_mconsumospesos_avg6	0.00010483950439825	0.000853443198948086	0.00141592920353982
mttarjeta_visa_debitos_automaticos_tend6	0.000103528016965664	0.000590650918591014	0.00106194690265487
ctarjeta_visa_transacciones_delta1	0.000100860286906454	0.00219074470458095	0.00176991150442478
cmobile_app_trx_tend6	9.95939085283009e-05	0.00244795131905998	0.00141592920353982
Master_status_avg6	9.92881125409063e-05	0.000859028864826121	0.000707964601769912
vm_mpagado_avg6	9.86514974879299e-05	0.000253050613081689	0.00106194690265487
Visa_mconsumospesos	9.77332861730885e-05	0.00114396432062826	0.00141592920353982
mtransferencias_emitidas_lag1	9.65108538917415e-05	0.00117834276418712	0.00176991150442478
Visa_cconsumos_delta1	9.6063396993686e-05	0.0026409560239528	0.00247787610619469
mcaja_ahorro_dolares_delta1	9.38143288501684e-05	0.000315191145974828	0.00106194690265487
vm_mpagospesos_delta1	9.34795050689443e-05	0.0013345751687162	0.00176991150442478
vm_mlimitecompra	9.33022778697224e-05	0.000337367569431074	0.000707964601769912
mrentabilidad_delta1	9.30621770747992e-05	0.0023658287314484	0.00283185840707965
thomebanking_tend6	8.97546736119582e-05	0.00170765110215328	0.00106194690265487
vm_mpagospesos	8.90348940347432e-05	0.000494298182194912	0.00106194690265487
mtransferencias_recibidas	8.80592241902002e-05	0.000519367182623712	0.00106194690265487
Master_Fvencimiento_tend6	8.76316350591895e-05	0.00109804881719037	0.00176991150442478
mcaja_ahorro_dolares_avg6	8.65970313298464e-05	0.000651893755182326	0.000707964601769912
Master_mlimitecompra_tend6	8.64169442071241e-05	0.00157655419407536	0.00247787610619469
ctransferencias_emitidas_tend6	8.33109636284144e-05	0.000964923780430533	0.00176991150442478
vm_cconsumos	8.2969299523731e-05	0.0014763779363937	0.00106194690265487
Master_fultimo_cierre_avg6	8.28305302046167e-05	0.000382485120600677	0.00176991150442478
vm_fechaalta_lag1	8.27234486603046e-05	0.000524720112423495	0.00106194690265487
mcomisiones_delta1	8.19529284023758e-05	0.000504073097481473	0.00106194690265487
Master_mconsumospesos_lag1	8.19153199827197e-05	0.00156155934103373	0.00212389380530973
vmr_mpagospesos_tend6	8.16334986887779e-05	0.00153270006733055	0.00212389380530973
vm_mconsumototal_avg6	8.15247820878699e-05	0.000387871298411639	0.00106194690265487
chomebanking_transacciones_lag1	8.12143461630647e-05	0.000902484015436786	0.00141592920353982
Master_cconsumos_delta1	8.11082382235969e-05	0.000364896922687103	0.000707964601769912
vm_mpagominimo_tend6	8.05972950933754e-05	0.00041972289312091	0.000707964601769912
ccallcenter_transacciones_delta1	8.04382609127878e-05	0.0053459809654471	0.00176991150442478
Master_mlimitecompra_avg6	8.01351312602128e-05	0.00051125466789609	0.000707964601769912
Master_mconsumototal	7.98452896194035e-05	0.000259467479239194	0.000707964601769912
Master_mpagospesos	7.95348956462796e-05	0.000941118204426527	0.00141592920353982
mv_status07_lag1	7.90304273304029e-05	6.2672501071999e-05	0.000353982300884956
mcomisiones_otras	7.6966626180812e-05	0.00109119972688754	0.00212389380530973
mextraccion_autoservicio_tend6	7.6700875557729e-05	0.00367217633867382	0.00283185840707965
mtransferencias_recibidas_avg6	7.60925186685143e-05	0.000492270053513007	0.00176991150442478
ctarjeta_visa_transacciones_lag1	7.54612390893275e-05	0.000624630386015727	0.00141592920353982
vm_mpagado_tend6	7.53108419515275e-05	0.000537354356671431	0.00141592920353982
vm_cconsumos_avg6	7.50651198756897e-05	0.000458855802278333	0.00106194690265487
Master_status_tend6	7.49552954245573e-05	0.000167370488273975	0.000353982300884956
ctarjeta_debito_avg6	7.48251236748613e-05	0.000699770891279768	0.00106194690265487
ccuenta_debitos_automaticos_tend6	7.47318172705753e-05	0.00120889768646042	0.00106194690265487
vm_mpagominimo_delta1	7.4274976331903e-05	0.000842471355259089	0.000707964601769912
Master_mlimitecompra_lag1	7.42562028323348e-05	6.61302942345921e-05	0.000353982300884956
Visa_mconsumospesos_lag1	7.39059631523184e-05	0.000180403708656057	0.00106194690265487
mtransferencias_recibidas_lag1	7.37934068728678e-05	0.000289889409467777	0.00141592920353982
Master_mconsumospesos_tend6	7.34947330590632e-05	0.000802108269688051	0.000707964601769912
catm_trx_tend6	7.28720026277821e-05	0.00217707977198647	0.00176991150442478
Visa_fultimo_cierre_tend6	7.24797079744579e-05	0.00212045840894901	0.00106194690265487
mtransferencias_emitidas_tend6	7.19253263640469e-05	0.00138966712323944	0.00106194690265487
mextraccion_autoservicio_avg6	7.18832141505825e-05	0.000890182251300637	0.00283185840707965
Master_msaldopesos_avg6	7.16856853269669e-05	0.000196163265954798	0.000707964601769912
mrentabilidad_annual_tend6	7.1574600533285e-05	0.00136975156454335	0.00106194690265487
ctrx_quarter_normalizado_delta1	7.15343303405455e-05	0.00137424004605249	0.00106194690265487
mtransferencias_emitidas_delta1	7.10622310458995e-05	0.00251524529368583	0.00176991150442478
vm_status06	7.0946530263922e-05	0.000793031562636244	0.000353982300884956
vm_mfinanciacion_limite_avg6	7.064172547664e-05	0.000153871795735391	0.000707964601769912
cmobile_app_trx_avg6	6.96625357638472e-05	0.000302723141782786	0.00106194690265487
ctransferencias_recibidas_tend6	6.90672070303529e-05	0.000343252467409718	0.00141592920353982
mautoservicio_tend6	6.74330073891215e-05	0.00142610694349138	0.00141592920353982
tcallcenter_avg6	6.71785819278771e-05	0.00223922030487961	0.00141592920353982
Visa_mfinanciacion_limite_avg6	6.59613971501833e-05	0.000225554507836839	0.000707964601769912
vm_fechaalta_avg6	6.52827515630445e-05	0.000129600747574882	0.000707964601769912
Master_mpagospesos_tend6	6.49964024200677e-05	0.00189084764374836	0.00106194690265487
vm_status02_tend6	6.4538797553498e-05	0.000289922657478956	0.000353982300884956
Visa_msaldototal_avg6	6.45250250201783e-05	0.000513648524700962	0.00106194690265487
vm_status04_tend6	6.45040293033952e-05	0.00392569242391201	0.00106194690265487
mcuenta_debitos_automaticos_tend6	6.42454968132819e-05	0.000931177049084072	0.00106194690265487
mpasivos_margen_delta1	6.38606785210541e-05	0.000931409785162324	0.00176991150442478
vm_msaldopesos_delta1	6.37589205229088e-05	0.00266625776045985	0.00176991150442478
ccajas_otras_avg6	6.33774472866822e-05	0.00149493032663145	0.000707964601769912
mrentabilidad_lag1	6.3206350246342e-05	0.000411111658225606	0.00106194690265487
Visa_msaldototal	6.2885966244638e-05	0.000789540521462472	0.00283185840707965
ctarjeta_debito_transacciones	6.27663226825472e-05	0.00134800736523243	0.00141592920353982
Master_mconsumospesos	6.2731395416512e-05	0.000313794729505319	0.00106194690265487
Visa_mpagado_avg6	6.2584938156828e-05	0.000384413505249046	0.000707964601769912
vm_msaldototal_tend6	6.2089087856723e-05	0.000281145182527758	0.000353982300884956
ccajas_transacciones	6.12643780825803e-05	0.000534262291631805	0.000353982300884956
vmr_Master_mlimitecompra_lag1	6.11409941963772e-05	0.00057116758404025	0.00106194690265487
Master_fultimo_cierre	6.08569889712209e-05	0.000210692646839924	0.00106194690265487
Master_mpagospesos_delta1	5.9994320338329e-05	0.00128972360163603	0.00141592920353982
ccallcenter_transacciones	5.98734298482671e-05	0.00502034994396214	0.00212389380530973
vm_mlimitecompra_avg6	5.98455686370158e-05	0.00145825777030126	0.000707964601769912
cmobile_app_trx	5.95328603158973e-05	0.000318017226925024	0.00106194690265487
vmr_mconsumospesos_lag1	5.889133683475e-05	9.74499207650022e-05	0.000353982300884956
Visa_fultimo_cierre_lag1	5.85678931191182e-05	0.000439937683917608	0.00141592920353982
Visa_mlimitecompra_avg6	5.7059308378939e-05	0.000305116998587658	0.000707964601769912
vmr_mpagado_avg6	5.68756176882532e-05	0.00030451853438644	0.000707964601769912
mcaja_ahorro_tend6	5.65751452470254e-05	0.000230408717468941	0.000707964601769912
active_quarter_avg6	5.62399749367679e-05	0.000149084082125646	0.000707964601769912
Visa_msaldototal_delta1	5.62211678758547e-05	0.00320032056402458	0.00247787610619469
vmr_msaldopesos2	5.6055006959941e-05	0.000621338832909028	0.00106194690265487
Visa_mlimitecompra_delta1	5.60397186268436e-05	0.00021927063372405	0.00106194690265487
vm_status05_tend6	5.55205474278374e-05	0.0020128345967633	0.000707964601769912
matm_tend6	5.54991702358631e-05	0.000969445509950847	0.00141592920353982
matm_avg6	5.49102848733176e-05	0.000400871270782542	0.00106194690265487
vm_msaldototal_delta1	5.47528860751643e-05	0.00250038343268892	0.00141592920353982
mpagomiscuentas_lag1	5.45799904074008e-05	0.000160454901948789	0.000707964601769912
mpayroll_sobre_edad_delta1	5.45092952261958e-05	0.00014436286453826	0.000707964601769912
Master_msaldototal_avg6	5.39606108972104e-05	5.04372329582082e-05	0.000353982300884956
Visa_Fvencimiento	5.36550423449501e-05	0.000555740506853296	0.00141592920353982
Master_cconsumos_avg6	5.33215364167357e-05	0.000739568760660767	0.000707964601769912
cdescubierto_preacordado_lag1	5.28831079487937e-05	0.000589653478255651	0.000353982300884956
vm_Fvencimiento_lag1	5.21397143811254e-05	0.000226917676295169	0.00106194690265487
vm_fultimo_cierre_avg6	5.19564107863415e-05	0.000540280181655164	0.000707964601769912
ccaja_ahorro_avg6	5.11296136418046e-05	0.00189061490767011	0.00106194690265487
Visa_mlimitecompra_tend6	5.09253389459202e-05	0.00162330089779272	0.00247787610619469
vmr_msaldodolares_avg6	5.08460985276895e-05	0.00175054103657391	0.00106194690265487
Visa_status	5.06482377809564e-05	0.000860491777317987	0.000353982300884956
matm_other_delta1	5.02463540335358e-05	0.00059839770519567	0.000707964601769912
cproductos_lag1	4.88149379040938e-05	0.00119277240103871	0.00106194690265487
Master_fultimo_cierre_lag1	4.800197329736e-05	0.000120191560411287	0.000707964601769912
vm_status06_delta1	4.79944855331959e-05	0.00178811128920593	0.000353982300884956
Visa_msaldototal_tend6	4.78499123822588e-05	0.000839578778286535	0.000707964601769912
vmr_Visa_mlimitecompra_avg6	4.76978962699239e-05	0.000508195850867642	0.000707964601769912
ctarjeta_debito_transacciones_tend6	4.6868258374758e-05	0.00112690809089355	0.00212389380530973
cextraccion_autoservicio_avg6	4.63344223953387e-05	0.000436280402687942	0.00106194690265487
vmr_mconsumototal	4.58785802325194e-05	5.97466760882664e-05	0.000353982300884956
mtransferencias_emitidas_avg6	4.58781475192553e-05	5.86162437081879e-05	0.000353982300884956
mpayroll_delta1	4.55783609676517e-05	0.000593011527384708	0.00141592920353982
vmr_msaldopesos2_lag1	4.54119641448078e-05	0.000461914619306781	0.000707964601769912
Visa_msaldopesos_avg6	4.4831882301852e-05	0.00106004634041302	0.00106194690265487
mpagomiscuentas_tend6	4.46814490101604e-05	0.000323735884847774	0.000707964601769912
Visa_fultimo_cierre_delta1	4.41451110202499e-05	0.000437809811202166	0.00106194690265487
vmr_mconsumospesos_avg6	4.38476327071728e-05	0.000148685105991501	0.000353982300884956
vm_msaldopesos_lag1	4.37993272197336e-05	0.000611929645745433	0.00106194690265487
ctarjeta_master_transacciones_avg6	4.35734293497964e-05	0.00093234072947533	0.000707964601769912
Master_mpagospesos_avg6	4.18364114325873e-05	0.000602686698637733	0.000707964601769912
ctarjeta_debito_tend6	4.15602504386967e-05	0.000744289978248154	0.000353982300884956
Visa_fultimo_cierre	4.1420196013322e-05	0.000179073788208905	0.000707964601769912
Visa_mfinanciacion_limite_lag1	4.13898239735805e-05	0.000214316680058411	0.000707964601769912
thomebanking	4.08626384557154e-05	6.84576550171066e-05	0.000353982300884956
cliente_edad_tend6	4.06589738771594e-05	0.000183196541595074	0.000707964601769912
ccajas_extracciones_avg6	3.9813620291599e-05	0.000260431671563378	0.000707964601769912
vmr_mconsumospesos	3.97443965961627e-05	0.000200485507408039	0.00106194690265487
vmr_mconsumospesos_tend6	3.94814027280279e-05	0.000400705030726648	0.000707964601769912
vm_mconsumototal_lag1	3.94701515314838e-05	0.000127007402702937	0.000353982300884956
vm_mpagospesos_lag1	3.94367166117099e-05	0.000500914536419489	0.000707964601769912
cmobile_app_trx_lag1	3.8743234955036e-05	0.000129235019451915	0.000353982300884956
Master_Fvencimiento_avg6	3.87107899320216e-05	0.000865379234961268	0.000707964601769912
mcomisiones_mantenimiento_lag1	3.85448137664247e-05	0.000110449893135905	0.000707964601769912
Master_cconsumos_lag1	3.84629817579193e-05	0.00057552307350467	0.000707964601769912
Master_mconsumospesos_delta1	3.82062814565743e-05	0.0011984245629391	0.000707964601769912
matm_other_tend6	3.81564092978527e-05	0.00083183199168188	0.000707964601769912
Master_msaldodolares_tend6	3.72656651335669e-05	0.000747914011466641	0.000353982300884956
mv_status07_tend6	3.68809204807951e-05	0.00122109970656303	0.000353982300884956
Master_mfinanciacion_limite_lag1	3.68591362353229e-05	0.000141669775632779	0.000353982300884956
catm_trx_other_tend6	3.6403019309356e-05	0.000873624741733605	0.00106194690265487
Visa_mpagospesos_avg6	3.56164091561087e-05	0.000367556763581405	0.00106194690265487
matm_delta1	3.55388024965052e-05	0.00135867997682082	0.00141592920353982
Master_mpagominimo_avg6	3.50862708915571e-05	6.91226152406822e-05	0.000353982300884956
Master_mfinanciacion_limite_tend6	3.47849434506266e-05	0.000214250184036054	0.000707964601769912
numero_de_cliente	3.46471208546968e-05	0.000187419039014779	0.00106194690265487
Visa_mpagospesos_lag1	3.45423466420022e-05	0.000494065446116661	0.00106194690265487
mcuentas_saldo_delta1	3.44229915128697e-05	0.00054174309414703	0.00106194690265487
ccajas_transacciones_delta1	3.3630839827632e-05	0.00066186815853596	0.000353982300884956
vmr_msaldodolares2_lag1	3.32876565018687e-05	0.000721315602523617	0.000353982300884956
vm_mfinanciacion_limite	3.32733717507393e-05	8.50484125953175e-05	0.000353982300884956
vm_cconsumos_delta1	3.31939362014805e-05	0.000761146719915795	0.00106194690265487
Visa_mconsumototal_tend6	3.31647828784454e-05	0.000246467506868291	0.000707964601769912
ctarjeta_visa_transacciones_avg6	3.2877809103445e-05	0.000137613518268968	0.000707964601769912
Visa_mfinanciacion_limite_delta1	3.26711743458535e-05	0.00024051611286729	0.000707964601769912
Visa_mpagospesos	3.24112865313259e-05	0.000311733352812235	0.00176991150442478
vm_mconsumospesos_delta1	3.21262542638439e-05	0.00052212676755155	0.000707964601769912
Visa_mpagominimo_delta1	3.19198215904387e-05	0.00165684814107211	0.00176991150442478
mcaja_ahorro_dolares_lag1	3.17055577533399e-05	9.14320307416431e-05	0.000353982300884956
mttarjeta_visa_debitos_automaticos	3.14747247772208e-05	0.000114373158455001	0.000707964601769912
vm_mfinanciacion_limite_lag1	3.12575651166587e-05	0.000199554563095033	0.000707964601769912
vmr_msaldopesos_lag1	3.11106334666371e-05	0.000290554369691352	0.000707964601769912
ccuenta_debitos_automaticos_avg6	3.06634382377388e-05	5.62223869033158e-05	0.000353982300884956
mtarjeta_master_consumo_tend6	3.06130349625861e-05	0.000263058264446502	0.000353982300884956
ctransferencias_recibidas_lag1	3.04917240596559e-05	9.12325426745704e-05	0.000353982300884956
Visa_mconsumototal_delta1	3.04327207261129e-05	0.000506267466219273	0.00106194690265487
vm_fultimo_cierre	2.98870131381137e-05	0.000253083861092868	0.000707964601769912
cextraccion_autoservicio	2.92781080259571e-05	0.000145526544929517	0.000707964601769912
vm_mpagospesos_avg6	2.87542920019658e-05	0.000205771941185465	0.000707964601769912
vm_status03_tend6	2.87359274294658e-05	0.00125910218334037	0.000353982300884956
vm_mlimitecompra_delta1	2.86699243197996e-05	0.000216211816695602	0.000707964601769912
cpagomiscuentas_delta1	2.82263841005867e-05	0.000479968289376858	0.000353982300884956
matm_lag1	2.81153983617483e-05	0.000362769049971661	0.000707964601769912
vm_mlimitecompra_tend6	2.78760101751901e-05	0.000843934267750955	0.00106194690265487
vmr_msaldopesos2_tend6	2.74404603868157e-05	0.000816970130684965	0.00106194690265487
Master_mpagado_lag1	2.68696326774553e-05	0.00119323787319521	0.00106194690265487
vm_msaldopesos_avg6	2.67435132972531e-05	0.000179373020309514	0.000707964601769912
vm_mpagado_delta1	2.60182300667502e-05	0.000203710564492381	0.000707964601769912
Master_msaldopesos_delta1	2.58857116296083e-05	0.000827509750228638	0.000707964601769912
vmr_Visa_mlimitecompra_lag1	2.55047480044849e-05	0.000148651857980322	0.000353982300884956
ctarjeta_debito_lag1	2.53416856478975e-05	0.00233633774553282	0.00106194690265487
Master_mlimitecompra_delta1	2.53026109558854e-05	0.000163713207044309	0.000707964601769912
Visa_mpagado_tend6	2.52488392458334e-05	0.000361605369580404	0.000707964601769912
Visa_mconsumototal_avg6	2.52016636434338e-05	7.98617228514279e-05	0.000353982300884956
ctarjeta_debito_transacciones_avg6	2.49310680258013e-05	0.00163014998809555	0.00141592920353982
Master_mpagado_tend6	2.48901465871448e-05	0.000188682463439573	0.000353982300884956
vm_status06_tend6	2.46271194835033e-05	0.00131083608873455	0.000353982300884956
ctransferencias_emitidas_avg6	2.4456033195827e-05	0.000935100314403168	0.00106194690265487
ccajas_otras_tend6	2.44511589806778e-05	0.00123779020817478	0.000353982300884956
vmr_mpagospesos_delta1	2.42613203729229e-05	0.000563952765614455	0.000707964601769912
vm_mconsumosdolares_avg6	2.40616831557711e-05	0.000102204386363568	0.000353982300884956
mextraccion_autoservicio	2.40582905273778e-05	0.000539914453532197	0.000707964601769912
cproductos_avg6	2.37580614873611e-05	0.000749676156059116	0.00106194690265487
ccomisiones_otras_delta1	2.35675923824932e-05	0.000563121565334985	0.000353982300884956
thomebanking_delta1	2.34277008762692e-05	0.000587093381394885	0.000353982300884956
vmr_mpagado_lag1	2.33688756585425e-05	0.000315756362164867	0.00106194690265487
Master_fechaalta_tend6	2.31271215600785e-05	6.27389970943566e-05	0.000353982300884956
mplazo_fijo_dolares_avg6	2.31107696907657e-05	0.000589088262065612	0.000353982300884956
vmr_msaldototal_avg6	2.30189927714661e-05	5.38617781096225e-05	0.000353982300884956
active_quarter_lag1	2.28743179589789e-05	0.000327825390222764	0.000353982300884956
ctarjeta_master_debitos_automaticos_avg6	2.27709896646e-05	0.00131688722676909	0.00106194690265487
vm_mconsumosdolares_tend6	2.25260333087703e-05	0.000137347534179537	0.000353982300884956
Master_mconsumototal_delta1	2.24322283718834e-05	0.00094321282913079	0.000353982300884956
Visa_fultimo_cierre_avg6	2.23725712889735e-05	5.2432113628935e-05	0.000353982300884956
vm_msaldototal_avg6	2.23473931117548e-05	7.97952268290703e-05	0.000353982300884956
Master_mpagospesos_lag1	2.20028241586152e-05	0.00106583149435813	0.00106194690265487
vm_msaldodolares_avg6	2.17839841499332e-05	0.00130298955809636	0.000707964601769912
Master_mpagominimo	2.16813757138215e-05	0.000400572038681933	0.000353982300884956
Master_mconsumototal_lag1	2.16662594233472e-05	6.54320859998377e-05	0.000353982300884956
vmr_msaldodolares_tend6	2.15456190956411e-05	0.00133746774568876	0.000707964601769912
catm_trx_avg6	2.09887762236186e-05	0.000398577158011206	0.00106194690265487
Visa_mconsumosdolares_avg6	2.06811781158834e-05	0.00234218939550029	0.00283185840707965
cextraccion_autoservicio_tend6	2.05629761078012e-05	0.000535326227989526	0.000707964601769912
cpayroll_trx_delta1	2.04412717143924e-05	0.00109422529590481	0.000707964601769912
vm_mconsumototal	2.03601261657283e-05	9.45905918036271e-05	0.000353982300884956
vmr_mpagospesos	1.97834588434265e-05	7.95624907508189e-05	0.000353982300884956
ctransferencias_recibidas_delta1	1.9399668245201e-05	8.91046699591286e-05	0.000353982300884956
Visa_mpagosdolares_tend6	1.89822680778722e-05	0.000127073898725295	0.000353982300884956
ctarjeta_debito_transacciones_lag1	1.89334074026974e-05	0.000432490129413561	0.000707964601769912
Master_mpagado_avg6	1.88495041215702e-05	0.000271071035140588	0.000707964601769912
vmr_mpagospesos_lag1	1.88348901108374e-05	0.000142234991822818	0.000707964601769912
Master_cconsumos_tend6	1.87815347406748e-05	0.000147853905712032	0.000353982300884956
ctarjeta_master_transacciones	1.79654834677127e-05	0.000180237468600163	0.000707964601769912
vmr_mpagominimo_lag1	1.76515040513808e-05	5.28310897630803e-05	0.000353982300884956
Visa_mpagado_delta1	1.75798391753911e-05	0.000146424241231344	0.000353982300884956
vmr_msaldototal_tend6	1.68397019542465e-05	0.000118562407863527	0.000707964601769912
Visa_mconsumosdolares	1.64575453536425e-05	0.000555108794640899	0.000707964601769912
Visa_msaldodolares_avg6	1.64007000923537e-05	0.000967251141213048	0.000707964601769912
mtarjeta_visa_descuentos	1.60715434537852e-05	0.00118904862378668	0.000707964601769912
Visa_mconsumototal_lag1	1.58837525983134e-05	0.000130032971720206	0.000707964601769912
vmr_msaldodolares2_avg6	1.542881111254e-05	0.000643448760342916	0.000353982300884956
vm_status05_avg6	1.53947474551083e-05	0.000430561744765192	0.000707964601769912
Visa_msaldodolares_tend6	1.50438292494849e-05	0.000226252716071593	0.000353982300884956
vmr_mconsumototal_lag1	1.50130010361215e-05	6.36699414073624e-05	0.000353982300884956
vmr_mconsumosdolares_avg6	1.500803135035e-05	5.63886269592097e-05	0.000353982300884956
Visa_mfinanciacion_limite	1.44149261094221e-05	0.000210892134906997	0.000707964601769912
Visa_delinquency_tend6	1.42341210707344e-05	5.92479559205847e-05	0.000353982300884956
ctarjeta_master_debitos_automaticos_lag1	1.41194116517887e-05	5.74525633169307e-05	0.000353982300884956
vm_cconsumos_tend6	1.37118348575677e-05	0.000119593096210069	0.000353982300884956
Visa_Fvencimiento_delta1	1.36280318531777e-05	8.06929231308974e-05	0.000353982300884956
vmr_msaldopesos_avg6	1.31305562716258e-05	0.000181999613192638	0.000353982300884956
Visa_mpagosdolares_avg6	1.30900470130907e-05	0.0011484528021374	0.00141592920353982
mtarjeta_master_consumo_delta1	1.30690158433344e-05	0.001187618959306	0.000707964601769912
vmr_mconsumototal_avg6	1.30188592277757e-05	0.000267347257888564	0.000707964601769912
vm_mconsumosdolares	1.22484963497465e-05	9.30279352782245e-05	0.000353982300884956
Master_fultimo_cierre_delta1	1.22193911693204e-05	0.000369019676073272	0.000353982300884956
mtarjeta_visa_consumo_delta1	1.21052174285421e-05	0.000551750745511843	0.000707964601769912
vm_status01_tend6	1.12746764521592e-05	5.01047528464204e-05	0.000353982300884956
ctarjeta_visa_debitos_automaticos	9.79412325520322e-06	9.48233278818786e-05	0.000353982300884956
mpayroll_avg6	8.7660630938727e-06	0.00105033792114882	0.00141592920353982
vmr_Master_mlimitecompra	7.75480885395558e-06	7.15164720455543e-05	0.000353982300884956
Visa_mconsumosdolares_lag1	7.59358894467323e-06	0.000383948033092543	0.000707964601769912
ctarjeta_master_transacciones_lag1	7.36244088828645e-06	0.000110483141147084	0.000353982300884956
vmr_mpagominimo_delta1	6.94881409140594e-06	0.000121654472903154	0.000707964601769912
vmr_mpagado	6.52192404647068e-06	0.000612262125857221	0.000353982300884956
mpayroll_sobre_edad_lag1	6.49106989785817e-06	0.000904412400085155	0.00106194690265487
mpagomiscuentas_delta1	5.79657613706501e-06	0.000655019068233131	0.000707964601769912
vmr_msaldodolares2_tend6	5.58487372367421e-06	0.00108255524398105	0.000707964601769912
ctransferencias_recibidas	4.80869579747146e-06	0.000730625045653675	0.000707964601769912
ctarjeta_master_transacciones_delta1	4.77602410300622e-06	0.00056624687838579	0.000353982300884956
cpagomiscuentas_avg6	4.76250083598703e-06	0.000137779758324861	0.000353982300884956
mtarjeta_visa_consumo_tend6	4.48201841162531e-06	0.00075529506994833	0.000707964601769912
Master_msaldopesos	4.45547220229859e-06	6.68617504805252e-05	0.000353982300884956
vm_mconsumototal_delta1	3.95414097612734e-06	8.21890836339425e-05	0.000353982300884956
mforex_sell_lag1	3.74307921645505e-06	0.000373175677470619	0.000353982300884956
vmr_Visa_mlimitecompra	2.98262833955159e-06	8.98028781938829e-05	0.000353982300884956
ctarjeta_master_transacciones_tend6	2.95535958379172e-06	0.00027619122886212	0.000707964601769912
Visa_mconsumototal	2.8748928377688e-06	7.78335941695224e-05	0.000353982300884956
cpayroll_trx_tend6	2.70047974103613e-06	7.42095609510354e-05	0.000353982300884956
vmr_mconsumosdolares_delta1	2.47742957566297e-06	0.000197094210267804	0.000353982300884956
Visa_mconsumosdolares_delta1	1.90675034674348e-06	0.000367490267559048	0.000353982300884956
vmr_Visa_mlimitecompra_tend6	1.70850869503615e-06	0.00078960701748483	0.000353982300884956
vmr_mpagado_delta1	1.70720778561818e-06	0.00061911121616005	0.000353982300884956
Visa_mlimitecompra	1.59075122170088e-06	0.000338963473967655	0.000353982300884956
cpagomiscuentas_lag1	1.58322272774915e-06	6.84576550171066e-05	0.000353982300884956
mttarjeta_master_debitos_automaticos_delta1	1.11686796235522e-06	0.000701865515984031	0.000353982300884956
mcaja_ahorro_adicional_avg6	9.70396151636318e-07	0.000555142042652078	0.000353982300884956
vmr_msaldodolares	9.64319593155224e-07	0.000654686588121343	0.000353982300884956
vmr_mconsumosdolares_tend6	7.85249371041538e-07	0.000240482864856111	0.000353982300884956
Visa_mlimitecompra_lag1	6.33461182598498e-07	5.60228988362431e-05	0.000353982300884956
mcaja_ahorro_adicional_lag1	5.50872536827666e-07	0.000527712433429585	0.000353982300884956
matm_other	4.9177288179174e-07	0.000656282492657925	0.000353982300884956
ccajas_extracciones_delta1	2.48061472651783e-07	0.000698274730776723	0.000353982300884956
cpagomiscuentas_tend6	1.83358131969537e-07	0.000210526406784031	0.000353982300884956
mttarjeta_master_debitos_automaticos_avg6	1.33370229373837e-07	0.000193137696937529	0.000353982300884956
vmr_mpagospesos_avg6	1.07759613817091e-07	7.57722174764381e-05	0.000353982300884956
matm	1.02222826847008e-07	8.08591631867913e-05	0.000353982300884956
mtarjeta_visa_consumo_avg6	3.45608514783797e-08	0.000504804553727406	0.000353982300884956
Visa_fechaalta_tend6	2.53956971953042e-08	0.000577883682298363	0.000353982300884956
vm_fultimo_cierre_delta1	9.1153570264334e-09	0.000615420686919205	0.000353982300884956
Visa_fechaalta_delta1	7.94318651222871e-09	0.000438873747559887	0.000707964601769912
Visa_msaldodolares_delta1	6.27958501734359e-09	0.000382983840768359	0.000353982300884956
vm_status01	5.73116367677867e-09	0.000915350995762973	0.000707964601769912
Visa_status_delta1	5.01713247396221e-09	0.000336769105229856	0.000353982300884956
Visa_madelantopesos_delta1	4.59404132384675e-09	0.00119140923258038	0.000707964601769912
Visa_mpagosdolares	4.39697149915515e-09	0.000325165549328462	0.000353982300884956
Visa_mpagosdolares_delta1	4.19709420281555e-09	0.000335638672849777	0.000353982300884956
Visa_delinquency_delta1	1.14372934896132e-09	0.000337267825397537	0.000353982300884956
vm_mconsumosdolares_delta1	1.16110800158389e-10	0.000206370405386683	0.000353982300884956
