Feature	Gain	Cover	Frequency
ctrx_quarter_normalizado	0.0715636401840885	0.00530908630412857	0.00621448154589532
ctrx_quarter	0.0418226855668229	0.00469314917716216	0.00698285750481612
ctrx_quarter_normalizado_lag1	0.0412952830204845	0.00315398466717404	0.00467772962805371
ctrx_quarter_lag1	0.0330536528120834	0.00369585482610633	0.00583029356643492
mcaja_ahorro	0.0233945540802565	0.00828177419607529	0.00675771508674524
cpayroll_trx	0.0156571717726976	0.00614818120922215	0.000405531756097091
mpasivos_margen	0.0155871548546852	0.00855720367706513	0.00653670372221694
mpayroll_sobre_edad	0.0153709491025107	0.00334886279363058	0.000806243949727833
mcuentas_saldo	0.0118921218841531	0.0102100376670062	0.00517276754424014
mcaja_ahorro_lag1	0.0114032623460112	0.00339914205226208	0.00564026510347601
ctrx_quarter_avg6	0.0112824370186285	0.00413081801104446	0.00588606278925981
mpayroll	0.0096753640508728	0.00329931147467779	0.000934995118471731
ccomisiones_mantenimiento_tend6	0.00843781765714061	0.00699539076375631	0.00193608709362482
mtarjeta_visa_consumo	0.00829452121169491	0.00333082795394928	0.0019863482450596
mprestamos_personales	0.00799641041873609	0.0161213603611875	0.00189959612066532
vm_msaldototal	0.0076221298576746	0.00127478021692429	0.00206483826236872
mpasivos_margen_avg6	0.00703737287192772	0.00459519925946035	0.00721557352104841
mcomisiones_avg6	0.00701713578416304	0.00369462475113328	0.00523955290984527
mcomisiones_mantenimiento_tend6	0.00686826079950583	0.0100462628648683	0.00394584464209241
mprestamos_personales_lag1	0.00629818131407864	0.00740629706258016	0.00176602538945507
cpayroll_trx_avg6	0.00587059554311197	0.00278256283599676	0.00114636735806733
mcaja_ahorro_avg6	0.00557976463310175	0.00432941989772478	0.00644995159782266
mpasivos_margen_lag1	0.00502190790831291	0.00284349469592163	0.00624202190284588
ctarjeta_visa_transacciones	0.00488400151990939	0.00207501038680047	0.00184864646030677
ctrx_quarter_normalizado_avg6	0.00487739601023453	0.00404608055622118	0.00539722145338726
mrentabilidad_annual_avg6	0.00472810728076856	0.00664450014033541	0.00709921551293226
mcomisiones_otras_avg6	0.00469771198124012	0.00355676424384766	0.00403879334680057
mactivos_margen	0.00459169925955787	0.00429275418421494	0.00409180853393041
cpayroll_trx_lag1	0.00455198839837095	0.000885452768772806	0.000406220265020855
mrentabilidad_annual	0.0044288922225784	0.00465720335485792	0.00579724513809424
numero_de_cliente	0.00437045951107904	0.00554252690092364	0.00873786675149097
cprestamos_personales	0.0041875118503536	0.00580472379785218	0.000859947645781437
cliente_edad_lag1	0.00408196301750219	0.00477814328885005	0.00662620988230628
vm_msaldopesos	0.00406448683111126	0.000921342698902696	0.00173022292541934
mrentabilidad_annual_lag1	0.00399937960171634	0.00323093254144275	0.00579036004885659
mpayroll_sobre_edad_lag1	0.0038192316498335	0.00103794629444019	0.000841357904839805
cliente_edad	0.00381214311061903	0.00543982883122659	0.00778497040100137
cliente_edad_avg6	0.00374857595828825	0.0050487266947552	0.00646509879414547
mrentabilidad_avg6	0.00367670235268281	0.00292983469116783	0.00512181788388159
mactivos_margen_avg6	0.00360807402275998	0.00528967472840872	0.00467497559235865
mcuenta_corriente_avg6	0.00351527258801215	0.00548474020543368	0.00546262980114485
mpayroll_lag1	0.00350312230249075	0.000941811307423813	0.000835849833449691
mrentabilidad_annual_delta1	0.00347289199260667	0.00349192753305411	0.00631156130414606
ctrx_quarter_tend6	0.00341355209544522	0.00473944712443048	0.00575868863836344
mrentabilidad_annual_tend6	0.00337018232874552	0.00445760569319941	0.00690505599643077
mcomisiones_tend6	0.00333805754958925	0.00410733033083375	0.00532492801639202
mcuentas_saldo_lag1	0.00323057591103134	0.00408954231099437	0.00523542185630268
Master_Fvencimiento	0.00313842198912157	0.00259761920817757	0.00481749693957783
cliente_antiguedad_lag1	0.00313617621300444	0.00345603581437464	0.00548121954208649
mcuentas_saldo_tend6	0.0030837493866294	0.00318508352011879	0.00498549311697629
mcuenta_corriente_tend6	0.0030557410561619	0.00664665131834173	0.00516932499962132
mactivos_margen_lag1	0.0030243836505178	0.00270370702646449	0.0040573830877422
vm_Fvencimiento_avg6	0.00301058625922131	0.00324364555185131	0.00445534124567789
ctrx_quarter_delta1	0.00300116395012828	0.00240526964368854	0.00351483805581604
ccomisiones_otras_avg6	0.00296428685123939	0.00408222937890265	0.00533181310562966
mcuenta_corriente	0.00295780324075161	0.00370887636131729	0.00481543141280654
mcuentas_saldo_avg6	0.00290632735610624	0.00345299080871615	0.00545367918513592
Visa_fechaalta	0.00285198994623064	0.00259057366424793	0.00433622920186669
ccomisiones_mantenimiento_avg6	0.00284936092660629	0.00338898219637775	0.0025089265181966
Master_Fvencimiento_lag1	0.00283325964865748	0.00302761737948399	0.00464123865509421
mcomisiones_mantenimiento_delta1	0.00283072325818717	0.00416131099281928	0.00272442981133478
ccomisiones_otras_tend6	0.00283023678294988	0.00251417040332606	0.00413105354258497
cliente_antiguedad	0.00282447866716816	0.00323827185464077	0.00506260611643788
Master_Fvencimiento_avg6	0.00281602034790344	0.00304548320123006	0.00486775809101262
chomebanking_transacciones_avg6	0.00281154560852008	0.00352962032115978	0.00532286248962073
mcuenta_corriente_lag1	0.00275974074445459	0.00412995324732294	0.00425980471132886
mcaja_ahorro_tend6	0.00274132423810687	0.0022312558423475	0.00404430141819068
mcuentas_saldo_delta1	0.00271665779033221	0.00544009040660254	0.0040477439628095
vm_Fvencimiento	0.00270620785884203	0.00272694117977236	0.00422813330083571
mpasivos_margen_tend6	0.00267366091197203	0.00354188753558573	0.00466464795850219
mactivos_margen_delta1	0.00265655256427415	0.00665150410048734	0.00464055014617045
Visa_Fvencimiento_lag1	0.00260655343447394	0.00218642137577231	0.00438442482653018
ctrx_quarter_normalizado_tend6	0.0025051899263839	0.00318664715958836	0.00477343236845693
mrentabilidad	0.0025003533051514	0.00305333985239385	0.0044415710672026
mcuenta_corriente_delta1	0.00246450492529674	0.00339116020262775	0.00417511811370587
mrentabilidad_delta1	0.00245115048696647	0.00282705434819014	0.00424259198823476
cprestamos_personales_lag1	0.00243904254192556	0.00296073054373536	0.000636870754481849
Visa_Fvencimiento	0.00241865389048541	0.00253926733102061	0.00461232128029611
vm_fechaalta	0.00241189562735249	0.00206662879633521	0.00361191781406679
mrentabilidad_lag1	0.00238616734031456	0.00214273962940088	0.0043128198984587
ctrx_quarter_normalizado_delta1	0.00238193709493434	0.00178942417988807	0.00305422558581782
mrentabilidad_tend6	0.00236095956794548	0.00392393200985094	0.00489254441226813
mtransferencias_recibidas_avg6	0.00235129956731826	0.00272501267618864	0.00497585399204359
cliente_antiguedad_avg6	0.0023485687101711	0.00363231078952111	0.00476723578814305
Visa_fechaalta_lag1	0.00233035356027732	0.00191241826307184	0.00352034612720615
mprestamos_personales_avg6	0.00231308666301881	0.00324875051948758	0.00130885546407567
Master_fechaalta_avg6	0.00231045567234132	0.00217457804759662	0.00387561673186846
chomebanking_transacciones_tend6	0.00227474066082053	0.00208901383573038	0.00383292917859508
Master_mfinanciacion_limite_tend6	0.00222846105998751	0.00177997169536229	0.0036270650103896
Master_fechaalta_lag1	0.00222652211651459	0.00213247916760273	0.00407734984653136
mcomisiones_otras_tend6	0.00222559372978147	0.00390669575755673	0.00405600606989467
mpayroll_sobre_edad_avg6	0.00221260218816004	0.0017870373604747	0.00130816695515191
ctransferencias_recibidas_avg6	0.00220488247874633	0.00344952012825782	0.00430386928244977
mprestamos_personales_tend6	0.00219566353462197	0.00801524587920346	0.00176051731806496
mactivos_margen_tend6	0.00217183198927038	0.00270041072959013	0.00479753018078867
cproductos_avg6	0.00216552683930463	0.00318512644530869	0.00331172792330561
Visa_msaldopesos	0.00215709638650077	0.00122696468533806	0.00204831404819838
Visa_mpagospesos_tend6	0.00215445821105018	0.00263852423132738	0.00280154281079637
mcomisiones_lag1	0.00214801223222029	0.00182218638394143	0.00408285791792147
mcomisiones_otras_lag1	0.0021151707926334	0.0017834870895601	0.00339228346738602
Visa_fechaalta_avg6	0.00210465863719812	0.00202312143354774	0.00312789604066058
mcaja_ahorro_delta1	0.00207370767814147	0.00235274217823606	0.00318159973671419
Master_fechaalta	0.00206729576679213	0.00193867819513023	0.00403397378433422
ctransferencias_recibidas_tend6	0.00205511250279117	0.00248933594528225	0.00334753038734135
mpasivos_margen_delta1	0.00203898654032571	0.00251876205723312	0.00371794818832647
ccallcenter_transacciones_tend6	0.00202654583160437	0.00388107702052247	0.00164760185456764
Visa_Fvencimiento_avg6	0.00201943831345087	0.00248853601648298	0.0041861342564861
mcomisiones	0.00199798813471906	0.00209716917467388	0.00408905449823535
mttarjeta_visa_debitos_automaticos_tend6	0.00199605356683081	0.00278336723616998	0.00173779652358074
Visa_mfinanciacion_limite	0.00199246419533639	0.00187646841653105	0.00355339455554683
mcomisiones_mantenimiento	0.00198908281122666	0.00470983321477381	0.00278088754308345
vm_fechaalta_lag1	0.00194478659833381	0.00173631364727279	0.00316300999577256
cprestamos_personales_tend6	0.00190359283690891	0.00271375465086272	0.000842734922687333
mcomisiones_otras	0.00188233436089679	0.00186117676476677	0.00312514200496553
mcomisiones_delta1	0.00186228856834901	0.00210602696646459	0.00384532233922284
mtransferencias_recibidas_tend6	0.00186074306988522	0.00192355377275159	0.0031334041120507
Master_mlimitecompra_tend6	0.00183570020891967	0.00164297103328685	0.00310655226402389
vm_Fvencimiento_lag1	0.00183080480125018	0.00338711897485368	0.00372345625971658
cproductos	0.00181522929298697	0.00239819503582824	0.0019422836739387
mcomisiones_mantenimiento_avg6	0.00180894888658323	0.00266671490265645	0.00337713627106321
Master_mfinanciacion_limite_delta1	0.00180680918597027	0.00139458799903282	0.00318641929918054
Master_mfinanciacion_limite	0.00180139092033475	0.00157983299745609	0.00345838032406738
vm_msaldototal_lag1	0.00179546516332466	0.000678550670633075	0.00131367502654202
Visa_mfinanciacion_limite_tend6	0.00179346127590423	0.00290886037025321	0.00331310494115314
cproductos_tend6	0.00179336043115753	0.00652733762305444	0.00142383645434429
mautoservicio	0.00178633816867348	0.00161681304855447	0.00160560281021802
cprestamos_personales_avg6	0.00175682730046834	0.00235861264509221	0.00116908815255155
mtransferencias_recibidas	0.00173735956895223	0.00202557532357033	0.00261908794599887
vm_mpagominimo	0.00173544466735119	0.000982562515309817	0.00188995699573262
mv_status07_avg6	0.0016997014621264	0.00101261596102557	0.000798670351566427
Visa_mlimitecompra_tend6	0.00168938807788818	0.00167750211287398	0.00303219330025736
Master_mfinanciacion_limite_avg6	0.00167238040949299	0.00132815858483905	0.00244145264366771
vm_mpagominimo_avg6	0.00165312665022694	0.00109970669995761	0.00193471007577729
Visa_cconsumos_avg6	0.00162304845705041	0.001502591353919	0.00247863212555098
chomebanking_transacciones	0.00161481972131366	0.00280573439006936	0.00364909729595005
tcallcenter_tend6	0.00159017687299008	0.00490673866217831	0.00114223630452474
Visa_mlimitecompra_delta1	0.00158782479452697	0.00137812216446983	0.00279947728402508
mcomisiones_otras_delta1	0.00158050263069254	0.00209613136878058	0.0029950138183741
vmr_mpagospesos_tend6	0.00157604056060557	0.00122050667994517	0.00198703675398337
cmobile_app_trx_avg6	0.00154962071998978	0.00218466323153602	0.00323736895953908
Visa_mconsumospesos_avg6	0.00154291382268682	0.00125275959450587	0.00244214115259148
ccallcenter_transacciones_avg6	0.00153862034184848	0.00219633933032606	0.00151058857873857
mtarjeta_visa_consumo_tend6	0.0015306861668948	0.00110471195595484	0.00156291525694465
Master_mlimitecompra	0.00152272619888855	0.00138892321537828	0.00274508507904771
mautoservicio_avg6	0.00151477148465863	0.00231488037219516	0.0026665950617386
mcaja_ahorro_dolares_lag1	0.00149931957589557	0.00154364661523346	0.00194848025425258
thomebanking_avg6	0.00148726871313414	0.00217737489200101	0.00311619138895659
Master_mfinanciacion_limite_lag1	0.00147656256103941	0.00118350382483966	0.00239119149223293
cdescubierto_preacordado	0.00147027486440457	0.00371937022883552	0.000556315210401442
vmr_msaldototal	0.00146419571322476	0.000833982783258993	0.00149406436456823
ctarjeta_debito_avg6	0.00145861179483144	0.00151786288450052	0.00229204620721089
Visa_mfinanciacion_limite_avg6	0.00145692378250375	0.00135702622218383	0.00254472898223234
Visa_mconsumospesos_tend6	0.00145334485150422	0.00135132924463686	0.00251650011635801
ctarjeta_visa_transacciones_tend6	0.0014353010067968	0.00121101574160344	0.00169373195245984
Visa_mfinanciacion_limite_delta1	0.00142234407547837	0.00144748077573684	0.00327730247711741
Visa_mpagominimo_avg6	0.00142021927958091	0.00153078962658378	0.00203385536079933
cdescubierto_preacordado_avg6	0.00141895348585027	0.00494886928892723	0.000603822326141169
Visa_mpagominimo	0.00140792027302538	0.00103808893126913	0.00216949161878087
Visa_mpagospesos_delta1	0.00140621698516569	0.000901360128729711	0.00218739285079874
ccomisiones_otras	0.00140333975604663	0.00168372268831024	0.00255023705362245
thomebanking_tend6	0.00140208075292645	0.00759008618164601	0.00255643363393633
chomebanking_transacciones_lag1	0.00139953977018971	0.00136519095101262	0.00303770137164748
mcaja_ahorro_dolares_avg6	0.00138397647981792	0.00206173666609885	0.00260049820505724
Visa_msaldototal_tend6	0.001381468068097	0.000890337297673448	0.00189684208497026
vm_mlimitecompra_tend6	0.00137866259736013	0.00126863431343296	0.00252131967882436
mcaja_ahorro_dolares	0.00136597090218264	0.00249315271008415	0.0020882475657767
vm_mpagospesos_tend6	0.00135605320796029	0.00184042198831299	0.00180458188918587
ctarjeta_visa_debitos_automaticos_avg6	0.00134158706972007	0.00118368536262194	0.00145481935591367
ctarjeta_debito_transacciones	0.00133632969453215	0.00108222228640929	0.00129233124990533
vm_fechaalta_avg6	0.00133500589617741	0.00173551416561091	0.00275541271290417
ctarjeta_debito_transacciones_tend6	0.00133250899464114	0.00129553946475202	0.00181766355873738
Visa_cconsumos_tend6	0.00132283552775875	0.00183339388274174	0.00231270147492382
chomebanking_transacciones_delta1	0.00132240155783426	0.00116597827465102	0.00241597781348844
mcaja_ahorro_dolares_tend6	0.00132188408525023	0.00235117540880473	0.00204418299465579
Visa_msaldopesos_tend6	0.0013171343111975	0.000985472038337689	0.00178048407685412
vm_mfinanciacion_limite_tend6	0.00131171505090793	0.00143418738098986	0.00284009931052716
Visa_mpagado_avg6	0.00130374713742819	0.00090631441106394	0.00200356096815371
ccomisiones_mantenimiento_delta1	0.00129966534997735	0.00468927249594937	0.000608641888607518
Visa_cconsumos_lag1	0.00129145366080356	0.000815359063628763	0.00163038913147353
vmr_msaldopesos2_tend6	0.00128619697704473	0.00181932068037825	0.00217913074371357
vmr_msaldopesos2_avg6	0.00127873336959929	0.00130988229096457	0.0021440167886016
mpayroll_sobre_edad_tend6	0.00127751314636261	0.00123397848251268	0.000841357904839805
vmr_msaldopesos	0.00127281362497002	0.000881107487570276	0.0014851137485593
mtransferencias_emitidas_tend6	0.00126959158448748	0.00175137904751531	0.00174192757712333
mcuenta_debitos_automaticos	0.00126694069000547	0.00210411187700272	0.000895750109817173
Master_mlimitecompra_avg6	0.00125621350622347	0.00120768143805052	0.0021612295116957
cmobile_app_trx_tend6	0.00124569166499438	0.00185228499053405	0.00216604907416205
Visa_msaldototal	0.00124419380994248	0.0011654569124487	0.00209375563716681
mttarjeta_visa_debitos_automaticos_avg6	0.0012393455478052	0.00114317605606652	0.00145550786483744
vmr_msaldopesos2_lag1	0.00123751728073141	0.000959009105902071	0.00190097313851285
vm_cconsumos_tend6	0.00123327255995013	0.000736498782722546	0.00139836162416501
ctarjeta_debito_transacciones_avg6	0.00121827615169689	0.00143104624079148	0.00262390750846522
mtransferencias_emitidas_avg6	0.00121714351059896	0.00103581523761664	0.00212955810120255
vmr_mpagominimo	0.00120537689308999	0.000946136467443578	0.00161730746192201
mcuenta_debitos_automaticos_lag1	0.00120531133195846	0.00128018610802725	0.000880602913494362
vm_status01_avg6	0.00120337230919876	0.00374006330032882	0.000448907818294233
ccajas_consultas_tend6	0.0012024758243115	0.00707946377241094	0.00106374628721563
ccomisiones_otras_lag1	0.00120185223475265	0.0015315001279041	0.0023264716533991
vmr_mpagado_avg6	0.00120129810178928	0.00110965953122815	0.00167583072044197
Master_mlimitecompra_delta1	0.00119805750716247	0.00140607361729269	0.00266797207958612
vmr_Master_mlimitecompra	0.0011926491483716	0.00158304702104981	0.00200287245922994
Master_mlimitecompra_lag1	0.00118961796771575	0.000994953139656731	0.00196156192380409
Visa_mconsumospesos	0.00118228698922516	0.000922219088196477	0.00204556001250332
vmr_Visa_mlimitecompra	0.00118183431690505	0.00124130438158885	0.00188444892434251
mcaja_ahorro_dolares_delta1	0.00117823500492812	0.00216798634812268	0.00156222674802088
Visa_mpagominimo_tend6	0.00117388489886713	0.00114264932821546	0.00197326657550809
vmr_msaldopesos2	0.00116609426447417	0.0010337002777393	0.00202215070909534
mtransferencias_recibidas_lag1	0.00115655368985886	0.00111153527259928	0.00220185153819779
Visa_mlimitecompra	0.00114241500076102	0.00141310172286393	0.00272924937380113
mcomisiones_mantenimiento_lag1	0.00114105515519603	0.00197788633186683	0.00209582116393811
cproductos_delta1	0.00114028318644278	0.00273065733866042	0.000331172792330561
Visa_mconsumototal_tend6	0.00113711459422953	0.000932966929754947	0.00192231691514954
mpayroll_avg6	0.00112455697568917	0.00169415261518102	0.00127029896434488
vm_status01	0.0011230290438529	0.00344365010853907	0.000260256373182853
cproductos_lag1	0.00112099690604591	0.00413837910439029	0.00197533210227938
mcuenta_debitos_automaticos_avg6	0.00111674958026738	0.0013408036303636	0.00115187542945744
Master_fultimo_cierre_avg6	0.00111599362772036	0.0018131162018882	0.00186792471017217
Visa_mfinanciacion_limite_lag1	0.00111276855424099	0.00134837858496866	0.00238430640299529
vm_cconsumos_avg6	0.00110704138639224	0.00105446980972711	0.00148786778425435
Master_fultimo_cierre	0.00109748394199052	0.00144418805596164	0.00175225521097979
Visa_mpagospesos_avg6	0.0010884404170852	0.00114808920176042	0.00214952485999171
vmr_mpagospesos_avg6	0.00108452905872398	0.000700033386765566	0.00183005671936514
vmr_mpagominimo_avg6	0.0010652788099919	0.00130740425552266	0.00193746411147235
Visa_mconsumototal_avg6	0.00105499373873906	0.000992996466417147	0.00189546506712274
Visa_mlimitecompra_lag1	0.00104665062816974	0.000924490099024595	0.00178323811254918
mtarjeta_visa_consumo_avg6	0.00104631325871178	0.000779155690185127	0.00143554110604828
vmr_msaldopesos_tend6	0.00103770775316891	0.000810323849426078	0.00150163796272963
vm_mfinanciacion_limite_delta1	0.00103584263692576	0.00099587424268999	0.00211441090487974
Visa_msaldopesos_avg6	0.00103312931854686	0.0010013878939051	0.00169786300600242
vm_status01_tend6	0.00102958120312293	0.00250199082782948	0.000436514657666478
ctarjeta_visa_debitos_automaticos_tend6	0.00102892461991319	0.0010797858347451	0.00119594000057835
Visa_status	0.00102659436411713	0.000825634728098339	0.000125997133048841
mpagomiscuentas_avg6	0.00102593720185701	0.00111603481620301	0.00126065983941218
Visa_fultimo_cierre_avg6	0.00102433588050555	0.00122187402609842	0.00180527039810963
vmr_mpagospesos_lag1	0.00102252750710964	0.000675084461548694	0.00145068830237109
Visa_mpagominimo_delta1	0.00101806980326656	0.00119434467097624	0.00174950117528473
vmr_Master_mlimitecompra_avg6	0.00100990709581673	0.00153339733187018	0.00169924002384995
ctarjeta_visa_transacciones_avg6	0.00100759999936458	0.000766097489707798	0.0016772077382895
vm_fultimo_cierre_avg6	0.00100451554437133	0.000995800017882455	0.0017481241574372
Visa_cconsumos	0.0010039306081468	0.000701865755809399	0.00156704631048723
vmr_mconsumospesos_avg6	0.00100366056822663	0.00070053731060949	0.00151058857873857
mpayroll_tend6	0.000995215678465209	0.00152772986539126	0.00084893150300121
vmr_mpagominimo_lag1	0.000990101950205897	0.000680481857041155	0.00142314794542052
cliente_edad_tend6	0.000989258633208101	0.00124506391280421	0.00230237384106735
ctransferencias_emitidas_tend6	0.000983215101093567	0.00112773908464892	0.0015849475425051
ctarjeta_visa_transacciones_lag1	0.000981471026289854	0.000636233140453136	0.00139698460631748
matm_tend6	0.000977856506326367	0.00141098408016223	0.00135498556196787
vmr_Visa_mlimitecompra_avg6	0.000966369589466498	0.00125775903771697	0.00160422579237049
mautoservicio_tend6	0.000964586835148589	0.000947525723329178	0.00175500924667485
Visa_mpagospesos	0.000960346815379172	0.00123878520950662	0.00212336152088867
vmr_msaldototal_tend6	0.000958114135830698	0.000894094593201834	0.00157668543541993
vmr_msaldototal_avg6	0.000956219362234831	0.000791093811488518	0.00147891716824542
vmr_Visa_mlimitecompra_lag1	0.000954544553678925	0.00131426826167002	0.00165310992595775
ctransferencias_emitidas_avg6	0.000952197100008311	0.00100195933549563	0.00180045083564328
ccaja_seguridad	0.000948374943099668	0.00705541985328111	0.000289173747980948
vm_mpagominimo_lag1	0.000947334186050224	0.000696318569289685	0.00135773959766293
Visa_msaldototal_avg6	0.000939213830042517	0.000853828976526568	0.00170612511308759
vmr_mpagado_tend6	0.000939049859422136	0.000565084638194793	0.00129921633914297
mextraccion_autoservicio_tend6	0.000938611217901358	0.00135103771105546	0.00151058857873857
Visa_mpagado_tend6	0.000933758857580854	0.000889794025738783	0.00169992853277371
vm_mpagado_avg6	0.000931588975330138	0.000824440871254261	0.00157117736402982
Visa_mconsumospesos_delta1	0.000928847345010518	0.000722913854394159	0.00185897409416323
mtransferencias_recibidas_delta1	0.000928387488410344	0.0010439996404908	0.00209857519963316
vm_fultimo_cierre_lag1	0.000927542473833655	0.000727084304875328	0.0014658354986939
vm_mfinanciacion_limite_avg6	0.000920027604108412	0.000840549890176215	0.00154363700707925
vmr_msaldototal_lag1	0.0009198201946876	0.000571971895486681	0.00122485737537644
matm_avg6	0.000916906561366248	0.000927562827201564	0.00141901689187794
Visa_msaldopesos_delta1	0.000915706709578656	0.0011813821579014	0.00144036066851462
cextraccion_autoservicio_avg6	0.000914416371557971	0.000780899078887398	0.00153055533752773
vm_mpagospesos_avg6	0.000901814904925729	0.000876332060193962	0.00169235493461231
ccallcenter_transacciones_delta1	0.000898291322736233	0.00313878914994963	0.00068506637914534
vm_mpagominimo_tend6	0.000896253527564266	0.00117452307026538	0.00162212702438836
ccallcenter_transacciones	0.000894252272526425	0.00166120395483403	0.000483333264482441
mcuenta_debitos_automaticos_tend6	0.000894250861818615	0.00219245012926621	0.0011257120903544
vm_cconsumos_lag1	0.000886901337856545	0.000671508703802591	0.00097630565389758
Visa_mconsumototal	0.000885365008384332	0.000850279599886757	0.00175156670205603
vmr_mpagominimo_tend6	0.000884276996412546	0.00132775168980979	0.00158632456035263
vm_fultimo_cierre	0.000881569845428845	0.000842616559214915	0.00171989529156287
Visa_mlimitecompra_avg6	0.000877258707003442	0.00115074296219848	0.00185071198707806
ccajas_transacciones_tend6	0.000877099333529318	0.00182635594014781	0.000918470904301391
vm_msaldopesos_avg6	0.000874608552156813	0.000687205014909157	0.00148717927533059
vmr_msaldopesos_delta1	0.000867450761642468	0.00144180973215877	0.00116495709900896
active_quarter_avg6	0.000863467138216718	0.00325481012546172	0.0027375114808863
Visa_cconsumos_delta1	0.000861319093787821	0.000768772265603408	0.00119180894703576
vm_mconsumospesos_avg6	0.000861255482982888	0.000831024522255089	0.00158150499788628
vm_mlimitecompra_delta1	0.000857970542012306	0.000927454172814631	0.00193333305792976
mttarjeta_visa_debitos_automaticos_delta1	0.00085720106983762	0.0009652582981316	0.0013102324819232
vmr_msaldopesos2_delta1	0.000856120512790209	0.0012308892102521	0.00151127708766233
Visa_mconsumototal_delta1	0.000835402970178218	0.000540392369842528	0.00132124862470342
mv_status07_delta1	0.000834763622403528	0.00366941425054045	0.00079591631587137
mextraccion_autoservicio_avg6	0.000825033314173237	0.00086973320652171	0.00159802921205662
Visa_mpagominimo_lag1	0.000814899767672412	0.000923107997337311	0.00164966738133893
vm_mlimitecompra	0.000812103986416941	0.000636119120417466	0.00151747366797621
mtransferencias_emitidas	0.000810805776172041	0.00154403428335474	0.00113397419743957
mttarjeta_visa_debitos_automaticos_lag1	0.000807751416275928	0.000718589588649184	0.00123174246461408
Visa_msaldototal_delta1	0.000804875200421518	0.00120479158906802	0.00169648598815489
vm_mconsumospesos_tend6	0.00080413401442744	0.000555436754627496	0.00132262564255095
Visa_mconsumospesos_lag1	0.000796589762741986	0.000680369178417669	0.00162419255115966
Visa_Fvencimiento_tend6	0.000792387726644176	0.0022957106978059	0.00122554588430021
ccaja_ahorro	0.00079004635252037	0.00293852122933634	0.00045510439860811
mttarjeta_visa_debitos_automaticos	0.000787680303969019	0.000702970185174521	0.00115531797407626
tcallcenter_avg6	0.000783840993451797	0.000663018906087789	0.000815883074660531
vm_mpagospesos_lag1	0.000783105712951875	0.000635827586836065	0.00141832838295417
mautoservicio_lag1	0.000779782720940808	0.00120164731890789	0.00143829514174333
Visa_mconsumosdolares_tend6	0.00077800438354624	0.000756659313578656	0.00113672823313463
Visa_msaldototal_lag1	0.000774875535636232	0.00101400611118596	0.00150439199842469
cpagomiscuentas_tend6	0.000770353958111211	0.00101448007682443	0.000972863109278759
vmr_msaldopesos_avg6	0.000769585592232375	0.000655028560842964	0.00146927804331272
vmr_mconsumospesos_tend6	0.000768559826443632	0.000646216377066522	0.00142314794542052
mprestamos_personales_delta1	0.00076025705006395	0.00260958281631246	0.0010162391714759
Master_fultimo_cierre_lag1	0.00075652810168281	0.00107586086269367	0.00148786778425435
vm_mfinanciacion_limite_lag1	0.000751606318521825	0.000733739050721927	0.00149544138241576
Visa_fultimo_cierre_lag1	0.000750281095036764	0.000710968578892452	0.00141488583833535
vm_mpagominimo_delta1	0.000748700527788641	0.000655349158355026	0.0012372505360042
vmr_mconsumospesos_lag1	0.000745876287642829	0.000482308775122436	0.00119180894703576
catm_trx_tend6	0.000745226662609605	0.000674311360993109	0.00105066461766411
Visa_mpagospesos_lag1	0.00074120296872655	0.00123034146694349	0.00205451062851226
ctarjeta_debito	0.000739978165131699	0.00128162186620191	0.00125652878586959
vm_mlimitecompra_lag1	0.000739773803247107	0.000555020916850345	0.0011277776171257
Visa_mconsumototal_lag1	0.000738397909013517	0.000533365605683466	0.0014369181238958
mpagomiscuentas	0.000736429871791314	0.000803906086398715	0.000745655164436586
vm_mpagospesos_delta1	0.000735138018239042	0.000646380476490409	0.00126892194649735
cpagomiscuentas_avg6	0.000735104946430071	0.000951642517322972	0.00124344711631807
mv_status07	0.000734876336323445	0.00059790049873553	0.00059074065658965
vm_cconsumos	0.000734385543993759	0.000487821084925357	0.000917093886453862
vm_msaldopesos_delta1	0.000730548593520531	0.00110719759273246	0.00107338541214833
Master_fultimo_cierre_tend6	0.000727633649840213	0.00474943706810479	0.00146652400761766
mpagomiscuentas_lag1	0.000723417793658014	0.000673539601849708	0.000729819459190011
ccaja_ahorro_avg6	0.000714632223342209	0.0012230079665316	0.000472317121702214
vm_mfinanciacion_limite	0.000712816563062316	0.000795427019981389	0.00191474331698813
Master_msaldopesos_tend6	0.000710358501057756	0.00122799131279649	0.000791785262328785
vm_mconsumospesos	0.000709904642937364	0.000473632968251404	0.00121384123259622
vmr_Master_mlimitecompra_lag1	0.000705212158870268	0.00109413536801857	0.00145963891838002
vm_mpagado_tend6	0.000697251504589151	0.00118293596034828	0.00127167598219241
ccuenta_debitos_automaticos_avg6	0.000687974690203198	0.00110209754360753	0.00110987638510783
vmr_Master_mlimitecompra_tend6	0.00068690909434766	0.00274919073653691	0.00122141483075762
catm_trx_other_tend6	0.000682608790711144	0.00188814630387068	0.000813129038965474
vmr_mpagospesos	0.000682290426625581	0.00057849294725224	0.00145137681129485
cextraccion_autoservicio_tend6	0.000676216738248697	0.00151585702614751	0.00134534643703517
ccomisiones_mantenimiento	0.000675018156871124	0.00190607383057722	0.000740147093046473
mpayroll_sobre_edad_delta1	0.00067221630912944	0.000927414377586495	0.000599691272598584
mpagomiscuentas_tend6	0.00066736890483018	0.000838707236972302	0.00105892672474928
vmr_msaldopesos_lag1	0.0006661228864781	0.000652335452314168	0.00116151455439014
Visa_msaldopesos_lag1	0.000665821071265501	0.000768210661035557	0.00131711757116084
Visa_fultimo_cierre	0.000664260064516088	0.000793709118110621	0.00144724575775227
ccuenta_debitos_automaticos_tend6	0.000663831850420448	0.00211056406960948	0.000753917271521756
vm_msaldototal_tend6	0.000660083548732365	0.000627166535499061	0.0012448241341656
vmr_mpagospesos_delta1	0.00065637835312493	0.000508783780267713	0.00121521825044374
vm_msaldototal_avg6	0.000655883692493376	0.000635405041997992	0.00144724575775227
mtarjeta_visa_consumo_delta1	0.000651599733022106	0.00060156747251017	0.00109266366201372
vm_status06_tend6	0.000650117710170634	0.000748664496959883	0.000214126275290654
Master_status	0.000646832095482678	0.000718220253161091	0.000100522302869567
ccaja_seguridad_avg6	0.000635592450389205	0.0041483350656226	0.000227207944842173
Visa_mconsumosdolares_avg6	0.000632291683858068	0.000605161562889459	0.00112158103681182
mtarjeta_visa_consumo_lag1	0.000630321715920285	0.000464896350694681	0.00110781085833653
vmr_mconsumospesos_delta1	0.000628843664358935	0.000648053217484303	0.00106718883183445
ctarjeta_debito_lag1	0.00062844501212726	0.000869418421795781	0.00110436831371771
catm_trx_avg6	0.000627491193706924	0.000690581796514581	0.00123174246461408
vmr_mconsumototal_avg6	0.000626687205354572	0.000560471074555391	0.00123174246461408
matm_other_avg6	0.000625606283904605	0.00164990836996695	0.000804866931880304
ctarjeta_visa_transacciones_delta1	0.000623732004893056	0.00109280245144472	0.000766310432149511
Visa_fechaalta_tend6	0.000621541562746091	0.00166466748109405	0.000797981842642663
ctransferencias_recibidas	0.000618010856238545	0.00104357575424055	0.00121315272367245
mtransferencias_emitidas_delta1	0.000617296909746151	0.000963097283102599	0.00100178048407685
Visa_fultimo_cierre_tend6	0.000610404791935454	0.00720966034474992	0.00131367502654202
vm_mconsumototal_avg6	0.000605768505955216	0.000666259757925198	0.00121934930398633
Master_mconsumospesos_avg6	0.000604978461393513	0.000605761621273262	0.000658214531118538
vmr_mpagominimo_delta1	0.000604978402969207	0.000681545596903351	0.00115669499192379
mautoservicio_delta1	0.000604624125494275	0.00090587532214226	0.00104102549273141
vmr_msaldototal_delta1	0.000601124796481107	0.000806613503324144	0.00107131988537703
vm_status04	0.00059963712864288	0.000314955979551523	0.000150094945380587
vm_msaldopesos_lag1	0.000596236466588032	0.000663379745965382	0.00122279184860515
vm_msaldopesos_tend6	0.000593316908132149	0.000752809907746944	0.00139078802600361
mpayroll_delta1	0.000592457922205238	0.00115209242285594	0.000632739700939264
vm_status02	0.000590888656748405	0.000501021027956834	0.00010258782964086
vm_fultimo_cierre_tend6	0.00058980786859746	0.00190587261874957	0.00123243097353785
ccajas_consultas_avg6	0.000588058911420223	0.00125030704589547	0.000638247772329377
Master_msaldototal_tend6	0.00058798036374665	0.00161410473735425	0.000881291422418126
vmr_mconsumospesos	0.000587359066206837	0.000658326646266905	0.00120213658089222
ctarjeta_debito_transacciones_delta1	0.00058668419226846	0.00101328800852993	0.000915716868606334
vmr_mconsumototal	0.000585532926385295	0.000475281116688585	0.000881291422418126
Master_mpagospesos_tend6	0.000582284715503017	0.000846184715625308	0.00068506637914534
mtransferencias_emitidas_lag1	0.000580673382965737	0.00069964884860605	0.000952207841565835
Visa_mpagado_delta1	0.000562642423744963	0.000510959103693347	0.000757359816140577
Master_Fvencimiento_tend6	0.000562416967463499	0.000966351101924457	0.00104102549273141
mtarjeta_master_consumo	0.000557278303650984	0.000746001346636538	0.000298124363989882
ccaja_ahorro_lag1	0.000552653922112875	0.000767144685486387	0.000321533667397863
vm_mlimitecompra_avg6	0.000552460385596752	0.000649172849520847	0.00126134834833594
Master_status_avg6	0.000548900357765707	0.00116605115804637	0.000165930650627163
Master_mpagospesos_avg6	0.000546584082736126	0.000628566969819531	0.000629985665244207
vm_status06_avg6	0.000546133250312592	0.000123975996902726	0.000209306712824305
ctarjeta_visa_debitos_automaticos	0.000544575917613493	0.000411251936030024	0.000612772942150103
vm_status01_delta1	0.000544314006741708	0.000890125801685714	9.77682671745109e-05
Master_cconsumos_avg6	0.000543777150558322	0.000571810031749769	0.00060726487075999
vm_Fvencimiento_tend6	0.000539895474435155	0.000940232912420219	0.00116151455439014
matm_other_tend6	0.000535979487043861	0.000961429013482653	0.000678869798831463
vm_mconsumospesos_lag1	0.00053094008374398	0.000381244545465938	0.00104033698380765
ccaja_seguridad_lag1	0.000530049039520078	0.00128185706047157	0.000114980990268615
vm_mconsumospesos_delta1	0.000525956404592489	0.000454634994621738	0.000964601002193589
ctarjeta_debito_transacciones_lag1	0.000525471056006454	0.000534406541538528	0.00101486215362837
ccajas_consultas	0.000524117192526359	0.00132957869320489	0.000236158560851107
vm_msaldototal_delta1	0.000523591706608282	0.00100092868380065	0.00110367980479395
cpayroll_trx_tend6	0.000522834229514	0.00107099377215143	0.000625854611701622
Master_status_tend6	0.000521614113083874	0.000284114677746161	0.000141832838295417
ctarjeta_visa_debitos_automaticos_lag1	0.000513154999810742	0.000310295913623064	0.000587298111970829
vm_status04_tend6	0.000508678259351804	0.000805354811557822	0.000245797685783806
vmr_mconsumototal_tend6	0.000508377988126859	0.000520592231726615	0.00122348035752891
Master_msaldopesos_avg6	0.000507707268654772	0.000413420105257341	0.000613461451073867
Master_cconsumos_tend6	0.000503113617541461	0.000738258715508424	0.000560446263944027
ctransferencias_recibidas_lag1	0.000499153421368578	0.00116419196075885	0.00101486215362837
Master_mconsumospesos	0.000498448592207636	0.000519127409621297	0.000435826148742714
cdescubierto_preacordado_lag1	0.000493183691032331	0.00124374664603917	0.000373171836680175
vm_mconsumototal	0.000492398327381332	0.000407389116076468	0.000888865020579532
mplazo_fijo_dolares	0.000491296121035492	0.00301989799950041	0.000310517524617637
vm_mpagospesos	0.000487645795889982	0.000592037186077702	0.00127236449111617
ccomisiones_otras_delta1	0.000486682813622347	0.000604438988859485	0.000842046413763569
vm_mconsumototal_tend6	0.000485387626737095	0.000500776890939281	0.000960469948651004
Master_mconsumototal_avg6	0.000479251807837525	0.000462920003409727	0.000501234496500309
vm_cconsumos_delta1	0.000479171479051917	0.00050706543125955	0.000643067334795726
cmobile_app_trx	0.000479074301608898	0.000658563629086142	0.000815194565736767
vmr_mconsumototal_lag1	0.000476440785872249	0.000390227982864583	0.000897815636588466
vm_mconsumototal_delta1	0.000472271215628929	0.000301152401037086	0.000757359816140577
mextraccion_autoservicio	0.000469596060057101	0.000609022594293436	0.000724999896723661
Master_msaldototal	0.000460812333170135	0.000555569107296353	0.000602445308293641
Master_mpagospesos_lag1	0.000458454551229791	0.000355699138964421	0.000514316166051828
Master_fechaalta_tend6	0.000452877386910176	0.000718333378921972	0.000816571583584295
Master_mconsumospesos_tend6	0.000448818268802929	0.000831367923774285	0.000565265826410376
mpagomiscuentas_delta1	0.000448597212066881	0.00135770944812306	0.000741524110894001
Master_mpagospesos	0.00044356744295312	0.000350096060270358	0.000453038871836818
mforex_sell_tend6	0.00044278929201716	0.000542136652819588	0.000468874577083394
Visa_status_tend6	0.000441594264173774	0.000441098357131987	0.000164553632779634
thomebanking	0.00044143811621234	0.000728419904273554	0.000721557352104841
vm_fechaalta_tend6	0.000440121842951525	0.00103387957983461	0.000761490869683162
vm_status05_avg6	0.000438839970121419	0.000308143394204564	0.000381433943765345
vm_status04_delta1	0.000438333516600616	0.00292731015343687	0.000148029418609295
vmr_Visa_mlimitecompra_tend6	0.000436295987180849	0.00177767206774091	0.000844800449458625
Master_fultimo_cierre_delta1	0.000428352578834326	0.000179987556935379	0.000592806183360943
Master_msaldototal_avg6	0.000426402705652589	0.0004034672739868	0.000651329441880896
vmr_mconsumosdolares_tend6	0.000424524639069175	0.000456305947066053	0.000546676085468744
mcuenta_debitos_automaticos_delta1	0.000423320801675015	0.000807379002544018	0.000825522199593229
ctransferencias_recibidas_delta1	0.000420470521643895	0.00123954713162734	0.000986633287754043
ccallcenter_transacciones_lag1	0.000418101767605325	0.000573796216057408	0.000257502337487796
cextraccion_autoservicio_lag1	0.000417479027019557	0.000265866553527551	0.000431695095200129
vm_mconsumosdolares_avg6	0.000416906600770011	0.000625687852134504	0.000610018906455047
Master_mpagado_tend6	0.000415978953448699	0.000250249385739862	0.000425498514886251
ccajas_otras_tend6	0.000413573715203367	0.00130328433156711	0.000350451042195958
Master_msaldototal_delta1	0.00041352622513426	0.000432597828119711	0.000603822326141169
catm_trx_other_avg6	0.000411677102880879	0.00147587265889357	0.000645132861567019
vm_status06	0.000410554885075758	0.000211895728564701	9.432572255569e-05
mextraccion_autoservicio_delta1	0.000405066627263528	0.000691658503361225	0.000691951468382982
cdescubierto_preacordado_tend6	0.000402801839515401	0.00445283652574663	0.000220322855604531
vmr_mconsumototal_delta1	0.000401612968568025	0.000421695277022645	0.000749786217979171
ccajas_transacciones_avg6	0.000397320945251341	0.000681654251290284	0.000664411111432415
Master_mpagominimo_avg6	0.000396694286621809	0.000397239544352221	0.00064857540618584
mplazo_fijo_dolares_avg6	0.000394003204487364	0.000542877112345353	0.000311206033541401
Master_mconsumototal_tend6	0.000389187427590456	0.000657475743804628	0.00049641493403396
vm_mconsumototal_lag1	0.000388922861618988	0.000351284998603094	0.000869586770714135
vm_status05	0.000387545617741273	0.000161119253150201	0.000115669499192379
mtarjeta_master_consumo_avg6	0.000386185251824812	0.000291736581777683	0.000325664720940448
Master_mpagospesos_delta1	0.000383367302060867	0.00122131242153057	0.000492283880491375
mplazo_fijo_dolares_tend6	0.000375989643930498	0.000511869475429131	0.000302943926456231
ccuenta_debitos_automaticos	0.000369344481374663	0.00038270221337294	0.000351828060043486
Master_mconsumospesos_lag1	0.000365675359737417	0.000326761301048663	0.000404843247173327
vmr_mpagado_delta1	0.000365352529905487	0.000380890412649267	0.000515693183899357
ccajas_consultas_delta1	0.000365059788647149	0.000880037040647158	0.000198979078967843
matm_delta1	0.000364445659367979	0.000444522535301258	0.000561823281791555
Visa_mpagado_lag1	0.000364232305772599	0.000319477432887599	0.000570773897800489
Master_mpagominimo_tend6	0.000363430883499662	0.00155587135160691	0.000614149959997632
Master_msaldopesos_delta1	0.000362554751935199	0.000434340769684587	0.000533594415917225
ctarjeta_visa_descuentos_avg6	0.000360968728992833	0.000667273418399178	0.000193471007577729
vmr_mconsumosdolares_avg6	0.00035917599397422	0.000481317471518195	0.000595560219055999
cpagomiscuentas	0.000353944792627821	0.000366081222133956	0.000442022729056591
mextraccion_autoservicio_lag1	0.000353686266790546	0.00046298662688155	0.000610707415378811
foto_mes	0.000348231883097378	0.000536995019916944	0.000956338895108419
vm_mconsumosdolares_tend6	0.00034624382802532	0.00057708312304648	0.000578347495961895
cpagomiscuentas_delta1	0.000346185810519625	0.000700813641519468	0.000349762533272194
Visa_mconsumosdolares	0.000344529415568965	0.000719303219931263	0.000524643799908291
ccomisiones_mantenimiento_lag1	0.000344228345407838	0.000979541655070643	0.00053772546945981
Master_msaldopesos	0.000343173321629489	0.000424402693948074	0.000526020817755819
ctransferencias_emitidas_lag1	0.000339496194291806	0.000308535086562397	0.000559069246096499
cmobile_app_trx_lag1	0.000337438025925014	0.000963845343964076	0.000756671307216813
matm	0.000333532196095362	0.000873006252251544	0.000500545987576545
Master_mconsumospesos_delta1	0.000333318785865861	0.000540657522317636	0.000383499470536638
cextraccion_autoservicio_delta1	0.000333025456570424	0.000400690103627785	0.000448219309370469
Master_msaldototal_lag1	0.000329370208629457	0.000356810722527859	0.000495726425110196
ctarjeta_master_transacciones_avg6	0.000325736490424377	0.000544405875098126	0.000311894542465165
tcallcenter	0.000325212442836652	0.000545138286150786	0.000183831882645031
vm_mpagado_lag1	0.00032356678126911	0.000233717821979835	0.000391761577621808
Visa_mconsumosdolares_delta1	0.000323001832997516	0.000380677575249349	0.000560446263944027
vm_status03_tend6	0.000321510217240522	0.00031135965348526	0.00014734090968553
Master_msaldopesos_lag1	0.000320104348884751	0.00166490535818807	0.00045166185398929
ccajas_otras_avg6	0.00031914681020958	0.000739641264333102	0.000294681819371061
Visa_mpagado	0.000318355460247269	0.000678591360136	0.000374548854527704
thomebanking_delta1	0.000314312244534187	0.00141833814889427	0.00047989071986362
Master_mpagominimo_delta1	0.00031064695085663	0.00025887064184873	0.000432383604123893
cplazo_fijo_tend6	0.000310322225922349	0.00132051253538821	0.000282288658743306
vm_status05_tend6	0.000308048733903997	0.00059030676435988	0.000205864168205484
Master_mpagado_avg6	0.000306501351850819	0.000446960328377631	0.000481267737711149
Master_cconsumos_lag1	0.000305306652005117	0.000413074468051172	0.000311894542465165
matm_other_lag1	0.000302964990720928	0.0006255595237022	0.00029950138183741
vm_status02_tend6	0.000301579538607398	0.000187754333482812	0.000153537489999408
vmr_mpagado_lag1	0.000300704418842366	0.000322614101712023	0.000470940103854686
Master_mconsumototal	0.000296711630658413	0.000362085602374149	0.000319468140626571
vm_status06_delta1	0.000295824287956367	0.00116403009702194	6.95394013001803e-05
ctransferencias_emitidas	0.000295595387415612	0.000565889038368013	0.000565265826410376
mcheques_depositados_avg6	0.000293346387389569	0.00105434461125657	0.000170061704169748
ccajas_extracciones_tend6	0.000292975761507057	0.000720692922954257	0.000492972389415139
Master_mpagominimo	0.000291404192144556	0.000328906219131451	0.00044684229152294
Visa_mpagosdolares_avg6	0.000290222207141313	0.000386332521881207	0.000362844202823713
thomebanking_lag1	0.000289703973696638	0.000230741228342745	0.000588675129818358
cextraccion_autoservicio	0.000288787140408681	0.000498081993860906	0.000555626701477678
mplazo_fijo_dolares_delta1	0.000287726600782297	0.00184375360904154	0.000291927783676004
tcallcenter_delta1	0.000287282144406516	0.000390022746800376	0.000159734070313285
Visa_mconsumosdolares_lag1	0.000287243760570956	0.000331278730148185	0.000449596327217997
vm_status02_avg6	0.000286196375180887	0.000316740504894114	0.000198290570044078
catm_trx_delta1	0.000286053070821987	0.00041909472593457	0.000338057881568203
ctransferencias_emitidas_delta1	0.000285327756457831	0.000311490217604537	0.000469563086007158
ccuenta_debitos_automaticos_lag1	0.000282169302890359	0.000214370634044841	0.000324976212016684
mv_status07_tend6	0.000279246721445747	0.00132062118977514	0.00075460578044552
cpayroll_trx_delta1	0.000276296280328433	0.000613391126640495	0.000252682775021447
ctarjeta_master_transacciones_tend6	0.000274440525642922	0.00111290217161514	0.000362844202823713
cseguro_accidentes_personales_avg6	0.000271351348035825	0.000434757501736527	0.000450284836141761
active_quarter_tend6	0.00026643726301699	0.00297922146355934	0.000998337939458033
mtarjeta_master_consumo_tend6	0.000259106820162244	0.000507194653966644	0.000353893586814779
tcuentas_avg6	0.000255180495754427	0.00139919753843567	0.00055424968363015
mforex_sell_avg6	0.000254269319596584	0.000507402572855219	0.00041035131856344
cpagomiscuentas_lag1	0.000248041332422416	0.000820780604540543	0.000454415889684346
Master_status_delta1	0.000246947563702336	5.89872593949543e-05	2.82288658743306e-05
cprestamos_personales_delta1	0.000245565905250243	0.000948802747728687	0.00025819084641156
Master_mconsumototal_delta1	0.000245155336572626	0.000361102347243014	0.000268518480268023
vm_mpagado_delta1	0.000244735517586208	0.00027602283231272	0.000409662809639676
cforex_tend6	0.000244652053069425	0.000400151750204462	0.000344942970805845
cseguro_vida_avg6	0.000244438495855211	0.000904817842203591	0.000382122452689109
Master_mconsumototal_lag1	0.000244409627951067	0.000204626168800271	0.0002747150605819
vm_status05_delta1	0.000243159506785851	0.000475637485192229	7.57359816140577e-05
Visa_fultimo_cierre_delta1	0.00024213410594387	0.000200865296172726	0.000526020817755819
Master_mpagominimo_lag1	0.000236056246559249	0.000220044807584675	0.000411039827487204
Master_cconsumos	0.000234070711180561	0.00016111165181449	0.000256125319640268
mttarjeta_master_debitos_automaticos_tend6	0.00023237593800417	0.000667878842431718	0.000232027507308522
cplazo_fijo_avg6	0.000225195077695985	0.000576630620002956	0.000236847069774871
catm_trx_lag1	0.000224709512083256	0.000138366666816517	0.000264387426725438
Visa_mpagosdolares_tend6	0.000224519954456436	0.000753251232355597	0.00038556499730793
matm_lag1	0.000224467469129808	0.000299191256423555	0.000401400702554506
ctarjeta_master_transacciones	0.000223236549478656	0.000394288884684029	0.000141832838295417
active_quarter	0.000220301559470246	0.00114371127952807	0.00109748322448007
ctarjeta_visa_debitos_automaticos_delta1	0.000217313901556293	0.000203245408525171	0.000294681819371061
ccheques_depositados_avg6	0.000216575394732639	0.00109499744891572	0.000124620115201313
vmr_msaldodolares_tend6	0.000215746697427304	0.000392788738724522	0.000223076891299588
Visa_delinquency_avg6	0.000211347291973286	0.00113855041971745	0.000320156649550335
ccajas_extracciones_avg6	0.000209501068752914	0.000595467177033105	0.000342188935110788
mplazo_fijo_dolares_lag1	0.000207931692854808	0.000514988258757763	0.000159045561389521
cforex_sell_tend6	0.000204840047201161	0.000274190463268887	0.000322910685245391
cdescubierto_preacordado_delta1	0.000204646219948573	0.0031967976255874	0.000136324766905304
vmr_msaldodolares2_avg6	0.000200025396293064	0.000607675369322946	0.000292616292599768
active_quarter_lag1	0.000199371202298735	0.000518122244757818	0.000697459539773095
Visa_delinquency_tend6	0.000198340063622275	0.00105984708403681	0.000318779631702807
vm_msaldodolares_avg6	0.00019665720702618	0.00141840924374004	0.000317402613855278
mtarjeta_visa_descuentos_avg6	0.00019547624917656	0.000748692666615754	0.000197602061120314
matm_other_delta1	0.000190032187004899	0.000453133507250046	0.000319468140626571
vmr_msaldodolares_avg6	0.000189589539868317	0.000353852908661349	0.000212749257443126
cforex_avg6	0.000189575797311204	0.000957905570811739	0.000275403569505664
matm_other	0.000186539143915016	0.000862829405146215	0.000292616292599768
vmr_Master_mlimitecompra_delta1	0.000185632303446086	0.000521855842004281	0.00021343776636689
vm_fultimo_cierre_delta1	0.000183926439540677	0.000166327509524668	0.000426187023810016
mtarjeta_master_consumo_delta1	0.000177976977229448	0.000461077797343209	0.000238912596546164
vmr_mpagosdolares_tend6	0.000177960376659797	0.000345841100821574	0.000191405480806437
vm_mconsumosdolares_lag1	0.000176632311315276	0.000209004538170015	0.000192782498653965
vmr_mconsumosdolares	0.000176091101294857	0.00034622563898109	0.000234781543003579
vmr_msaldodolares2_tend6	0.000175292705174567	0.000407884097172496	0.00022996198053723
ctarjeta_master_debitos_automaticos_tend6	0.000175284470226937	0.000525060922850106	0.000146652400761766
Master_cconsumos_delta1	0.000173869143029471	0.000101533276783629	0.000195536534349022
Master_Fvencimiento_delta1	0.000172981638977541	0.000161647322413443	0.000340123408339495
ccajas_depositos_avg6	0.00017168165575543	0.000803634226862685	0.000177635302331154
Visa_msaldodolares_avg6	0.000170483086508512	0.000444589605910476	0.000267141462420494
vmr_mpagado	0.00016720301076854	0.00035442658593886	0.000250617248250155
ccajeros_propios_descuentos_tend6	0.000167150246935781	0.000219979078387642	0.000137701784752832
ctarjeta_master_avg6	0.000165910687979972	4.17080819108454e-05	5.9900276367482e-05
mv_status07_lag1	0.000163107844948918	0.000512965856321146	0.000499168969729017
vm_mpagado	0.000162875028455261	0.0002030714720786	0.000220322855604531
Visa_msaldodolares_tend6	0.000160283886877408	0.000339087984748122	0.000289862256904712
ccheques_depositados_tend6	0.00015330351215858	0.000555021811125135	0.000109472918878502
ctarjeta_debito_tend6	0.000151403165341093	0.00103430883173361	0.000335303845873146
vmr_msaldodolares2	0.000150582487023238	0.00153249858570666	0.000175569775559861
vm_status04_avg6	0.000147266901245864	0.00028810850895639	0.000351139551119722
Master_mpagado_lag1	0.000143614206557295	9.68159772686366e-05	0.000140455820447889
vm_mconsumosdolares_delta1	0.000143348560757417	0.000187308984637605	0.000198290570044078
vm_mconsumosdolares	0.00014162368212783	0.000277518059760884	0.00019691355219655
vm_msaldodolares_tend6	0.000140921165821546	0.000329753991631965	0.000234781543003579
mttarjeta_master_debitos_automaticos_avg6	0.000139342058495668	0.000210642402447116	0.000149406436456823
cforex_sell_avg6	0.000138950415406369	0.000188387032896434	0.000243732159012513
catm_trx_other_delta1	0.000138075949447381	0.000219593198815941	0.000204487150357956
Visa_mpagosdolares_delta1	0.000136486169072464	0.00019405584078753	0.000178323811254918
Visa_mpagosdolares	0.000134775827136239	0.00014336432147804	0.000154914507846936
Visa_status_avg6	0.000132587078427256	0.000428388923822591	0.000154914507846936
catm_trx	0.00013232656991527	0.000580919114756348	0.000327041738787976
ctarjeta_visa_descuentos_tend6	0.000132305714613616	0.000207138633821573	0.00014734090968553
mcajeros_propios_descuentos_avg6	0.000128549718787431	0.000329351567976658	0.00012737415089637
ccajas_depositos_tend6	0.00012749397587546	0.000327670331372262	0.000191405480806437
Master_msaldodolares_avg6	0.000125674749964777	0.00050117394894585	0.000113603972421087
vm_mpagosdolares_avg6	0.000124587971793447	0.000143839181391303	0.000153537489999408
vm_mpagosdolares_tend6	0.000123972470430551	0.000236416743294763	0.000176946793407389
mtarjeta_visa_descuentos_tend6	0.000122750667100173	0.000352116227020001	0.000130816695515191
mttarjeta_master_debitos_automaticos_delta1	0.000121806922500483	0.000407807636677988	0.000179012320178682
Visa_Fvencimiento_delta1	0.000120450602281506	8.7176142174446e-05	0.000257502337487796
mcaja_ahorro_adicional_tend6	0.000119296419383989	0.000265139955261024	0.00011084993672603
mcheques_depositados_tend6	0.000117818758588797	0.000398058700059469	9.57027404032184e-05
mtarjeta_master_consumo_lag1	0.000117607760908214	0.000130260960123837	0.000159734070313285
cseguro_vida_tend6	0.00011693821685938	0.000533416579346472	0.000203110132510427
Master_mconsumosdolares_avg6	0.000115977945299794	0.000549845748643093	0.000154914507846936
ccajas_otras_delta1	0.000115405473835968	0.000743216127804416	0.000101210811793332
Visa_mpagosdolares_lag1	0.000113966527480194	0.000273227776457913	0.000160422579237049
mttarjeta_master_debitos_automaticos_lag1	0.000113605717381488	0.000132333889086065	0.000111538445649794
cseguro_vivienda_avg6	0.000112876779810639	0.000181426445071801	0.000208618203900541
cplazo_fijo	0.000112731643330094	0.000199592743147165	5.50807139011329e-05
ccajas_transacciones_delta1	0.000110111348203515	0.000159641464060434	0.000100522302869567
ctarjeta_master_transacciones_lag1	0.0001082463186473	0.000135397674515139	0.000138390293676596
vmr_mpagosdolares_avg6	0.00010782647366801	0.000129486071018673	0.000131505204438955
mtarjeta_visa_descuentos_delta1	0.000106696969613645	0.000231474086532799	9.98337939458033e-05
vmr_Visa_mlimitecompra_delta1	0.000106535190379193	0.0006052438361701	0.000192782498653965
catm_trx_other_lag1	0.000104506987311292	0.000124211191172383	0.000141144329371653
Master_mpagosdolares_avg6	0.000104283836192641	0.000178874631959757	9.22601957843976e-05
vmr_mconsumosdolares_delta1	0.000103170311169885	0.00018476074862472	0.000211372239595597
ctarjeta_master_debitos_automaticos_avg6	0.000101260056735871	0.000289960999182988	0.0001556030167707
ccheques_emitidos_avg6	0.00010110004327165	0.000788890318407013	7.84900173091144e-05
vmr_mconsumosdolares_lag1	0.00010054169872068	0.000206227367810999	0.000174881266636097
ctarjeta_visa_avg6	9.82177218886141e-05	0.000134151055458475	8.95061600893409e-05
cplazo_fijo_delta1	9.77181054405085e-05	0.000199742534174418	7.57359816140577e-05
mttarjeta_master_debitos_automaticos	9.61671786731715e-05	0.000183952771352341	0.000110161427802266
cseguro_accidentes_personales	9.61653658457609e-05	0.00019483967264059	0.000177635302331154
vm_fechaalta_delta1	9.6158242985786e-05	7.27608797039412e-05	0.000161799597084578
catm_trx_other	9.5541846882412e-05	0.000172725151369266	0.000148717927533059
Visa_msaldodolares_delta1	9.42804423258448e-05	0.000137503244507186	0.000164553632779634
ccajas_transacciones	9.35865417061833e-05	8.43614122742683e-05	8.95061600893409e-05
Master_mpagado_delta1	9.29053802674478e-05	0.000118731969536676	0.000142521347219181
cseguro_accidentes_personales_lag1	9.26447647501859e-05	0.000113072998668265	0.000137013275829068
mcajeros_propios_descuentos_tend6	9.10550216307936e-05	0.000414265194933487	0.000122554588430021
tcallcenter_lag1	9.01477633844537e-05	9.69519070366515e-05	0.000101210811793332
Visa_msaldodolares_lag1	8.92133803075145e-05	0.00029210815295275	0.000128062659820134
ctarjeta_master_descuentos_avg6	8.82328318917677e-05	0.000166758997110637	5.43922049773687e-05
Visa_madelantopesos_avg6	8.6454067893361e-05	0.00026065785001569	8.05555440804068e-05
Master_fechaalta_delta1	8.51426901383493e-05	5.55474314168658e-05	0.000211372239595597
Visa_msaldodolares	8.50034962993621e-05	0.000504603939901254	0.0001556030167707
vm_Finiciomora_avg6	8.44336849138113e-05	0.000696196947918303	0.000168684686322219
vmr_msaldodolares_lag1	8.41177695855669e-05	0.000123919657590983	6.95394013001803e-05
ctarjeta_visa	8.34000205822147e-05	5.44260108307426e-05	5.5769222824897e-05
mcheques_emitidos_avg6	8.29640572156663e-05	0.00113583093008237	9.8456776098275e-05
mcaja_ahorro_adicional_avg6	8.22998356549955e-05	0.000288418822308371	0.000114292481344851
ccajeros_propios_descuentos_avg6	8.15460310931906e-05	0.000505663655526896	0.000121177570582492
vmr_msaldodolares2_lag1	8.13926937507599e-05	0.000558938287566065	0.000119800552734964
Master_mconsumosdolares_tend6	8.08343327719076e-05	0.000134897774907768	0.000107407392107209
vm_status03_delta1	8.05558627442536e-05	0.000149334499973222	2.82288658743306e-05
Visa_Finiciomora_lag1	8.03779496649148e-05	0.000786981488868672	8.60636154705201e-05
vmr_msaldodolares	8.02927012138611e-05	0.000113445911255516	7.22934369952369e-05
Master_mpagado	8.02095887629152e-05	0.000134327227592021	9.8456776098275e-05
vm_msaldodolares	7.99452905423398e-05	0.000324492973044913	7.64244905378219e-05
cseguro_accidentes_personales_tend6	7.92750559445594e-05	0.00156714636815383	0.000169373195245984
vm_Fvencimiento_delta1	7.6855774424402e-05	0.000154623241078751	0.000255436810716504
vm_Finiciomora_tend6	7.36993054641684e-05	0.000414661805802662	0.000133570731210247
Master_mconsumosdolares_delta1	7.36122571217029e-05	1.66013171936134e-05	4.13105354258497e-05
vmr_mpagosdolares_lag1	7.29895928951345e-05	7.2506458526308e-05	5.43922049773687e-05
mcaja_ahorro_adicional	7.22555063302728e-05	0.000212079054896563	9.63912493269825e-05
vmr_msaldodolares2_delta1	7.21213599002753e-05	0.000130246204589809	0.00012737415089637
Master_mpagosdolares_tend6	7.11870158804038e-05	5.5559504126525e-05	8.39980886992276e-05
mforex_sell_delta1	7.10708147697104e-05	0.00019966517940512	7.22934369952369e-05
ctarjeta_master_tend6	7.10405550839729e-05	0.000230213159079503	6.95394013001803e-05
cliente_edad_delta1	6.97726143408236e-05	0.000233395435918194	0.000230650489460994
Visa_fechaalta_delta1	6.9299065562178e-05	5.720988825068e-05	0.000166619159550927
cmobile_app_trx_delta1	6.87329892109178e-05	0.000222143223378406	0.000183831882645031
ctarjeta_master	6.84342267154196e-05	1.53242927941046e-05	3.51139551119722e-05
mtarjeta_master_descuentos_tend6	6.81741778950931e-05	0.000370296833491998	5.02611514347838e-05
mcaja_ahorro_adicional_lag1	6.71458226517601e-05	0.000189428863026285	5.78347495961895e-05
Visa_Finiciomora_avg6	6.58262146810465e-05	0.000574301928450911	0.000103276338564624
ccaja_ahorro_tend6	6.58154222584204e-05	0.000306239483177566	6.47198388338311e-05
ccaja_seguridad_tend6	6.40603425709477e-05	0.000133510754709142	2.27207944842173e-05
cseguro_vida	6.25711994017692e-05	0.000813721646489057	0.000130128186591426
ctarjeta_master_debitos_automaticos	6.25343851829721e-05	0.000130266325772575	5.16381692823121e-05
ctarjeta_master_debitos_automaticos_delta1	6.23126032756318e-05	6.9523157828296e-05	5.23266782060762e-05
vm_status03_avg6	6.05066474105928e-05	9.09276249167002e-05	0.000156291525694465
Master_msaldodolares_tend6	5.99659297753207e-05	0.000111854996404868	8.74406333180484e-05
vm_status02_delta1	5.93269518722593e-05	1.65718061255575e-05	2.68518480268023e-05
vm_mpagosdolares_delta1	5.90948392784619e-05	0.000151024232188118	6.88508923764161e-05
Visa_Finiciomora	5.85775148062673e-05	0.000724382253598636	0.000106718883183445
ctarjeta_master_debitos_automaticos_lag1	5.78577025952677e-05	5.88803935576004e-05	5.5769222824897e-05
minversion2_avg6	5.63140834864246e-05	0.000221981806778888	3.37369372644439e-05
cinversion1_tend6	5.44404405116952e-05	9.10188409452365e-05	2.5474830179274e-05
Visa_Finiciomora_tend6	5.43881287409551e-05	0.00038091679375556	8.33095797754635e-05
ccuenta_debitos_automaticos_delta1	5.35312467337545e-05	0.000127125632711598	7.64244905378219e-05
Visa_cadelantosefectivo_avg6	5.30435824654466e-05	0.000169794612883839	4.13105354258497e-05
vmr_msaldodolares_delta1	5.28554087603416e-05	7.43598430276958e-05	7.7112999461586e-05
ccajas_otras	5.26699812050963e-05	0.00010977088900777	4.61300978921988e-05
Master_delinquency_lag1	5.25254943854012e-05	4.38507643066597e-06	1.10161427802266e-05
cplazo_fijo_lag1	5.2000970931073e-05	0.000114233320207734	5.30151871298404e-05
mtarjeta_master_descuentos	5.1301182750402e-05	0.000329627451749241	3.37369372644439e-05
ctarjeta_master_transacciones_delta1	5.11159873249816e-05	0.000121136674445835	9.15716868606334e-05
vm_status04_lag1	4.99531087155023e-05	5.92618017553529e-05	3.02943926456231e-05
Master_msaldodolares_delta1	4.74696659783796e-05	3.98032766090572e-05	5.37036960536046e-05
mcheques_depositados	4.72691339356191e-05	0.000103944241616314	2.82288658743306e-05
mcheques_emitidos_tend6	4.65292744223468e-05	0.000176405092128354	3.92450086545572e-05
ccajas_extracciones_lag1	4.54803342264214e-05	0.000310536026404064	6.74738745288878e-05
vm_msaldodolares_lag1	4.52429153339061e-05	0.000140097535671734	7.16049280714727e-05
mtarjeta_master_descuentos_avg6	4.40988262235508e-05	0.000726423882943229	5.30151871298404e-05
Master_madelantopesos_avg6	4.15236438834404e-05	1.36417147775251e-05	1.51471963228115e-05
ctarjeta_visa_tend6	4.15051826993526e-05	7.01813440734209e-05	3.30484283406797e-05
vm_msaldodolares_delta1	4.1157672515242e-05	0.000152342840365342	7.57359816140577e-05
Master_msaldodolares_lag1	4.11335053168849e-05	9.54723293973048e-05	4.61300978921988e-05
cinversion2_avg6	4.0561505204614e-05	0.000353753644159707	3.51139551119722e-05
Visa_delinquency_lag1	4.01219680884363e-05	0.000138586658414752	5.09496603585479e-05
vm_mpagosdolares_lag1	3.98868477886964e-05	8.98026272314187e-05	3.71794818832647e-05
ctarjeta_master_descuentos_tend6	3.89738627007821e-05	8.45755910863708e-05	5.85232585199537e-05
Visa_status_delta1	3.88375678527746e-05	0.000177109780662537	3.09829015693872e-05
mcaja_ahorro_adicional_delta1	3.72839282641228e-05	0.000142263022074682	5.78347495961895e-05
cinversion2	3.69926310956296e-05	0.000356051483231512	3.37369372644439e-05
cseguro_auto_avg6	3.6845057354745e-05	0.000192418423647824	4.33760621971421e-05
minversion2	3.67822975505294e-05	0.000598771969517968	4.61300978921988e-05
ccajeros_propios_descuentos_delta1	3.65278342686943e-05	8.95602787634447e-05	3.09829015693872e-05
mcheques_depositados_delta1	3.62585839052473e-05	0.000136692137273044	4.68186068159629e-05
cseguro_vivienda	3.61205723449704e-05	8.35100626745958e-05	8.74406333180484e-05
cseguro_vida_lag1	3.59883242038746e-05	0.00018500086140572	7.29819459190011e-05
vm_Finiciomora	3.59778320102363e-05	0.000586709544018827	8.81291422418126e-05
ccajas_transacciones_lag1	3.59340397971058e-05	9.93592947701792e-05	7.43589637665294e-05
ccajas_extracciones	3.59066354218556e-05	0.00128539257585214	7.98670351566427e-05
Master_mconsumosdolares_lag1	3.56372422568273e-05	2.58981979060032e-05	4.19990443496138e-05
tcuentas_tend6	3.55541296571146e-05	0.00080871147198048	0.000232027507308522
tcuentas	3.52173531125679e-05	0.000837419481275318	0.000253371283945211
vmr_mpagosdolares_delta1	3.40367353867065e-05	0.000196716308286507	5.50807139011329e-05
Master_delinquency_avg6	3.32963309181046e-05	0.000313871671369167	0.000104653356412152
cinversion2_lag1	3.301869789537e-05	0.000143459114605735	2.1343776636689e-05
minversion1_pesos_tend6	3.29067402846779e-05	5.72022869149687e-05	2.61633391030381e-05
Master_mpagosdolares	3.28334655386863e-05	2.62000156474837e-05	4.33760621971421e-05
Visa_madelantopesos	3.26671037299089e-05	4.92365342268567e-05	7.57359816140577e-05
cseguro_vivienda_lag1	3.2275087683491e-05	5.09754515551793e-05	7.36704548427652e-05
vm_mpagosdolares	3.17576006461042e-05	2.40291635957978e-05	2.47863212555098e-05
Master_cadelantosefectivo_avg6	3.16588415491805e-05	8.35923359552364e-06	7.57359816140577e-06
mforex_sell_lag1	3.1593346513424e-05	5.88759221836526e-05	3.09829015693872e-05
ccheques_emitidos_rechazados_avg6	3.13724923849485e-05	0.000215664649665352	3.99335175783213e-05
tcuentas_lag1	3.00986856861766e-05	0.000332527584891822	0.000145275382914238
Master_mpagosdolares_lag1	3.00229272499813e-05	2.72972908142885e-05	3.71794818832647e-05
mtarjeta_visa_descuentos	2.90153999132041e-05	0.00195594038139334	0.000107407392107209
ccheques_depositados	2.84949541608637e-05	7.42494000911837e-05	1.92782498653965e-05
vmr_madelantopesos_avg6	2.84715290334154e-05	9.31467678070229e-05	1.99667587891607e-05
mcheques_emitidos	2.80340119170312e-05	0.000269859937600385	1.99667587891607e-05
cinversion1_avg6	2.80325186763785e-05	0.00021218994497047	3.64909729595005e-05
cforex_lag1	2.75313313217883e-05	4.58999949869638e-05	2.47863212555098e-05
Visa_delinquency_delta1	2.71090189969647e-05	9.54584681380664e-05	4.88841335872554e-05
Master_cadelantosefectivo	2.68247478669785e-05	7.38313266270588e-06	1.03276338564624e-05
minversion2_tend6	2.65997144315452e-05	0.000123307526497521	4.19990443496138e-05
cinversion1	2.65952434828343e-05	0.00162701627676609	6.95394013001803e-05
vm_madelantopesos_avg6	2.63209201269016e-05	8.23823821649456e-05	2.68518480268023e-05
ccajas_consultas_lag1	2.6132947492936e-05	0.000100038943610254	5.92117674437178e-05
mcajeros_propios_descuentos_delta1	2.53789265004605e-05	0.000124037254725811	4.06220265020855e-05
minversion2_lag1	2.5127347108433e-05	0.000113170921757723	2.1343776636689e-05
vmr_madelantopesos_tend6	2.47233296651556e-05	6.61378806123714e-05	1.17046517039907e-05
Visa_madelantopesos_delta1	2.38743161026628e-05	6.84267769362808e-05	3.30484283406797e-05
mforex_sell	2.37099312324939e-05	0.000153687829648858	3.02943926456231e-05
vm_status01_lag1	2.26119166224559e-05	0.000756245711488479	7.64244905378219e-05
Master_mconsumosdolares	2.2105324279867e-05	2.1315039609447e-05	4.81956246634913e-05
active_quarter_delta1	2.19472893710356e-05	0.000541856744810452	0.000134947749057776
cseguro_auto	2.189601876678e-05	4.1293138408484e-05	2.34093034079815e-05
cforex_sell_delta1	2.17713036271969e-05	6.68389920473958e-05	2.68518480268023e-05
Visa_cadelantosefectivo_tend6	2.16346853880814e-05	9.38563748525483e-05	2.75403569505664e-05
mcheques_depositados_lag1	2.15330933705552e-05	6.08088971413123e-05	2.27207944842173e-05
Master_mpagosdolares_delta1	2.15006246775558e-05	1.90167534002472e-05	3.37369372644439e-05
minversion1_pesos_avg6	2.10259935142694e-05	0.000256787428726422	3.8556499730793e-05
ctarjeta_master_descuentos_delta1	2.09675012609964e-05	8.19956083184557e-05	2.40978123317456e-05
vmr_mpagosdolares	2.09422809035883e-05	3.70873640731272e-05	2.47863212555098e-05
mtarjeta_master_descuentos_delta1	2.08932737354645e-05	6.42956745458533e-05	2.61633391030381e-05
mprestamos_prendarios_delta1	2.04127816669881e-05	0.00058280737597453	5.23266782060762e-05
ctarjeta_visa_descuentos_delta1	2.02531014896004e-05	0.000100080974525364	2.89173747980948e-05
mforex_buy_delta1	1.94897542642554e-05	6.54528661235594e-05	1.7212723094104e-05
Master_msaldodolares	1.93642021012122e-05	9.64238377734093e-05	5.92117674437178e-05
vm_Finiciomora_lag1	1.91082087050545e-05	0.000181351325989477	4.33760621971421e-05
Visa_madelantopesos_tend6	1.88000379507963e-05	6.39522730266576e-05	4.13105354258497e-05
Master_delinquency	1.86250429890787e-05	8.88283148481801e-06	3.30484283406797e-05
ccajas_depositos_delta1	1.86195449834133e-05	5.94455752246099e-05	2.40978123317456e-05
vm_status05_lag1	1.86182800971282e-05	3.38804946777222e-05	3.30484283406797e-05
Master_delinquency_tend6	1.77978272509344e-05	0.000244387414494218	7.02279102239444e-05
ccheques_depositados_delta1	1.74525530595144e-05	5.47309585339866e-05	2.61633391030381e-05
Visa_delinquency	1.65982359614816e-05	3.4194385128862e-05	6.33428209863028e-05
cforex_delta1	1.65790366289816e-05	4.46802041739877e-05	2.40978123317456e-05
vm_status03	1.5623482798259e-05	1.8076870596407e-05	3.58024640357364e-05
Master_Finiciomora_avg6	1.54024664261281e-05	0.00104140892642541	7.22934369952369e-05
Master_Finiciomora_tend6	1.50627209470668e-05	0.000692766509825505	6.74738745288878e-05
ccajas_extracciones_delta1	1.44380365147054e-05	9.80183297232161e-05	4.19990443496138e-05
ccheques_emitidos_tend6	1.40686231451956e-05	0.00012202468931188	2.20322855604531e-05
ccajeros_propios_descuentos	1.36753706833326e-05	2.70746163916851e-05	1.58357052465757e-05
cseguro_vivienda_tend6	1.35330428674714e-05	0.000102169106159014	4.81956246634913e-05
mcajeros_propios_descuentos_lag1	1.35039593053162e-05	3.24268510072731e-05	1.65242141703399e-05
ctarjeta_visa_descuentos_lag1	1.29618021056562e-05	1.44130267835308e-05	1.79012320178682e-05
Master_madelantopesos_tend6	1.29425200628673e-05	1.55080662633617e-05	2.06552677129248e-05
mforex_buy_tend6	1.29369157746922e-05	0.000194141244029934	3.02943926456231e-05
cforex_sell_lag1	1.28497184468048e-05	1.73887261458315e-05	1.51471963228115e-05
mtarjeta_visa_descuentos_lag1	1.28302925016613e-05	3.72295537646691e-05	3.92450086545572e-05
Master_madelantopesos_lag1	1.27824261581234e-05	4.65425314232712e-06	1.51471963228115e-05
mcheques_emitidos_rechazados_avg6	1.27287299553665e-05	0.000198653754618114	2.75403569505664e-05
ccheques_depositados_lag1	1.26004105733317e-05	4.10199374602698e-05	1.51471963228115e-05
cforex_buy	1.25460268445497e-05	2.86512228457004e-05	8.26210708516993e-06
Master_cadelantosefectivo_tend6	1.23627065775945e-05	9.57008166060404e-06	6.88508923764161e-06
mforex_buy_avg6	1.20012003456462e-05	0.000885173755038459	5.78347495961895e-05
cforex_buy_tend6	1.1690621580626e-05	8.95021509021225e-05	2.20322855604531e-05
vmr_madelantopesos_lag1	1.16750548339776e-05	2.98692251090973e-05	4.81956246634913e-06
mpagodeservicios_tend6	1.16296795404278e-05	2.72664383340482e-05	1.51471963228115e-05
minversion1_pesos_lag1	1.1261276394534e-05	7.47139758443663e-05	1.37701784752832e-05
Master_madelantopesos	1.11670291996484e-05	1.2093725116776e-05	2.06552677129248e-05
vm_Finiciomora_delta1	1.10803602801657e-05	8.14988386728485e-05	1.58357052465757e-05
mprestamos_prendarios_tend6	1.09732455079122e-05	0.000597621037863789	4.88841335872554e-05
ctarjeta_visa_descuentos	1.07742752099549e-05	8.45675426132646e-05	1.44586873990474e-05
ccheques_emitidos	1.07213475115968e-05	0.000146523347172203	1.23931606277549e-05
mcajeros_propios_descuentos	1.04691579892367e-05	2.9688134464209e-05	1.85897409416323e-05
Visa_cadelantosefectivo_delta1	1.04273139115838e-05	3.44894958094207e-05	1.37701784752832e-05
mpayroll2_tend6	1.0168999889975e-05	2.45084948830084e-05	7.57359816140577e-06
minversion1_pesos	1.01515598606849e-05	0.000241380862651677	2.06552677129248e-05
cseguro_vida_delta1	9.80299838787769e-06	2.82984314412142e-05	1.03276338564624e-05
vm_status02_lag1	9.73619208123796e-06	2.10963894233967e-05	1.65242141703399e-05
minversion1_pesos_delta1	9.60420288601e-06	2.81893299168865e-05	1.51471963228115e-05
mpagodeservicios_avg6	9.60405336287378e-06	2.97958945763524e-05	1.92782498653965e-05
mcheques_emitidos_lag1	9.57196071314632e-06	2.89999900136334e-05	1.03276338564624e-05
ccheques_depositados_rechazados_avg6	9.55727128645066e-06	2.21985831015441e-05	3.4425446188208e-06
cprestamos_prendarios_tend6	9.48114613869384e-06	0.000194011574185446	2.40978123317456e-05
ccajas_depositos_lag1	9.35623835278852e-06	2.0251746884646e-05	1.85897409416323e-05
ccheques_emitidos_lag1	9.21593966531956e-06	2.22303298565739e-05	8.26210708516993e-06
ccajas_otras_lag1	9.19813509538153e-06	5.39252169485823e-05	2.06552677129248e-05
Visa_Finiciomora_delta1	9.13052080223524e-06	7.34915022070214e-05	9.63912493269825e-06
cpagodeservicios_avg6	9.07782512451079e-06	1.74428297706006e-05	1.44586873990474e-05
minversion2_delta1	8.82856133139585e-06	0.000476240673537795	3.8556499730793e-05
Master_madelantopesos_delta1	8.80003722474309e-06	3.89411957119098e-06	5.50807139011329e-06
Visa_status_lag1	8.65311899257644e-06	0.000373226924840031	3.02943926456231e-05
mtarjeta_master_descuentos_lag1	8.45733111826454e-06	1.37302479816927e-05	1.30816695515191e-05
Visa_cadelantosefectivo	8.41844041658782e-06	6.64718922462766e-05	3.78679908070289e-05
mcheques_emitidos_delta1	8.36463145931562e-06	0.000171218298348837	1.58357052465757e-05
Master_Finiciomora	8.20406458653401e-06	3.69120862143711e-05	1.03276338564624e-05
cseguro_auto_lag1	8.17207048865705e-06	6.90778089830892e-05	1.99667587891607e-05
cpagodeservicios_tend6	7.98043637790189e-06	2.76049213419012e-05	1.10161427802266e-05
cforex_buy_avg6	7.69528190692395e-06	5.29406204052636e-05	1.58357052465757e-05
vm_madelantopesos_tend6	7.59325588178179e-06	5.70185134457117e-05	1.03276338564624e-05
ctarjeta_master_descuentos	7.49387429428395e-06	1.74642923655503e-05	1.10161427802266e-05
mprestamos_prendarios	7.3286931488411e-06	0.000366357553043934	3.09829015693872e-05
cforex	7.11107125255408e-06	6.74891298194146e-05	1.37701784752832e-05
cseguro_auto_tend6	6.47658041584596e-06	1.41930351852961e-05	6.88508923764161e-06
ccajas_depositos	6.45773476443402e-06	2.98669894221234e-05	2.68518480268023e-05
tcuentas_delta1	6.32845850140882e-06	0.000181772529415365	3.23599194169156e-05
mcheques_emitidos_rechazados_tend6	6.30035513479233e-06	1.80245555212171e-05	9.63912493269825e-06
cprestamos_prendarios_avg6	6.25955359980786e-06	0.000284133904654137	4.54415889684346e-05
vmr_madelantopesos_delta1	6.2183800668659e-06	1.93740161786811e-05	6.19658031387745e-06
cinversion2_tend6	5.90144423599504e-06	1.88982619906289e-05	7.57359816140577e-06
vm_cadelantosefectivo_avg6	5.8875078760589e-06	5.08761870535368e-05	1.23931606277549e-05
mprestamos_prendarios_avg6	5.8052228373833e-06	0.000293641834216866	3.09829015693872e-05
vm_status03_lag1	5.6137638760546e-06	1.14672856266809e-05	1.10161427802266e-05
vm_cadelantosefectivo_delta1	5.596621536801e-06	1.69107362708053e-05	4.81956246634913e-06
mforex_buy	5.54348244441734e-06	3.41684511599644e-05	7.57359816140577e-06
Visa_madelantodolares_avg6	5.35403184930888e-06	4.9578594333868e-06	1.17046517039907e-05
ctarjeta_visa_delta1	5.0895645205054e-06	6.2545578782661e-06	4.13105354258497e-06
ctarjeta_debito_delta1	4.98847534449376e-06	3.39963032629718e-05	2.06552677129248e-05
Visa_madelantopesos_lag1	4.90777419946706e-06	3.77115678762484e-05	4.13105354258497e-05
Visa_madelantodolares	4.75208009408413e-06	1.26240300669922e-05	4.19990443496138e-05
cforex_sell	4.6774720850384e-06	1.02474948137048e-05	8.26210708516993e-06
cpagodeservicios	4.48262311015396e-06	4.93773825062143e-06	4.13105354258497e-06
vm_cadelantosefectivo_tend6	4.47702651216137e-06	2.3755068372794e-05	6.88508923764161e-06
vm_madelantopesos_delta1	4.22245089249095e-06	1.99950900200388e-05	3.4425446188208e-06
cprestamos_prendarios_lag1	4.11535659651745e-06	5.81368040700714e-05	2.06552677129248e-05
mpagodeservicios	3.92829104449209e-06	3.1639442055055e-06	2.75403569505664e-06
Master_cadelantosefectivo_delta1	3.90723324703144e-06	1.79972801401352e-06	4.13105354258497e-06
ccheques_emitidos_rechazados_tend6	3.82517404075389e-06	2.85233415507916e-05	8.26210708516993e-06
cforex_buy_delta1	3.7745592130428e-06	2.98808506813618e-05	1.03276338564624e-05
Master_madelantodolares_avg6	3.69436505624931e-06	2.73782226827447e-06	5.50807139011329e-06
Master_madelantodolares_lag1	3.55300233279879e-06	1.61935278895686e-05	8.95061600893409e-06
mpagodeservicios_delta1	3.51436259738393e-06	8.42406851776761e-06	2.06552677129248e-06
vm_status06_lag1	3.50389605883529e-06	2.36052773455407e-05	1.85897409416323e-05
cpayroll2_trx_tend6	3.41981250129462e-06	1.412238747692e-05	3.4425446188208e-06
mprestamos_prendarios_lag1	3.40205705558756e-06	0.000222593490734955	3.02943926456231e-05
cprestamos_prendarios	3.31857963080312e-06	0.00011793069932522	2.40978123317456e-05
mprestamos_hipotecarios_lag1	3.30701374877633e-06	2.88036966973224e-05	8.95061600893409e-06
mpayroll2_avg6	3.28444742724751e-06	7.29549373332783e-06	5.50807139011329e-06
Master_delinquency_delta1	3.19077172977794e-06	3.69559056790601e-06	1.44586873990474e-05
mprestamos_hipotecarios_delta1	3.14226214285411e-06	9.99620359783507e-06	6.19658031387745e-06
cpayroll2_trx_avg6	3.02733995606195e-06	3.63746270658384e-06	2.06552677129248e-06
Master_status_lag1	2.9476299892105e-06	3.73060142591775e-05	1.30816695515191e-05
cseguro_accidentes_personales_delta1	2.88267171897433e-06	1.24813932380555e-05	4.81956246634913e-06
ccaja_ahorro_delta1	2.7991341660469e-06	6.30821436564041e-06	4.13105354258497e-06
cprestamos_hipotecarios	2.77694994424716e-06	2.41731418369189e-05	4.81956246634913e-06
ccheques_emitidos_delta1	2.74988172455428e-06	2.49963217807199e-05	7.57359816140577e-06
ccajeros_propios_descuentos_lag1	2.58856695688294e-06	6.92749965741898e-06	6.88508923764161e-06
cprestamos_hipotecarios_tend6	2.49210264906837e-06	3.46084343564338e-06	4.13105354258497e-06
ctarjeta_master_descuentos_lag1	2.48198802400903e-06	2.55404879901744e-06	4.13105354258497e-06
mprestamos_hipotecarios_tend6	2.43041397539668e-06	7.23647159721608e-06	4.81956246634913e-06
Visa_cadelantosefectivo_lag1	2.41416812874452e-06	2.31822853700732e-05	1.92782498653965e-05
cpayroll2_trx_delta1	2.16867165724237e-06	7.62413971849551e-06	5.50807139011329e-06
Visa_madelantodolares_lag1	2.08041485132142e-06	2.23568697392983e-06	1.7212723094104e-05
cpagodeservicios_lag1	2.05602725804858e-06	1.28775569698358e-07	6.88508923764161e-07
mforex_buy_lag1	1.88148350897049e-06	2.93040434420879e-05	4.13105354258497e-06
mcheques_emitidos_rechazados_delta1	1.79140396409585e-06	3.33072645376066e-06	2.75403569505664e-06
Master_cadelantosefectivo_lag1	1.77098898917164e-06	3.15857855676807e-06	5.50807139011329e-06
Master_madelantodolares	1.62976266032782e-06	7.29057522198518e-06	1.30816695515191e-05
vm_madelantopesos_lag1	1.58246149028974e-06	3.68888350698422e-06	6.88508923764161e-07
cpayroll2_trx	1.33794315694526e-06	3.79843216870678e-06	6.88508923764161e-07
mpayroll2	1.26429936891659e-06	1.05122001514181e-06	6.88508923764161e-07
cliente_vip_lag1	1.25825234437297e-06	2.15743792984229e-06	3.4425446188208e-06
mprestamos_hipotecarios_avg6	1.1692097373681e-06	1.47537454783578e-05	2.75403569505664e-06
mcheques_depositados_rechazados_tend6	1.04459058354252e-06	3.43669801632494e-06	2.06552677129248e-06
mpayroll2_delta1	1.01715322159089e-06	1.43826214406854e-05	4.13105354258497e-06
Master_madelantodolares_tend6	9.93617615890609e-07	1.60343469770248e-06	6.88508923764161e-06
mplazo_fijo_pesos_tend6	9.30832658079145e-07	2.24999537056298e-06	1.37701784752832e-06
Visa_madelantodolares_delta1	8.87679161849399e-07	1.06387400341425e-05	1.23931606277549e-05
cinversion1_delta1	8.40332156996922e-07	2.66628028510872e-06	2.06552677129248e-06
mplazo_fijo_pesos_avg6	8.38338789691914e-07	1.66826961994644e-06	2.75403569505664e-06
cprestamos_hipotecarios_avg6	8.17369004192296e-07	3.21147491057125e-05	5.50807139011329e-06
ctarjeta_visa_lag1	7.97039940733717e-07	5.68624624949314e-06	4.13105354258497e-06
ccaja_seguridad_delta1	7.90080346062437e-07	6.44772123281364e-07	6.88508923764161e-07
cpagodeservicios_delta1	7.6417746168625e-07	2.09483869457225e-06	2.06552677129248e-06
cseguro_auto_delta1	7.35846141291073e-07	1.0579270760636e-06	6.88508923764161e-07
vm_madelantopesos	7.03206648467309e-07	2.30231044575294e-06	6.88508923764161e-07
cliente_vip	6.66208529234105e-07	3.06289115428387e-07	6.88508923764161e-07
mcheques_emitidos_rechazados_lag1	6.65610387869057e-07	1.63071007878442e-06	1.37701784752832e-06
mcheques_depositados_rechazados_avg6	6.16109283303791e-07	3.77567287531218e-05	2.06552677129248e-06
ccheques_depositados_rechazados_tend6	4.80074296488373e-07	2.04923068030408e-06	2.06552677129248e-06
ctarjeta_master_delta1	4.69376734452795e-07	9.59780417908077e-06	4.13105354258497e-06
cforex_buy_lag1	4.69334386391633e-07	5.34105618071837e-06	2.06552677129248e-06
mplazo_fijo_pesos_delta1	4.49256079061258e-07	2.73648085609011e-06	1.37701784752832e-06
ccuenta_corriente	3.2787990447646e-07	1.21308375205433e-06	6.88508923764161e-07
cinversion1_lag1	2.4994254578138e-07	1.65387179583433e-05	2.06552677129248e-06
Visa_madelantodolares_tend6	2.33356902514101e-07	9.51508376104537e-07	8.26210708516993e-06
cliente_vip_avg6	2.00754376821549e-07	1.34096504696311e-06	1.37701784752832e-06
ccuenta_corriente_lag1	1.88422363305802e-07	2.71948963508825e-06	2.06552677129248e-06
mprestamos_hipotecarios	1.74036775921084e-07	1.12517654023941e-05	3.4425446188208e-06
cprestamos_prendarios_delta1	1.71344644262396e-07	4.5786869226083e-07	1.37701784752832e-06
Master_Finiciomora_lag1	7.20045565247173e-08	1.29142222362083e-05	1.37701784752832e-06
Master_madelantodolares_delta1	3.09763241377847e-08	1.05256142732617e-06	2.06552677129248e-06
Master_Finiciomora_delta1	2.21581048276442e-08	3.33354341934782e-05	2.06552677129248e-06
cprestamos_hipotecarios_lag1	8.63272416776936e-09	4.50267356549468e-06	1.37701784752832e-06
mplazo_fijo_pesos	1.39973807859856e-10	2.2017045319261e-06	6.88508923764161e-07
ctarjeta_master_lag1	1.02908687909254e-10	1.6186373691252e-07	1.37701784752832e-06
mplazo_fijo_pesos_lag1	7.94540115679336e-11	1.38254882467821e-06	1.37701784752832e-06
mpagodeservicios_lag1	5.42558582603247e-12	1.63652286491664e-07	6.88508923764161e-07
