Feature	Gain	Cover	Frequency
ctrx_quarter_normalizado	0.169823114891427	0.00814865170081488	0.00524281799002307
ctrx_quarter	0.0557272222693999	0.00766716751670303	0.0115700849813672
cpayroll_trx	0.0252709836390217	0.010661394395049	0.000857700573772108
mcaja_ahorro	0.0251583635440321	0.00807279833445861	0.0105595756846817
ctrx_quarter_normalizado_lag1	0.020198118428837	0.00282635124591019	0.00315377486838733
mpasivos_margen	0.0198103437398834	0.0079346446447955	0.0134994183409902
mprestamos_personales	0.0159935820330929	0.022399784266127	0.00366543762446517
mpayroll_sobre_edad	0.0153595294973237	0.00755022104992857	0.00149949721000848
mtarjeta_visa_consumo	0.0130599271605127	0.00655466412274004	0.00394936609026559
mcuentas_saldo	0.0123848946247409	0.0116056214965339	0.00797365774789518
mcomisiones_mantenimiento_tend6	0.0112078047274909	0.0139889537730222	0.00819449099907329
mcomisiones_avg6	0.0107343366712663	0.00400516156360359	0.00813139578445097
ccomisiones_mantenimiento_tend6	0.00769615766134838	0.00632590574479166	0.00359051205710117
mprestamos_personales_lag1	0.00769215799308222	0.00249470373920926	0.00186328055681527
mpayroll	0.00677270766335796	0.0047378688473921	0.00174892048031232
mcomisiones_otras_avg6	0.00653454070225009	0.00406466559442082	0.00350474199972396
numero_de_cliente	0.00633281750874032	0.00458535431741171	0.00991580732298835
mcaja_ahorro_lag1	0.00549234972192205	0.00240344022886819	0.0068004811010115
ctrx_quarter_normalizado_avg6	0.00540368600090933	0.00352991768278426	0.00335883431590985
cliente_edad	0.00487182473332704	0.00366619761589823	0.00874558826429008
mrentabilidad_annual_avg6	0.0046018982560286	0.00491317288356928	0.00694836051028255
mrentabilidad_annual_tend6	0.00458453360141796	0.00341330710422082	0.00709032474318276
mactivos_margen	0.00449207848315622	0.00425783462699012	0.00426188457519175
vm_msaldopesos	0.00412575894536531	0.00113607941525449	0.00209298657254964
ctrx_quarter_tend6	0.00401602272036418	0.00413597475415349	0.00655401541889307
mcomisiones_tend6	0.00380934450731508	0.00331698121260554	0.00642881085237692
mpasivos_margen_lag1	0.003795543963306	0.00221608400550463	0.00817970305814619
mcuenta_corriente_tend6	0.00379500617657462	0.00453730934886828	0.00604629611372913
mrentabilidad_annual	0.00355623477984671	0.0043712167924178	0.00523887453910917
mrentabilidad_annual_delta1	0.00346984276372926	0.00279145773506195	0.00681231145375318
mcuentas_saldo_tend6	0.00340565970324257	0.00270063097192641	0.00532267287102944
chomebanking_transacciones_tend6	0.003356690669046	0.00253835625227678	0.00508606581619575
mpasivos_margen_avg6	0.00331926860793025	0.00366457554417941	0.00939231421416882
ccomisiones_otras_tend6	0.00327537370422495	0.00332416255807606	0.00532267287102944
Master_Fvencimiento	0.00326067038005747	0.00205074095167381	0.00513437308989096
mrentabilidad_tend6	0.0032408990474909	0.00380747423314323	0.00552083127945265
mcaja_ahorro_avg6	0.00319898127635501	0.00432247598934353	0.00838279078021176
cliente_antiguedad	0.00314004643911861	0.00227951598523596	0.00531577183193012
mcuenta_corriente_avg6	0.00303633505135836	0.00516053743272255	0.00574659384427312
ccomisiones_otras_avg6	0.00299050906410978	0.00473460527240505	0.00704596092040144
mcuenta_corriente_lag1	0.00297293370514597	0.0029964244940517	0.00427470079066191
cliente_edad_lag1	0.00295962206284905	0.00630671570179294	0.00544689157481712
cliente_antiguedad_lag1	0.00295626098281302	0.00220630901084537	0.00432892324072796
Master_fechaalta	0.00294955110744769	0.00178946896502256	0.00447877437545596
mactivos_margen_tend6	0.00294248755343992	0.00235531845943904	0.00517479346175839
mcuenta_corriente	0.00291620232051811	0.00225693745014691	0.00445708539542954
mrentabilidad_annual_lag1	0.00291097792316356	0.00217803147991135	0.00518662381450007
mactivos_margen_avg6	0.00290692802080059	0.00462663340551701	0.00524577557820849
ctrx_quarter_delta1	0.00289248965239054	0.00295187350315247	0.00439694776899265
chomebanking_transacciones_avg6	0.00281959498432326	0.00266577447355322	0.00483368495770649
ctarjeta_visa_transacciones	0.00278635702281498	0.00356413941721043	0.00271506595421653
mrentabilidad	0.00278078156947037	0.00227596463825543	0.00429343218250291
mactivos_margen_delta1	0.00277230050584696	0.00506089337271953	0.00485537393773291
mcuentas_saldo_delta1	0.00275802440264834	0.00605382796605116	0.00460693653015754
mcuenta_corriente_delta1	0.00271541709126813	0.0033082823556582	0.00467693278387917
Master_Fvencimiento_avg6	0.0026408593488266	0.00209796054202375	0.0041140051659207
mcuentas_saldo_lag1	0.00263587948965645	0.00303976980357636	0.00556420923950549
ctransferencias_recibidas_avg6	0.0025938031486351	0.0032102760976759	0.00459510617741586
mpasivos_margen_tend6	0.00256815407440686	0.00332528126013428	0.00492635605418302
mrentabilidad_delta1	0.00255341269485935	0.00266642774373776	0.00490959638779896
vm_Fvencimiento	0.00253235628905959	0.00241229731414635	0.00384880809196128
mcuentas_saldo_avg6	0.00252671295733728	0.003055987744829	0.0058037738825246
vm_status01_avg6	0.00250977288390344	0.00391583565633111	0.000459412031468738
Master_mfinanciacion_limite_tend6	0.00249133118498196	0.00212602617653815	0.00385275154287517
cpayroll_trx_avg6	0.00247729581867325	0.00329454425023354	0.00151527101366406
mcomisiones_mantenimiento_delta1	0.00246599805043322	0.00454486914689612	0.00417118520417217
mactivos_margen_lag1	0.00246273745488066	0.00229599023787828	0.00434469704438354
mtransferencias_recibidas_avg6	0.00244951188404743	0.00206327245041201	0.00468777727389238
vm_Fvencimiento_avg6	0.00238836589584776	0.00248354262735958	0.00363586174261096
Visa_fechaalta	0.00238494644076863	0.00196196653027949	0.00382120393556401
mcomisiones_delta1	0.00236473257841715	0.00212625842981905	0.00400358854033165
cproductos_tend6	0.00232003273374547	0.0065100206006532	0.00190863024232506
mcomisiones_mantenimiento	0.00231008313134806	0.00526435742522247	0.00283041189344796
ctransferencias_recibidas_tend6	0.00230219557335951	0.00214683736594381	0.00372754697635901
cliente_edad_avg6	0.00227949842583167	0.00328912099732764	0.00406274030404007
mttarjeta_visa_debitos_automaticos_tend6	0.00224950989482628	0.0036829337318015	0.0023266360391979
mrentabilidad_avg6	0.00224437985735539	0.00236784255568224	0.00454581304099217
ccallcenter_transacciones_avg6	0.00223731230636834	0.00320696995834254	0.00193524853599385
mcomisiones_mantenimiento_avg6	0.00222501780313164	0.00381255327003121	0.00377782597551117
mpasivos_margen_delta1	0.00222404988242042	0.00209170913498873	0.00379852909280912
mcaja_ahorro_tend6	0.00221516736381073	0.00188393220383122	0.0040164047558018
mtransferencias_recibidas_tend6	0.00220337169022415	0.00203201448992503	0.00376895321095491
Master_mfinanciacion_limite_delta1	0.00210880841968276	0.00125305641732087	0.00360529999802827
chomebanking_transacciones	0.00210012700483742	0.00286380694534338	0.00364276278171027
thomebanking_tend6	0.00209067366511545	0.00396622721579237	0.00335982017863833
Visa_Fvencimiento_lag1	0.00208716881826224	0.0012093474602289	0.00346234990239959
mcomisiones	0.00207442291039111	0.00146916393129902	0.00445708539542954
Master_mfinanciacion_limite	0.00204555571070471	0.00109744394317925	0.00384486464104738
Visa_Fvencimiento_avg6	0.00204430369300904	0.00190150757760612	0.0036457203698957
ccallcenter_transacciones_tend6	0.00202989465873645	0.00479641518041755	0.00222804976635053
mcaja_ahorro_delta1	0.00199741896516121	0.00219193706678558	0.00325433286669164
Visa_Fvencimiento	0.00198782027041654	0.00146681271382182	0.00432596565254254
thomebanking_avg6	0.00198589256940339	0.00177494526981508	0.00312715657471854
Visa_mfinanciacion_limite_tend6	0.00198049439042151	0.00220004464944408	0.00331052704221464
mrentabilidad_lag1	0.00196631006750909	0.00184128180352553	0.00386063844470296
ccomisiones_mantenimiento_avg6	0.00194911386249452	0.00441192681371928	0.00275548632608396
Visa_mfinanciacion_limite	0.00193134267977802	0.00131981766918245	0.0038290908373918
Visa_mfinanciacion_limite_delta1	0.00190337675716191	0.000962506637597513	0.00301772581185796
ctrx_quarter_normalizado_tend6	0.00189456360470188	0.00206408950079862	0.00331348463040006
mprestamos_personales_tend6	0.00187591441039236	0.00850815109498682	0.00195397992783485
Master_Fvencimiento_lag1	0.00187168885792994	0.00208284834846307	0.00353136029339275
mcomisiones_lag1	0.00184462526123758	0.00139064104018017	0.00515803379537433
cmobile_app_trx_avg6	0.0017966456571181	0.002557131755555	0.00322377112210896
vm_fechaalta	0.00176840097761658	0.00146107485487804	0.0028885777944279
Visa_cconsumos_avg6	0.001759025155252	0.00142147983438727	0.00232762190192638
cproductos	0.00175303797382796	0.0021736094144554	0.00235621192105211
ctrx_quarter_avg6	0.00174273616291876	0.00380725956078797	0.00638937634323797
cdescubierto_preacordado	0.00174200274743152	0.00278483620327648	0.000808407437348424
chomebanking_transacciones_delta1	0.00172968874893222	0.00124157144631455	0.00310941104560601
cproductos_avg6	0.00172853330733014	0.00355807954973377	0.00316363349567206
Visa_mpagospesos_tend6	0.00172807551140017	0.0031212527673869	0.00295167300905022
vm_msaldototal	0.00172154029990814	0.00101204320888524	0.0027239387187728
vmr_msaldopesos2_tend6	0.00171798568255395	0.00208844370937792	0.00246465682118422
Master_fechaalta_lag1	0.00170396940671096	0.0015399308582723	0.00287576157895775
vm_Fvencimiento_lag1	0.00169547481056188	0.00329180070052087	0.00322672871029438
mcaja_ahorro_dolares_avg6	0.0016771250194837	0.00294701191455537	0.00249028925212453
cmobile_app_trx_tend6	0.00166051018795728	0.00225617961972038	0.00262239485774001
vmr_msaldopesos2	0.00165765868439593	0.00119378556509642	0.00245184060571406
mautoservicio_tend6	0.00165007946254192	0.00118640805350817	0.00202397618155648
cprestamos_personales	0.00164305290843808	0.00315263934622467	0.000861644024686003
ctarjeta_debito_avg6	0.00164181623573613	0.0013313479804707	0.0023079046473569
vm_status01	0.00162929587454543	0.00617071521286555	0.000521521383362581
mcuenta_debitos_automaticos	0.00162351665639697	0.00277392955219274	0.00122641323422127
vm_mpagospesos_tend6	0.00160459859112601	0.00261138926803466	0.00201510341700022
chomebanking_transacciones_lag1	0.00160327807602759	0.0012267757094155	0.00305124514462606
Visa_fechaalta_lag1	0.00159832984040804	0.00104405344792751	0.0019746830451328
mcaja_ahorro_dolares_lag1	0.00156645228161876	0.0016236854627387	0.00183173294950411
tcallcenter_tend6	0.00156346314332358	0.00472125487265648	0.00142555750537295
mttarjeta_visa_debitos_automaticos_delta1	0.00155742733668272	0.00139793342307582	0.00180117120492143
Visa_mconsumospesos_tend6	0.00154835031741405	0.0017176749418668	0.00252578031034959
vmr_mpagospesos_tend6	0.00154072161232499	0.0011399722023173	0.00216594041445669
Visa_mconsumospesos_avg6	0.001532931165258	0.00105667562722957	0.00229410256915827
vm_mfinanciacion_limite_tend6	0.00151956966038696	0.00107647822669027	0.00268351834690538
ctrx_quarter_lag1	0.00151698107335418	0.00268280483863309	0.00654514265433681
vmr_mpagominimo_avg6	0.0014780990372404	0.00149929856316841	0.00187905436047085
Visa_fechaalta_avg6	0.00145620909986151	0.00124497104214739	0.00152217205276337
mtransferencias_recibidas_delta1	0.00145240599050609	0.00132681672821337	0.00240944850838969
ctarjeta_debito_transacciones_tend6	0.00145085282453782	0.00128536183085161	0.00207622690616559
mcaja_ahorro_dolares_delta1	0.0014475989500471	0.00281829548071674	0.00187806849774237
Visa_cconsumos_tend6	0.0014404196650788	0.00261778224778673	0.00258591793678648
vmr_mpagominimo	0.00143127137965027	0.00105996881219666	0.0022704418636749
cliente_edad_tend6	0.00141814212971068	0.000858245271332685	0.00267563144507759
mttarjeta_visa_debitos_automaticos_avg6	0.00141737935768546	0.0013708911834964	0.00125598911607548
ccomisiones_otras	0.00141136479793314	0.00243229978097229	0.00344164678510164
vmr_msaldopesos2_avg6	0.00140854279246851	0.00141824586938026	0.0025701441331309
mtransferencias_recibidas_lag1	0.00140374454359608	0.00102330425441754	0.00214622315988722
ctransferencias_emitidas_tend6	0.00139448921754423	0.00179541872038597	0.00208214208253643
cdescubierto_preacordado_avg6	0.00139044713256823	0.00576708121813863	0.000704891850858687
ccajas_consultas_tend6	0.0013870424998296	0.00737145172077534	0.00169272630478932
mtransferencias_recibidas	0.00136863307118291	0.00183705590418732	0.00258000276041564
mautoservicio_avg6	0.00136172846879505	0.00361349277674669	0.00235226847013822
Visa_mpagominimo_tend6	0.00136126472256245	0.00103363906276185	0.00212847763077469
mcaja_ahorro_dolares_tend6	0.00134973962084507	0.00240813433601572	0.00226255496184711
ccomisiones_otras_lag1	0.00133326624445469	0.00159901479749777	0.00283336948163338
mautoservicio	0.00131124154367346	0.00194829597262179	0.00158428140465722
Visa_mpagominimo_avg6	0.00130424458463107	0.00125876466628461	0.00209495829800659
vmr_Master_mlimitecompra	0.00129099805029927	0.00115381764391958	0.00216988386537059
cproductos_delta1	0.00128915651861785	0.00400825395589356	0.00047321410966737
ctarjeta_visa_debitos_automaticos_tend6	0.00128261820172089	0.00139209840638505	0.00156456415008774
ctarjeta_debito_transacciones_avg6	0.00127825503114256	0.00153155771110535	0.00230889051008538
ctarjeta_visa_transacciones_tend6	0.00127776380464955	0.00158274781471569	0.00214819488534416
cpayroll_trx_lag1	0.00127540172437363	0.0010055058804805	0.00055602657885916
vmr_Visa_mlimitecompra	0.00125557332632598	0.000808252521290032	0.00182187432221937
Master_fultimo_cierre_avg6	0.00122632195125011	0.00108336717360794	0.00166413628566358
mcuenta_debitos_automaticos_tend6	0.00122554226757991	0.00217688131724934	0.00151329928820711
mtransferencias_emitidas_tend6	0.00122538165668374	0.00223478825976839	0.00213537866987401
ctarjeta_visa_debitos_automaticos_avg6	0.00121350150624431	0.00135221653921268	0.001367391604393
vmr_msaldopesos2_lag1	0.00119943483612977	0.000946476534655725	0.00211171796439064
Visa_mpagospesos_delta1	0.00119111868107261	0.00107955026211897	0.00219354457085395
mtransferencias_emitidas_avg6	0.00119075992402127	0.00115695167524398	0.00189088471321253
Visa_cconsumos_lag1	0.00117572098316355	0.00104179291101416	0.00146794960269732
cliente_antiguedad_avg6	0.00117041898120056	0.0015334037082982	0.00213735039533095
Visa_mconsumospesos_delta1	0.00115728288645827	0.000813276964777327	0.00167596663840527
vmr_msaldopesos2_delta1	0.00115617772286257	0.00110915931684272	0.00191257369323895
Visa_msaldototal	0.00114879475096088	0.000962381720494238	0.00266873040597827
active_quarter_avg6	0.00113277785633071	0.00115669999041368	0.00244395370388627
mtarjeta_visa_consumo_tend6	0.00113231226188495	0.00134751410425827	0.00177455291125264
Visa_mpagado_tend6	0.00113130143159855	0.00124182035520922	0.00187511090955695
matm_tend6	0.00113067220487369	0.00143624226005879	0.00131809846796932
Visa_mconsumospesos	0.00112498546215696	0.000980873153026488	0.00236114123469448
mv_status07_avg6	0.00112403749938949	0.000475341963878206	0.000555040716130686
cprestamos_personales_tend6	0.00111205975512793	0.00184002245406214	0.000956286846619477
ctarjeta_visa_transacciones_delta1	0.00110764365680671	0.00339562346895642	0.00133682985981032
vm_mpagominimo_avg6	0.00110716928518792	0.00123691157570644	0.00206143896523848
ccaja_ahorro	0.0011069047958967	0.00273396440695152	0.00075122739909695
vm_status01_tend6	0.00109290940843436	0.00187881800509194	0.000422935110515212
Master_fechaalta_avg6	0.00107072203840694	0.0015732568908024	0.00191355955596743
mcaja_ahorro_dolares	0.00106136117616441	0.00187982937097253	0.00185145020407359
vm_cconsumos_tend6	0.00104520724321421	0.000864881608108171	0.00157540864010095
mcomisiones_otras_lag1	0.00104489989441324	0.00127564883208805	0.00247057199755506
vm_mpagominimo	0.00104439541462631	0.00177008090528235	0.00232860776465485
Visa_mpagominimo	0.00104237195168141	0.000784280466515562	0.00238874539109174
vmr_msaldototal	0.00103958405503951	0.000713515390166039	0.00174694875485537
Visa_mpagospesos_lag1	0.00103400587915191	0.00118541241792947	0.00222706390362206
vm_mconsumospesos_avg6	0.00103232884539841	0.00123360821230872	0.00171441528481574
Visa_mpagominimo_delta1	0.00103161842650341	0.00136328882112226	0.0017459628921269
mcuenta_debitos_automaticos_lag1	0.0010279881418519	0.00122713658104718	0.000813336750990792
mpagomiscuentas_avg6	0.00102755433692252	0.00148005577739276	0.00108444900132106
cpagomiscuentas_tend6	0.00102559559804681	0.00173160828809731	0.00141372715263127
Visa_fultimo_cierre_avg6	0.00102542342583721	0.000808715177228088	0.00148273754362443
Visa_mpagado_avg6	0.00101495431992118	0.00106177964753821	0.00200918824062937
ctarjeta_visa_transacciones_avg6	0.00101483809727439	0.000683185517490794	0.00167695250113374
ctrx_quarter_normalizado_delta1	0.00100467036252595	0.00106778769754982	0.00172427391210048
Master_mfinanciacion_limite_avg6	0.000997892068225202	0.000780528326857922	0.00143245854447227
vm_mpagospesos_delta1	0.000993633052938053	0.000792650837746884	0.00136049056529369
mtransferencias_emitidas_delta1	0.000993439738543295	0.0016096780915581	0.00119979494055248
mcuenta_debitos_automaticos_avg6	0.000988487821449936	0.00154683368486811	0.00114064317684406
Master_fultimo_cierre	0.000985209101388745	0.00110358616341289	0.00172427391210048
Master_mlimitecompra	0.000983396991531315	0.000473719892159379	0.00143640199538616
Visa_cconsumos	0.000978397185986761	0.000655640833562651	0.00140682611353195
mttarjeta_visa_debitos_automaticos_lag1	0.000973616700515582	0.000415890675837921	0.000987834453930635
Visa_cconsumos_delta1	0.000971880998726307	0.00129905459599434	0.00136640574166453
cproductos_lag1	0.00097182160140262	0.00371195243754829	0.00134077331072421
ccuenta_debitos_automaticos_avg6	0.000969290711681109	0.000956789135515008	0.00111205315771832
vm_mfinanciacion_limite_delta1	0.000964489764438462	0.000728255608352525	0.00204763688703985
mextraccion_autoservicio_tend6	0.000959736356469676	0.0012209416180366	0.00142161405445906
vmr_mpagado_tend6	0.000951563696888842	0.000640033598148247	0.00149555375909458
ctarjeta_debito_transacciones	0.000950768924331667	0.00119746738105148	0.00126781946881716
vmr_Master_mlimitecompra_tend6	0.00095027315146347	0.00147673205713376	0.00156357828735927
vm_fechaalta_lag1	0.000940737191727253	0.000941517788311633	0.00170554252025948
vmr_mpagominimo_tend6	0.000939220250731811	0.00139790381309578	0.00191355955596743
ctransferencias_emitidas_avg6	0.000935834015711781	0.00110067235631501	0.00159808348285585
matm_avg6	0.000934936030765656	0.000699842981884587	0.0011090955695329
mcomisiones_otras	0.000929455810255125	0.0014253642936432	0.00185243606680206
vmr_mpagominimo_delta1	0.000929026742042958	0.000832274542905811	0.00144921821085632
vmr_mpagado_avg6	0.000928408828251054	0.000891578706357794	0.00175187806849774
ctarjeta_debito_transacciones_delta1	0.000926652634553002	0.00140991251062398	0.00111303902044679
ctarjeta_visa_transacciones_lag1	0.000919204576942954	0.00074625292434293	0.00154583275824674
vm_mpagado_avg6	0.000909813096197146	0.000776307979390969	0.00157836622828637
mv_status07	0.000909775389359258	0.000462192356806759	0.000541238637932054
tcallcenter_avg6	0.000906602250926441	0.000548379606195464	0.000918824062937477
mextraccion_autoservicio_avg6	0.000903906337653079	0.0008570941833588	0.00133288640889643
Master_mlimitecompra_tend6	0.00090275301263933	0.000782906378379534	0.00126979119427411
ccuenta_debitos_automaticos_tend6	0.000902096554641589	0.00263202279756011	0.00102431137488416
mprestamos_personales_avg6	0.000896621481713038	0.00133641036174491	0.0012776780961019
ccaja_seguridad	0.000886958338975785	0.0104890430290685	0.000344066092237317
Visa_mpagospesos_avg6	0.000883244850357291	0.00121854691090122	0.00215509592444348
Visa_msaldototal_tend6	0.000881562416996651	0.000822025788565979	0.00178638326399432
Visa_mfinanciacion_limite_avg6	0.000881264257397936	0.000892956495741327	0.00161878660015379
vmr_mconsumospesos_avg6	0.000861178668478941	0.000680336482224241	0.00157442277737248
vm_fultimo_cierre_lag1	0.000861177682603675	0.000527534180250382	0.00142062819173058
vmr_mpagospesos_lag1	0.000858914453490024	0.000675048324852253	0.00175384979395469
vm_mpagominimo_lag1	0.000857924545277641	0.000778817425198989	0.0014275292308299
Master_mlimitecompra_delta1	0.000852188783701694	0.000802097346690125	0.00129936707612832
vm_cconsumos_avg6	0.000851775531964355	0.00140437174310981	0.00143541613265769
mcomisiones_otras_tend6	0.000846285969805869	0.0028279196495402	0.00200721651517243
vm_mpagominimo_tend6	0.000845376863913879	0.00136262722313083	0.00157442277737248
cpagomiscuentas_avg6	0.000841713496474165	0.00130544479981078	0.00106867519766548
Visa_mlimitecompra_tend6	0.000837513890336566	0.000975137144706461	0.00163554626653785
vmr_msaldototal_tend6	0.000829332800061717	0.000947601713897079	0.001517242739121
Visa_mconsumospesos_lag1	0.000824564236245196	0.000686723910105052	0.00163850385472327
vmr_mpagominimo_lag1	0.000823062049944392	0.000504708586890417	0.00132302778161169
ctarjeta_debito	0.000820050453913301	0.000523372127431624	0.00124613048879074
vmr_mpagospesos_avg6	0.000818512370563959	0.00065380316417669	0.00162273005106769
mtarjeta_visa_consumo_avg6	0.000818109669355839	0.00119144267542611	0.00163160281562395
mcomisiones_mantenimiento_lag1	0.000817036709053036	0.00176416631177024	0.00167596663840527
Master_fultimo_cierre_lag1	0.000816341855909364	0.000942105361352965	0.0016523059329219
cextraccion_autoservicio_avg6	0.000814189417985701	0.00090243353997648	0.00134077331072421
vm_mfinanciacion_limite	0.000810637034588348	0.000559140058002786	0.00170751424571643
vm_fechaalta_avg6	0.000800775597935757	0.000798065762845899	0.00124810221424769
vm_msaldototal_tend6	0.000797223369548457	0.000735322215150403	0.0013151408797839
ccajas_transacciones_tend6	0.000794271978903191	0.00131765706595172	0.00111205315771832
vmr_mpagospesos_delta1	0.000783678996829166	0.000598837788111803	0.00147583650452511
Visa_msaldototal_avg6	0.000782766913174767	0.000652814931093001	0.00162963109016701
vm_fultimo_cierre	0.000776966933468305	0.000468459494143675	0.0012964094879429
ccallcenter_transacciones_delta1	0.000771776565440605	0.00493757798430178	0.000990792042116056
vm_status04	0.000764643177707296	0.0017047131731062	0.000205059447522527
mttarjeta_visa_debitos_automaticos	0.000764070641265697	0.000877005969620884	0.00112979868683085
mpagomiscuentas_tend6	0.000763378956979643	0.00117208144973031	0.00119979494055248
Master_msaldototal_tend6	0.000755572675698937	0.00241628818426803	0.000845870221030424
mautoservicio_delta1	0.000754651158992624	0.00115288215361283	0.00126387601790327
Visa_msaldototal_delta1	0.000751172924099418	0.000729781447636236	0.00130331052704221
Visa_mlimitecompra	0.000749115852468121	0.000310736383612644	0.000953329258434056
Visa_mlimitecompra_delta1	0.00074562300416395	0.00104953962204099	0.00157442277737248
Visa_msaldopesos_tend6	0.000738424625025887	0.000871543853616187	0.00127077705700258
cextraccion_autoservicio_tend6	0.000735525523462442	0.00185652909262012	0.00144428889721395
vmr_msaldototal_avg6	0.000731233609604451	0.000962359513009211	0.00135950470256521
mautoservicio_lag1	0.000727020425302968	0.0011793451479578	0.00127866395883037
ccallcenter_transacciones	0.00072615939266479	0.00272690705327241	0.000775873967308792
vmr_mconsumospesos_tend6	0.000725279398265885	0.000669927648929842	0.00152315791549185
ccomisiones_mantenimiento_delta1	0.000725217286545836	0.00345578724714131	0.000857700573772108
vmr_msaldopesos_tend6	0.000723858302104243	0.000770759809381793	0.00136344815347911
vm_fultimo_cierre_avg6	0.000717239736809402	0.000741921539450843	0.00129542362521443
vmr_mconsumospesos	0.000713928506594035	0.00102637814046999	0.0012776780961019
vm_mpagospesos_avg6	0.000709746277705072	0.00102038211951278	0.00168878285387543
vmr_mpagospesos	0.000709140561369368	0.000410223140596727	0.00141767060354516
vmr_msaldopesos_delta1	0.000702748027129934	0.00233546959438453	0.00102233964942721
vm_mpagospesos_lag1	0.000702037420318069	0.000702746610551831	0.00178441153853737
Visa_fultimo_cierre	0.000700450281749813	0.000678246202696101	0.0012964094879429
mcomisiones_otras_delta1	0.00069759445168907	0.0015500917079839	0.00151034170002169
mtarjeta_visa_consumo_delta1	0.000695076300544339	0.00078242151495645	0.00108937831496342
mtransferencias_emitidas_lag1	0.000692932182087165	0.000962644509067054	0.000876431965613108
ccajas_consultas	0.000688040686826164	0.0022458707201086	0.000586588323441844
ccajas_consultas_avg6	0.000685367436592094	0.00260685061328232	0.001198809077824
vmr_mconsumospesos_delta1	0.000685110583805815	0.00079152565850553	0.00110120866770511
Visa_mconsumosdolares_tend6	0.000675306370860105	0.00100097462822317	0.00106078829583769
ccaja_seguridad_avg6	0.000673987984807273	0.00123866966827106	0.000156752173827316
mtransferencias_emitidas	0.000672594094766215	0.00146917966160092	0.00114458662775795
mpayroll_avg6	0.000669280480109146	0.00148144374520693	0.00118796458781079
vm_mpagospesos	0.00066898687671303	0.000530112099137233	0.00175483565668316
Visa_mconsumosdolares_avg6	0.000668198161343666	0.000559030871201405	0.000907979572924266
catm_trx_other_tend6	0.000660863321045582	0.00193164406009925	0.000951357532977108
mpagomiscuentas_lag1	0.000654679404637191	0.00081542368832991	0.000735453595441371
Visa_mpagominimo_lag1	0.000654288616471034	0.00102591178328443	0.00166512214839206
Master_mconsumospesos_avg6	0.000648110799226966	0.00113491999947372	0.000688132184474634
vm_cconsumos	0.000643993704697717	0.000410295314923064	0.000936569592050003
vm_msaldopesos_lag1	0.000639424854684602	0.000577303004819016	0.00114064317684406
Visa_fultimo_cierre_lag1	0.000634540277393113	0.000555536893557201	0.00130823984068458
ccajas_transacciones_avg6	0.00063037341649356	0.000776436597741749	0.000921781651122898
vmr_msaldototal_delta1	0.000629481728995741	0.00124540131216978	0.0011652897450559
vm_mpagado_tend6	0.000625193853104329	0.0016713834393286	0.00133880158526727
vm_msaldototal_delta1	0.000625090936903247	0.000849560294063485	0.000899106808368003
vmr_Visa_mlimitecompra_tend6	0.000614400617986739	0.00130303343706163	0.000929668552950687
Visa_fultimo_cierre_tend6	0.000614004289612439	0.00449468948385449	0.00112486937318848
vm_mlimitecompra_tend6	0.000613642152266176	0.000623972959914547	0.00126387601790327
vm_mconsumospesos_tend6	0.000613111656311417	0.00063952097536888	0.00123824358696295
Master_cconsumos_avg6	0.000612272553735874	0.000975464705110605	0.000634895597137055
vm_mpagominimo_delta1	0.000609444329287904	0.000870039296505627	0.00110318039316206
ctransferencias_recibidas_delta1	0.000607500963003882	0.00133729495989848	0.00101346688487095
mpagomiscuentas_delta1	0.000606205671910107	0.00182991897368685	0.000858686436500582
ccaja_ahorro_avg6	0.000605738125532496	0.0021791955222515	0.000736439458169844
vmr_Master_mlimitecompra_avg6	0.000604205749910697	0.00125383830585618	0.00118895045053927
Visa_msaldopesos_avg6	0.000600615779443074	0.000733619641298354	0.000992763767573003
catm_trx_avg6	0.000599054686330639	0.000532849171666777	0.000943470631149319
vm_cconsumos_delta1	0.000594993394891042	0.00116288199905799	0.000786718457322003
Visa_msaldopesos_delta1	0.000590559363457941	0.000963523555349362	0.000937555454778477
vm_mfinanciacion_limite_avg6	0.000590531782795285	0.000528469670557132	0.000873474377427687
Master_mfinanciacion_limite_lag1	0.000588740090012971	0.00047731935535746	0.00118204941143995
ccajas_otras_tend6	0.00058719250336276	0.00145573302941724	0.000545182088845949
vmr_msaldopesos_avg6	0.000586835972522903	0.000609576032434099	0.00108149141313564
Master_Fvencimiento_tend6	0.000585051641513213	0.000799382481645608	0.000971074787546582
Master_mpagospesos_tend6	0.000582001448305253	0.00152364074269332	0.000823195378275529
Visa_msaldopesos	0.000580462280047114	0.00097608003750822	0.00173413253938522
cprestamos_personales_avg6	0.00057559402953564	0.00196277062629983	0.00110416625589053
catm_trx_tend6	0.000572202654820585	0.000759460826062573	0.00114754421594337
Master_mconsumospesos_tend6	0.000565960684380224	0.00114083459298584	0.000715736340871897
Master_mpagominimo_delta1	0.000565937690427522	0.000273245522328158	0.000460397894197212
Visa_Fvencimiento_tend6	0.000565192433353574	0.00180990447780652	0.000984876865745214
Master_fultimo_cierre_tend6	0.000565159151870283	0.00350498700490613	0.00121458288147958
ctransferencias_recibidas	0.000564367173861953	0.0017572995723376	0.00119683735236706
mprestamos_personales_delta1	0.000562957781527216	0.00285145310648539	0.00107064692312242
vm_mconsumospesos	0.000562363529817196	0.000523185214432649	0.00131415501705543
vm_msaldototal_avg6	0.000561666016807817	0.000544418346053822	0.00156752173827316
vmr_msaldopesos_lag1	0.000560946516019855	0.000520018797192589	0.000930654415679161
Visa_mfinanciacion_limite_lag1	0.000558201573226799	0.000654876525952982	0.00110219453043358
ccomisiones_otras_delta1	0.000555838039407152	0.000644522286059273	0.000930654415679161
matm_other_avg6	0.000553305188460988	0.00187627709868013	0.000825167103732476
ctarjeta_debito_lag1	0.000553032042409712	0.000363394031858505	0.000760100163653213
vmr_msaldototal_lag1	0.000550707644879133	0.000354870984167624	0.00113177041228779
Master_mpagospesos	0.00055024060573526	0.000661822842206965	0.000628980420766213
vm_msaldopesos_tend6	0.000546347530561566	0.000692671814844709	0.00108839245223495
Visa_mpagospesos	0.000545388662108988	0.00108971943963746	0.00220537492359564
cprestamos_personales_lag1	0.000544006479180406	0.00174521129798805	0.000517577932448686
Visa_msaldototal_lag1	0.000541311762422134	0.000864991720221428	0.001461048563598
ctarjeta_visa_debitos_automaticos	0.000538961313644701	0.000482212404558348	0.000694047360845476
vmr_Master_mlimitecompra_lag1	0.000538954992284097	0.000604160182023207	0.000907979572924266
matm_other_tend6	0.000535116440101534	0.00071367454380873	0.00078080328095116
vmr_mconsumosdolares_tend6	0.000534129617602718	0.000791751434603301	0.000629966283494686
vmr_mconsumospesos_lag1	0.000526359709573165	0.000552621235835568	0.00113768558865864
ctransferencias_recibidas_lag1	0.000526316518009741	0.00183847163135777	0.001105152118619
vmr_msaldopesos	0.000525590353719453	0.00091480403444824	0.00144034544630006
ctarjeta_visa_debitos_automaticos_lag1	0.0005194139919733	0.000390057818880588	0.000622079381666897
Visa_mconsumototal_tend6	0.000518769065505856	0.000438369277244344	0.00072460910542816
cpayroll_trx_tend6	0.000517892299530551	0.00215982226750131	0.00111402488317527
vmr_mconsumosdolares_avg6	0.000514745029961846	0.00049252778135326	0.000611234891653686
vm_fultimo_cierre_tend6	0.000512342048397111	0.00095918384265039	0.000804463986434529
mpayroll_delta1	0.000512143297266264	0.00140072879025355	0.000654612851706528
mpagomiscuentas	0.000506385453336228	0.000921168329532147	0.000693061498117002
ctarjeta_debito_transacciones_lag1	0.000505554595702493	0.000473580170066086	0.000951357532977108
Master_mpagospesos_lag1	0.000504258833741906	0.000628360788831076	0.000621093518938423
vm_msaldototal_lag1	0.000498031478986602	0.000754819461691988	0.00138316540804858
vmr_Visa_mlimitecompra_lag1	0.000492986525811039	0.000608566517177259	0.000866573338328371
Master_mpagominimo_tend6	0.000492918826071068	0.00161765057868269	0.000650669400792634
Master_mconsumospesos	0.000492333218761055	0.00074363891829291	0.000520535520634107
vm_status04_tend6	0.000492180196061612	0.000630706454437024	0.000242522231204527
thomebanking	0.000488517075816701	0.000457051324023073	0.000559970029773054
Master_msaldototal	0.000487867968463539	0.000562543355083131	0.000626022832580792
vm_cconsumos_lag1	0.000486705640012945	0.000639420116374383	0.000822209515547055
cplazo_fijo_tend6	0.000485662020615226	0.00149483578398991	0.000426878561429107
cpagomiscuentas_delta1	0.000483789136421476	0.000818967632815424	0.000528422422461896
mplazo_fijo_dolares_delta1	0.00048069592016002	0.00231724187573698	0.000462369619654159
vm_mconsumospesos_delta1	0.000478567384380147	0.000260825061015088	0.000806435711891476
vm_status06_tend6	0.000477713183383563	0.000640362083864267	0.00015773803655579
mpayroll_tend6	0.000475006953649777	0.00158159672674181	0.000936569592050003
Master_mpagado_tend6	0.000473281190103518	0.000339741209681294	0.000555040716130686
Master_mpagospesos_avg6	0.0004700241709696	0.000754205054606249	0.000680245282646844
Visa_status	0.00046989612953295	0.00133357983271588	0.000177455291125264
vm_status06_avg6	0.000469840005283491	4.37496708145169e-05	9.85862728473687e-05
Master_mconsumospesos_lag1	0.000469449464825942	0.000702186796866783	0.000459412031468738
vm_mconsumospesos_lag1	0.00046021420769221	0.000258054677258005	0.000977975826645898
mcaja_ahorro_adicional_tend6	0.000457580771738806	0.000764936821745412	0.000272098113058738
mtarjeta_visa_consumo_lag1	0.000457021981702335	0.000606180137848762	0.00139105230987637
ctarjeta_visa_debitos_automaticos_delta1	0.000456845686097852	0.000417940241643512	0.000516592069720212
mextraccion_autoservicio_delta1	0.000450840384257369	0.000778014254490522	0.000761086026381687
ccaja_ahorro_lag1	0.000447727778706368	0.000450209568011091	0.000376599562276949
vm_msaldopesos_delta1	0.000443575268147842	0.00171062591599456	0.000678273557189897
mpayroll_sobre_edad_avg6	0.000442328274649995	0.00141811910165323	0.00106473174675158
mv_status07_delta1	0.000440616795286071	0.00291907489839176	0.000765029477295581
vmr_Visa_mlimitecompra_avg6	0.000435760446598429	0.000705166301107868	0.00102036792397027
vm_status03_delta1	0.000431309553820283	7.22141147475168e-05	3.45051954965791e-05
Master_cconsumos_lag1	0.000429363916618825	0.000949104420383887	0.000268154662144843
cmobile_app_trx_lag1	0.000427946219024576	0.000635525478687822	0.000655598714435002
mforex_sell_tend6	0.000427465365630601	0.000924229261218331	0.000521521383362581
vm_Fvencimiento_tend6	0.000426442250126477	0.000588414149827385	0.000795591221878266
mcuenta_debitos_automaticos_delta1	0.000424131085085903	0.000965336241314668	0.000873474377427687
vm_mfinanciacion_limite_lag1	0.000422845321247449	0.00031610596842973	0.00093854131750695
mextraccion_autoservicio_lag1	0.000422296707087403	0.000676307674315644	0.000546167951574423
Master_mpagado_avg6	0.000419551859318301	0.000491611722595908	0.000494903089693791
mextraccion_autoservicio	0.00041584969753521	0.00095422694693005	0.000642782498964844
ccajas_otras_avg6	0.000414973053612283	0.00173377444319929	0.000487016187866002
vm_mlimitecompra_delta1	0.000413337281832662	0.000557604040288438	0.000909951298381213
ccajas_extracciones_tend6	0.000412689411216284	0.00190962718931901	0.000763057751838634
Visa_mconsumototal_avg6	0.000411233141516753	0.000505449761703183	0.000694047360845476
cpagomiscuentas_lag1	0.000403937875182375	0.000908447141859341	0.000441666502356212
Master_cconsumos_tend6	0.000402461936235355	0.00131251048129678	0.000645740087150265
catm_trx_other_avg6	0.000390495034865487	0.00114228455669571	0.000559970029773054
Visa_mpagado_delta1	0.000389545841953752	0.000514743594186866	0.000675315969004476
ctransferencias_emitidas_lag1	0.000387488380996436	0.000318991090859452	0.000487016187866002
mpayroll_lag1	0.000386395189490071	0.000558978128424467	0.000658556302620423
vm_mpagado_delta1	0.000382562908144359	0.000244971692641638	0.000424906835972159
Visa_mlimitecompra_avg6	0.000379739375774372	0.000382614610149132	0.000564899343415423
vm_status04_delta1	0.000376785630253329	0.00266417090807192	0.000127176291973106
cmobile_app_trx	0.000374035685945729	0.000440615934479547	0.000704891850858687
Master_msaldopesos_tend6	0.000373289627383911	0.00149715091430395	0.000526450697004949
Master_msaldototal_delta1	0.000372674796673492	0.000539870438182725	0.00059348936254116
matm_other_delta1	0.000372209997589966	0.000458536449584235	0.000421949247786738
cextraccion_autoservicio_delta1	0.000370368723945082	0.000581390107375809	0.000546167951574423
cpayroll_trx_delta1	0.000369973515695681	0.00244089870423702	0.000550111402488318
cextraccion_autoservicio_lag1	0.000368736759563907	0.000255446223079241	0.000463355482382633
cpagomiscuentas	0.000367644165649561	0.000392053716597364	0.000481101011495159
mplazo_fijo_dolares_tend6	0.000367625701940222	0.00079921314957228	0.00042786442415758
ctarjeta_visa_descuentos_avg6	0.000365314530210271	0.00114427952910061	0.000258296034860106
vm_status02_avg6	0.000362184630657049	0.00034244682160705	0.000153794585641895
Master_mpagominimo_avg6	0.000361346175697581	0.000415235555029633	0.000550111402488318
Master_mlimitecompra_avg6	0.00036118273501945	0.00035709080735842	0.000557998304316107
vmr_mconsumototal_lag1	0.000359744277484565	0.00019831284128862	0.000400260267760317
cseguro_accidentes_personales_avg6	0.00035954095091324	0.000351852616827742	0.000397302679574896
ccajas_depositos_avg6	0.000359006519939471	0.00122208715413923	0.000414062345958949
active_quarter_tend6	0.000357470406740652	0.00197273160864619	0.000949385807520161
Master_mpagominimo	0.000356024598632496	0.000666104260257741	0.000488002050594475
ctransferencias_emitidas_delta1	0.000355502780429262	0.000511112670384997	0.000558984167044581
matm_delta1	0.000352414739157986	0.000672018853769858	0.000602362127097423
cseguro_vivienda_avg6	0.000345667229932933	0.000186655762273344	0.000286886053985843
Visa_status_tend6	0.000345331892034983	0.000398412459810016	0.000206045310251001
thomebanking_delta1	0.000344259571482909	0.00186857387731149	0.000534337598832739
catm_trx_delta1	0.000343849050581009	0.000904776429646799	0.000412090620502001
matm_other	0.000342825061594363	0.000644748062157044	0.000380543013190843
cprestamos_personales_delta1	0.000339458606273061	0.000471383479672193	0.000206045310251001
cforex_tend6	0.000336683343534079	0.000474338925804499	0.000418005796872843
Visa_mpagado_lag1	0.000334732299285059	0.000403966181690448	0.00052940828519037
Visa_msaldopesos_lag1	0.0003344837614708	0.000656035941733751	0.000859672299229055
matm	0.00033435333637022	0.00108169698567155	0.000411104757773528
tcallcenter	0.000333235711825778	0.000272979957819714	0.000148865271999527
vm_msaldopesos_avg6	0.000331037312042332	0.000560626108875824	0.001030226551255
mpayroll_sobre_edad_tend6	0.000329913273359161	0.00115207435634499	0.000693061498117002
vm_mconsumosdolares_avg6	0.000326304882057142	0.000850322751049403	0.000515606206991739
vm_status06	0.000326230779555359	0.000456826473237177	4.92931364236844e-05
Visa_mconsumototal_delta1	0.00032595524288403	0.000139824802911369	0.000478143423309738
Master_mpagospesos_delta1	0.000324435362999048	0.0024015572192003	0.000546167951574423
catm_trx_other_delta1	0.000324097089299208	0.000352071915742381	0.000317447798568527
vmr_mpagado_lag1	0.000321517083414761	0.000423298722718085	0.000418991659601317
mplazo_fijo_dolares	0.000318707904058966	0.00281473117936996	0.000374627836820001
ccuenta_debitos_automaticos	0.000314844681718238	0.000411246535531708	0.000330264014038685
ctarjeta_master_debitos_automaticos_tend6	0.000313235928861437	0.000484137053260664	0.000242522231204527
vmr_mpagado_delta1	0.000312799273650063	0.000398533675665786	0.000511662756077844
vmr_mconsumototal_tend6	0.000311776055354767	0.000279366460388648	0.000513634481534791
ctarjeta_master	0.000306722799467577	3.69791638169952e-05	0.000126190429244632
tcuentas_avg6	0.000306700815146433	0.000781642402356763	0.000512648618806317
ccajas_depositos_tend6	0.000306549905327367	0.00100806066657045	0.000414062345958949
vm_mpagado_lag1	0.00030554995995633	0.000344999757073247	0.000353924719522054
cseguro_vida_tend6	0.000303888521196952	0.000459545964841075	0.000344066092237317
mtarjeta_master_consumo	0.000303203155022483	0.00110767604190531	0.000351952994065106
mforex_sell_avg6	0.000301490175557496	0.000808545845154759	0.00039040164047558
Master_mpagominimo_lag1	0.000300684317077598	0.00017311012171892	0.000311532622197685
Master_mconsumospesos_delta1	0.000297566055805744	0.000913272643293272	0.000406175444131159
foto_mes	0.000296566571559545	0.000524842448002768	0.00084488435830195
vmr_mconsumototal	0.000290878319578655	0.000290537750668965	0.000424906835972159
vm_status05_delta1	0.000288226583673471	0.000553769547873824	5.32365873375791e-05
mttarjeta_master_debitos_automaticos_tend6	0.00028721140462589	0.001355911309534	0.00031547607311158
Master_msaldototal_avg6	0.000283556356747909	0.000263692602519164	0.000506733442435475
vm_mconsumototal_tend6	0.000280148751410408	0.000253082051235771	0.000407161306859633
ccallcenter_transacciones_lag1	0.000276068946240229	0.00120842584960029	0.000410118895045054
Visa_mpagado	0.000275983969943291	0.00110770195063784	0.000405189581402686
mv_status07_tend6	0.000274788933161433	0.000730604049894101	0.000568842794329318
ctarjeta_visa_descuentos_tend6	0.000273293871352047	0.000287116872662974	0.000239564643019106
Visa_mpagosdolares_tend6	0.000272348780040579	0.00104795363748533	0.000442652365084686
vm_mconsumosdolares_tend6	0.000271122792725348	0.000473917908900868	0.00044659581599858
mtarjeta_visa_descuentos_avg6	0.000270679064268303	0.00107699455071715	0.00028885777944279
cplazo_fijo_avg6	0.000269271365239165	0.00137584160203361	0.000277027426701106
Master_mlimitecompra_lag1	0.000263530973582102	0.000229010062778682	0.000392373365932528
cdescubierto_preacordado_tend6	0.000261757913889034	0.00613465858498904	0.000267168799416369
mplazo_fijo_dolares_avg6	0.000257611532246475	0.000968629426281755	0.000382514738647791
Master_msaldopesos_avg6	0.00025553253006904	0.000238124384758399	0.000344066092237317
vmr_msaldodolares_tend6	0.000251988284103138	0.000539390201319022	0.00025139499576079
ccajas_extracciones_avg6	0.000251355271181275	0.000945322670746211	0.000411104757773528
ctarjeta_master_transacciones_tend6	0.000247711611508847	0.001801162131201	0.000475185835124317
vm_mconsumosdolares	0.0002476844610488	0.000368897786897627	0.000196186682966264
mplazo_fijo_dolares_lag1	0.000246708474471392	0.0013881954408916	0.000316461935840054
Visa_mconsumosdolares_delta1	0.000246033766718499	0.000310906640997849	0.000449553404184001
Visa_msaldodolares_tend6	0.000245902927110717	0.000453002159253201	0.000289843642171264
Master_status_avg6	0.000243780887225924	0.00114172474301066	0.000123232841059211
ctarjeta_master_transacciones_avg6	0.000243502959458379	0.000719334676554916	0.000347023680422738
Master_msaldototal_lag1	0.000241668590031882	0.000351187317588817	0.000403217855945738
cseguro_vida_avg6	0.00024084606901622	0.00065329609326858	0.000413076483230475
ccheques_depositados_tend6	0.000239261122985053	0.00128991066403459	0.000245479819389948
vm_mconsumototal_avg6	0.000236172799847124	0.000317218193304818	0.000432793737799949
matm_other_lag1	0.00023410277872914	0.000662340091545712	0.000267168799416369
Master_mconsumototal_tend6	0.000230483219283549	0.000604947622429779	0.000244493956661474
ccajeros_propios_descuentos_tend6	0.000230135661422491	0.000714821930535111	0.000275055701244159
vm_mlimitecompra_lag1	0.000230075784119015	0.000123072956706213	0.000305617445826843
cforex_avg6	0.000229773142915031	0.00119546685677532	0.00029674468127058
Master_msaldopesos_delta1	0.000229653485322747	0.000760545291581378	0.000305617445826843
ctarjeta_debito_tend6	0.000229220698273854	0.00116847180810159	0.000553068990673739
Master_fechaalta_tend6	0.000225210083243264	0.000260729753891849	0.000416034071415896
ctarjeta_master_transacciones	0.000224597743592546	0.000573295479083569	0.00022181911390658
ctarjeta_master_debitos_automaticos_avg6	0.000217819329191942	0.000436132798439778	0.000170554252025948
vmr_msaldodolares2_tend6	0.000217208457359402	0.00098293197195084	0.00037167024863458
catm_trx_lag1	0.000216295553273836	0.000182732439918623	0.00029674468127058
mcheques_depositados_tend6	0.000215699706250478	0.000688999252008415	0.000141964232900211
mtarjeta_master_consumo_tend6	0.000215234790697564	0.000634309618882609	0.000372656111363054
vmr_mconsumototal_avg6	0.00021462716652708	0.000264537412262055	0.000437723051442317
cforex_sell_tend6	0.000214588307838838	0.000411654598069074	0.000255338446674685
vm_status02_tend6	0.000213329590661231	0.000193989784203419	0.000175483565668316
ccuenta_debitos_automaticos_lag1	0.000212906017905255	0.000197071072750876	0.000209988761164895
tcallcenter_delta1	0.000212872561226481	0.000349350573514732	0.000170554252025948
cextraccion_autoservicio	0.000210708990309619	0.000478893310858729	0.000480115148766686
thomebanking_lag1	0.000210419089496631	0.000138136108737463	0.000403217855945738
mcheques_depositados_avg6	0.00020960131637952	0.00158954423044575	0.000202101859337106
ctransferencias_emitidas	0.000208978074211972	0.000731004709936458	0.000545182088845949
Visa_mconsumototal	0.000207029070297007	0.000301329663080075	0.000512648618806317
Visa_delinquency_tend6	0.000204996411190275	0.0014439852698381	0.000420963385058264
Visa_fechaalta_tend6	0.000203632402884593	0.00108319506559898	0.000375613699548475
matm_lag1	0.000203339639384741	0.00025760590099809	0.000339136778594948
mtarjeta_master_consumo_avg6	0.000201653912491649	0.000270671304688811	0.000293787093085159
Master_msaldopesos_lag1	0.000198130124837112	0.00175851913339032	0.000243508093933001
Master_fultimo_cierre_delta1	0.000197458442057081	7.94685598562457e-05	0.000330264014038685
mpayroll_sobre_edad_delta1	0.000197397902899423	0.000948532577644449	0.000486030325137528
cdescubierto_preacordado_lag1	0.000195678522346913	0.000372305710537353	0.000354910582250527
ccheques_depositados_avg6	0.000194066498290802	0.00147014013532832	0.000166610801112053
Master_cconsumos_delta1	0.000193614132833563	0.00010629150052102	0.000214918074807264
vmr_msaldodolares2_avg6	0.000188954666254253	0.00138486061689009	0.000336179190409527
Visa_delinquency_avg6	0.000187609076598707	0.000367517221578466	0.000258296034860106
Visa_mconsumosdolares	0.000187028548256084	0.00066744503716623	0.000500818266064633
mtarjeta_visa_descuentos_tend6	0.000186706306643394	0.000331344004405565	0.000189285643866948
ccomisiones_mantenimiento	0.00018455962232339	0.00146335297271703	0.000629966283494686
vmr_Visa_mlimitecompra_delta1	0.000184132330525382	0.000476826164127492	0.000215903937535738
mcajeros_propios_descuentos_tend6	0.000182997902158221	0.00119797815320709	0.000208017035707948
vm_mpagosdolares_tend6	0.000182902865458668	0.000209435090039503	0.000186328055681527
vm_status05_tend6	0.000182082435191402	0.000348800012948444	0.000194214957509316
vmr_Master_mlimitecompra_delta1	0.00018085361230501	0.000290262007729883	0.000226748427548948
ccaja_seguridad_lag1	0.000177498159793755	0.000182081020357839	3.1547607311158e-05
Visa_mconsumosdolares_lag1	0.00017377814145072	0.000423971424452019	0.000413076483230475
mpayroll_sobre_edad_lag1	0.000173298751062565	0.000492354748032427	0.000603347989825897
active_quarter_lag1	0.000172885028721002	0.000216580348346851	0.000503775854250054
Visa_mlimitecompra_lag1	0.000172050786380041	0.000296366290176603	0.000363783346806791
vm_mconsumosdolares_delta1	0.000172004014098371	0.000211933432105009	0.000186328055681527
catm_trx_other	0.000171571675213074	0.000164630563686217	0.000210974623893369
Visa_mpagosdolares_avg6	0.000170789171839798	0.000623675934802314	0.000337165053138001
ccaja_seguridad_tend6	0.000168438813284135	0.00012404268355238	5.81659009799476e-05
vmr_mpagado	0.000168405554556713	0.0005761260081126	0.000257310172131632
Visa_mconsumototal_lag1	0.000167612084607425	0.000195650719021042	0.000463355482382633
cplazo_fijo	0.000166938477564209	0.000225354155556158	8.87276455626319e-05
cseguro_accidentes_personales_tend6	0.000166733406395775	0.00159253483842935	0.00022181911390658
ccajas_consultas_delta1	0.000163712005027434	0.000916367811518871	0.000355896444979001
mtarjeta_visa_descuentos_delta1	0.00016010404535025	0.000149219494389549	0.000155766311098843
Master_Fvencimiento_delta1	0.000159147787037894	0.000178043884642357	0.000267168799416369
vm_mlimitecompra	0.000156415801628379	0.000154119020773569	0.000493917226965317
catm_trx	0.000156329911047859	0.000456350862932855	0.000226748427548948
vm_fechaalta_tend6	0.000156261170732602	0.000512406256387804	0.000346037817694264
Master_status	0.000156005174382602	0.000250618871021558	0.000167596663840527
mttarjeta_master_debitos_automaticos_delta1	0.000155340648616425	0.000736058763403789	0.000248437407575369
mcajeros_propios_descuentos_avg6	0.000155013649804188	0.000269508187660536	0.000124218703787685
Master_mconsumototal_delta1	0.000149424823367865	0.000183728075497321	0.000109430762860579
vm_mconsumototal	0.00014917242563094	0.000157634280590924	0.000353924719522054
cliente_edad_delta1	0.000148651564419906	9.95200682116227e-05	0.000258296034860106
Master_mconsumosdolares_avg6	0.000148445328190027	0.00144277496190415	0.000330264014038685
vmr_mconsumosdolares_lag1	0.000147294995975851	0.000229378336905375	0.000206045310251001
vm_msaldodolares_avg6	0.000144990309291395	0.00193587366068497	0.00031547607311158
Visa_Finiciomora_lag1	0.000142967773526216	0.000484056551127442	8.67559201056845e-05
vm_msaldodolares_tend6	0.000142660037129581	0.00031579413832748	0.000180412879310685
Master_mconsumototal	0.000138009978872584	0.000170817198889911	0.000148865271999527
Visa_fultimo_cierre_delta1	0.000137552659443947	8.01829006246052e-05	0.000272098113058738
vmr_mpagosdolares_tend6	0.000134958349738219	0.000523570144173112	0.000218861525721159
vmr_mconsumosdolares	0.000134069597603811	0.000334076450375728	0.000227734290277422
Visa_msaldodolares_avg6	0.000133900185425982	0.000793970332482221	0.000305617445826843
active_quarter	0.000133841750373949	0.000282375574609769	0.000773902241851845
Master_msaldopesos	0.000133371201967297	0.000250742862812957	0.000287871916714317
vm_status03_tend6	0.000133168976165439	0.000224265063477972	0.000166610801112053
vmr_mpagosdolares_avg6	0.000130978643826618	0.000324286650726449	0.000170554252025948
mv_status07_lag1	0.000130819412729823	0.000172446673103747	0.000310546759469212
Visa_status_avg6	0.000127852933201672	0.000653061064052047	0.000106473174675158
Visa_mpagosdolares_lag1	0.000127812677341677	0.000352704829065643	0.000147879409271053
ctarjeta_master_descuentos_avg6	0.000127578747607742	0.000975835755172926	0.000162667350198158
Master_msaldodolares_avg6	0.0001271978240816	0.00127458102218302	0.000298716406727527
vm_mlimitecompra_avg6	0.000126777147369865	0.000212858743981123	0.000295758818542106
mforex_sell_delta1	0.000126058220154702	0.000461234659014982	0.000165624938383579
ccajeros_propios_descuentos_avg6	0.000122887751312421	0.000739405616459691	0.000148865271999527
Master_mpagado_lag1	0.000122862972410355	0.000147191210757108	0.000168582526569001
Visa_mpagosdolares_delta1	0.000121257501006121	0.000517774915893014	0.000208017035707948
Master_status_tend6	0.000120536777053016	0.000130711406243529	0.000124218703787685
vm_mpagado	0.000119706341196898	0.000226391430169281	0.000192243232052369
mtarjeta_master_descuentos_avg6	0.000119680961795642	0.00152708567880809	0.000110416625589053
vm_status05	0.00011849385706693	0.000143518647920814	4.63355482382633e-05
mttarjeta_master_debitos_automaticos	0.000118058933498852	0.000157457546022586	0.000118303527416842
cforex_sell_avg6	0.00011739320729522	0.000161419731476104	0.000159709762012737
vmr_msaldodolares_avg6	0.00011654666194218	0.000848893144200807	0.000255338446674685
Master_mpagosdolares_tend6	0.000114823753520986	8.05049091574927e-05	0.000108444900132106
cseguro_accidentes_personales	0.000114692518597846	0.000162789193052751	0.000141964232900211
vmr_msaldodolares2	0.000113577372756925	0.00141534779258427	0.000188299781138474
ccomisiones_mantenimiento_lag1	0.000113552039769016	0.000740385521736495	0.000413076483230475
cinversion1_tend6	0.000109645314219517	0.000100911737273297	3.64769209535264e-05
cplazo_fijo_delta1	0.000109455803919385	0.000332111087950863	0.000108444900132106
mtarjeta_master_consumo_delta1	0.000108913684354091	0.000649408858077027	0.00024055050574758
mcaja_ahorro_adicional_delta1	0.000108690140577339	0.00033038815723754	0.000130133880158527
cdescubierto_preacordado_delta1	0.000107722027053515	0.00226459810716926	0.000148865271999527
catm_trx_other_lag1	0.000106210535827994	0.000241252864211538	0.000192243232052369
cseguro_auto_avg6	0.000106172255618594	0.000334311479592261	6.99962537216318e-05
Visa_msaldodolares	0.000105797932363613	0.000971391482231954	0.000228720153005895
Visa_delinquency_lag1	0.000105786147777255	8.1144299663887e-05	6.21093518938423e-05
Visa_Fvencimiento_delta1	0.000101525813336265	4.5170949856227e-05	0.000201115996608632
vmr_mconsumototal_delta1	0.000100866719197973	0.000287637823249226	0.000318433661297001
Master_mpagado_delta1	9.94539732682845e-05	0.000123726226890749	0.00018435633022458
minversion2_tend6	9.93697798840554e-05	0.000110166706658183	8.47841946487371e-05
Master_cconsumos	9.91709527274273e-05	0.00022914608362447	0.000241536368476053
Master_mconsumototal_avg6	9.65515404996439e-05	0.00022978177288336	0.000198158408423211
Master_msaldodolares	9.5500689006737e-05	0.000676242902484316	0.000194214957509316
mtarjeta_master_consumo_lag1	9.34354261732848e-05	9.42254336565019e-05	0.000158723899284264
ccheques_emitidos_avg6	9.28974505360407e-05	0.000748820664799145	8.18266064633161e-05
vmr_msaldodolares2_delta1	9.1955552555395e-05	0.000281837968409747	0.000140978370171737
vm_status03_avg6	9.00736827780058e-05	3.52821418362033e-05	0.000125204566516158
vm_mconsumototal_delta1	8.9822935197336e-05	8.21214290050628e-05	0.000236607054833685
ccuenta_debitos_automaticos_delta1	8.98216938270869e-05	0.000259109532796774	0.000129148017430053
ccajas_otras_delta1	8.65208253778492e-05	0.000669365984621041	0.000126190429244632
mttarjeta_master_debitos_automaticos_avg6	8.61549860251938e-05	0.000261486659006509	0.00013900664471479
cplazo_fijo_lag1	8.49145353616283e-05	0.000293256316960986	9.16852337480529e-05
vm_mpagosdolares_avg6	8.46727638145493e-05	0.00027023825873079	0.000163653212926632
ctarjeta_master_tend6	8.3900595978817e-05	0.000174234375648398	0.000108444900132106
ctarjeta_master_transacciones_delta1	8.38531067963029e-05	0.000175299409617804	0.000117317664688369
vm_status02	8.32269198644082e-05	0.00038581248799298	6.3095214622316e-05
vm_msaldodolares_delta1	8.25536426358224e-05	0.000126138514951776	0.00010154386103279
Master_mconsumototal_lag1	8.20602544740444e-05	0.000156187092816682	9.95721355758424e-05
cseguro_vida	8.10767810630689e-05	0.00171901294283966	0.000173511840211369
ccajeros_propios_descuentos_delta1	8.09084817761348e-05	0.000156665479056633	7.29538419070529e-05
mcaja_ahorro_adicional_avg6	8.05998514352562e-05	0.000239988888188767	0.000118303527416842
cseguro_accidentes_personales_lag1	8.05913990081272e-05	7.54878681652059e-05	9.76004101188951e-05
mcaja_ahorro_adicional	8.00052785789235e-05	0.000163633077483767	0.000123232841059211
mcajeros_propios_descuentos_lag1	7.97714642168921e-05	0.00144603668626745	0.000239564643019106
ccajas_otras	7.84070057391346e-05	0.000114224199234941	9.06993710195792e-05
cseguro_vivienda_tend6	7.73490940237804e-05	0.000210844340026824	0.000104501449218211
mttarjeta_master_debitos_automaticos_lag1	7.68765237752297e-05	0.000114113161809807	8.57700573772108e-05
ctarjeta_master_debitos_automaticos_lag1	7.60796202389796e-05	3.74973384676187e-05	5.32365873375791e-05
mcaja_ahorro_adicional_lag1	7.56971630164162e-05	0.000164693484893793	7.19679791785792e-05
vm_mconsumosdolares_lag1	7.46662396821173e-05	0.000223216685122336	0.000142950095628685
Master_mpagado	7.43066406130731e-05	0.000106051844745107	0.000102529723761263
cmobile_app_trx_delta1	7.39865893834024e-05	0.000113289634240066	0.000204073584794053
mcheques_emitidos_avg6	7.36357670871149e-05	0.00107198676284362	9.16852337480529e-05
ccheques_emitidos_tend6	7.35615476532855e-05	6.74358042192673e-05	4.43638227813159e-05
Master_msaldodolares_lag1	7.34245258326811e-05	0.000610165456099183	0.000135063193800895
ccaja_ahorro_tend6	7.23076482592887e-05	0.000300702301628071	0.000119289390145316
ctarjeta_master_descuentos_tend6	7.17748298369238e-05	0.000253430893813066	0.000134077331072421
vmr_msaldodolares2_lag1	7.15476082943436e-05	0.000871413384641655	0.000136049056529369
ctarjeta_master_transacciones_lag1	7.10069595576484e-05	0.00013737735299905	0.000152808722913422
vmr_mpagosdolares_lag1	7.07127977635548e-05	0.000116175681981664	5.22507246091054e-05
ccajas_transacciones_delta1	6.9589965846853e-05	0.000108473385924896	0.000100557998304316
Master_madelantopesos_tend6	6.93688000722951e-05	3.6740433352958e-05	1.87313918410001e-05
vm_Finiciomora_tend6	6.90446981057399e-05	0.00036608298817049	0.000146893546542579
vm_status04_avg6	6.69520660735843e-05	0.000161869433047895	0.000249423270303843
Master_mpagosdolares_avg6	6.64704274187707e-05	0.00023857871288957	0.000104501449218211
ctarjeta_master_debitos_automaticos	6.62179350580731e-05	9.7670369771272e-05	6.01376264368949e-05
ccajas_transacciones	6.59936098478718e-05	0.000174370396494186	0.000100557998304316
Master_mconsumosdolares_tend6	6.51115049403766e-05	0.000221667713041722	0.00013900664471479
Visa_msaldodolares_delta1	6.45496537071434e-05	0.000172597498939553	0.000156752173827316
mtarjeta_master_descuentos_tend6	6.4257038963829e-05	0.000654103890536427	9.4642821933474e-05
vm_status05_avg6	6.3384029094686e-05	4.46675801956213e-05	0.000165624938383579
Visa_Finiciomora	6.26939827962865e-05	0.000842052313500701	9.16852337480529e-05
minversion1_pesos_tend6	6.25699240186696e-05	4.20915119325217e-05	4.23920973243686e-05
ctarjeta_master_debitos_automaticos_delta1	6.23830820003113e-05	0.000130140488815967	8.67559201056845e-05
vmr_msaldodolares_lag1	6.23117866677095e-05	0.000119007136322571	7.39397046355265e-05
mtarjeta_master_descuentos	6.18375471295926e-05	0.000441767947765308	6.70386655362107e-05
vm_mconsumototal_lag1	6.03145911226056e-05	8.1185013386436e-05	0.000316461935840054
mtarjeta_visa_descuentos	6.0235698388264e-05	0.00242229623427963	0.000132105605615474
vm_Finiciomora	5.98626490646983e-05	0.000425898849089964	0.000109430762860579
ctarjeta_master_avg6	5.95694962710172e-05	4.94199819913397e-05	5.42224500660528e-05
vm_fultimo_cierre_delta1	5.92284354207912e-05	5.24207684055754e-05	0.000140978370171737
vmr_mconsumosdolares_delta1	5.8892235701363e-05	0.000195587797813466	0.000189285643866948
mpayroll2_delta1	5.84093330491945e-05	9.40838609394566e-05	4.43638227813159e-05
vm_Finiciomora_avg6	5.8018415852179e-05	0.000412495706564461	0.000151822860184948
minversion1_pesos_avg6	5.71101215143005e-05	0.00027729468709803	4.63355482382633e-05
cseguro_vivienda	5.60057628828268e-05	4.56881991949744e-05	8.67559201056845e-05
Visa_Finiciomora_avg6	5.55576846662976e-05	0.00040124206352717	0.000103515586489737
cseguro_vida_delta1	5.48725836730998e-05	0.00106376259088872	0.000137034919257843
ccajas_consultas_lag1	5.4039363727394e-05	0.000262684937886076	0.000142950095628685
vm_mpagosdolares_delta1	5.36730997835176e-05	0.000132795208588536	7.59114300924739e-05
Visa_msaldodolares_lag1	5.28058256992495e-05	0.000245685108098121	0.000132105605615474
vmr_madelantopesos_delta1	5.25877844831839e-05	0.000576860705742234	9.76004101188951e-05
vm_madelantopesos_tend6	5.1572192867284e-05	8.30652471186984e-05	1.77455291125264e-05
vm_Fvencimiento_delta1	5.14955041538818e-05	0.000108619585201322	0.000139992507443264
cseguro_auto_lag1	5.0900615906382e-05	1.75809256461543e-05	1.77455291125264e-05
Visa_mpagosdolares	4.9020588573036e-05	4.99946006664061e-05	0.000125204566516158
cinversion1_avg6	4.8970263050227e-05	0.000134254425417167	3.64769209535264e-05
Master_mpagosdolares_delta1	4.78135538570353e-05	9.71447926256397e-05	4.14062345958949e-05
vm_msaldodolares_lag1	4.76281425864237e-05	0.00013338000569424	8.47841946487371e-05
vmr_mpagosdolares_delta1	4.75780689334594e-05	0.000324968605579144	8.08407437348424e-05
cseguro_auto	4.74117946799803e-05	4.95652559558895e-05	4.53496855097896e-05
cpayroll2_trx_tend6	4.65059732947627e-05	2.45994162264743e-05	1.18303527416842e-05
mtarjeta_visa_descuentos_lag1	4.63465857498049e-05	5.22810463122823e-05	7.09821164501055e-05
mcajeros_propios_descuentos_delta1	4.5378692939523e-05	0.000572661640448431	0.000141964232900211
tcallcenter_lag1	4.43769610055683e-05	5.91607401111853e-05	9.26710964765266e-05
cpagodeservicios_tend6	4.36289669763941e-05	0.0001290042058321	5.02789991521581e-05
mcheques_emitidos_tend6	4.35257136327435e-05	0.000152492322495362	3.94345091389475e-05
Master_Finiciomora_tend6	4.34756556739652e-05	0.000881944359103701	6.01376264368949e-05
Master_msaldodolares_delta1	4.32847899140685e-05	6.56286701252178e-05	8.18266064633161e-05
vm_status01_delta1	4.32804559672727e-05	0.000139416740374003	4.83072736952107e-05
vmr_msaldodolares_delta1	4.25216577742218e-05	8.94332434501107e-05	0.000108444900132106
active_quarter_delta1	4.19777356306636e-05	0.000173843894036678	9.16852337480529e-05
mpagodeservicios_tend6	4.18010883971103e-05	0.000212145328524639	4.04203718674212e-05
Master_mconsumosdolares_delta1	4.1313501739643e-05	3.33565678220114e-05	5.02789991521581e-05
Master_Finiciomora_avg6	4.1102847066234e-05	0.000568689276564276	6.01376264368949e-05
ccajas_transacciones_lag1	4.02085069197092e-05	3.29485052846454e-05	8.28124691917897e-05
tcuentas_tend6	3.94563201451934e-05	0.000490729900377972	0.000190271506595422
Master_status_delta1	3.86343320217055e-05	1.2787810127887e-05	1.38020781986316e-05
vmr_madelantopesos_tend6	3.74945634359083e-05	0.000466783754336033	5.12648618806317e-05
minversion1_pesos_delta1	3.72317891516814e-05	9.50286043649684e-05	3.74627836820001e-05
tcuentas	3.72307970489844e-05	0.000137231153722624	0.000182384604767632
ccajas_depositos_lag1	3.7158144777971e-05	4.81680350229583e-05	5.91517637084212e-05
vm_msaldodolares	3.66450438747866e-05	0.000356166420794183	8.57700573772108e-05
vm_mpagosdolares_lag1	3.62522178438863e-05	4.92765586505421e-05	3.45051954965791e-05
minversion2_avg6	3.61371702093578e-05	7.49641416433257e-05	2.66182936687896e-05
cforex_sell_delta1	3.59358690331554e-05	0.000646567225305483	0.000103515586489737
ctarjeta_visa_descuentos_delta1	3.57165535628929e-05	3.37489000574834e-05	3.1547607311158e-05
vmr_madelantopesos_avg6	3.55258368468624e-05	0.000229280253846507	3.84486464104738e-05
vm_Finiciomora_delta1	3.49067531187569e-05	0.000102192368909838	2.26748427548948e-05
minversion1_pesos_lag1	3.45071280944688e-05	9.00707833327529e-05	2.36607054833685e-05
mforex_sell	3.42845140927604e-05	0.00027634716773689	5.42224500660528e-05
cforex_delta1	3.36706847400454e-05	0.000250002613312066	5.71800382514739e-05
Master_delinquency_avg6	3.323182640354e-05	0.000258838416417073	8.67559201056845e-05
mcajeros_propios_descuentos	3.07709413775701e-05	7.91243438383315e-05	3.84486464104738e-05
Master_mpagosdolares_lag1	3.07347273246029e-05	2.9256510898953e-05	2.46465682118422e-05
vmr_msaldodolares	3.03313886836612e-05	0.000145170329619676	9.4642821933474e-05
mpayroll2_tend6	2.99018552866906e-05	2.78352318572428e-05	1.28162154701579e-05
cinversion2_lag1	2.85267437488865e-05	0.00010769149738958	2.56324309403159e-05
mcheques_depositados_delta1	2.75447273423822e-05	0.00033066667611225	6.80245282646844e-05
cpagodeservicios_avg6	2.74131710708751e-05	3.58327024024908e-05	2.16889800264211e-05
ccajas_extracciones_lag1	2.69415163149669e-05	0.000253409611639916	7.49255673640002e-05
cseguro_vivienda_lag1	2.63957563231895e-05	1.87042542637559e-05	4.14062345958949e-05
mforex_buy_avg6	2.6092759774375e-05	0.000596380159768846	4.92931364236844e-05
mcheques_emitidos_delta1	2.60560244606379e-05	7.40453069503452e-05	4.7321410966737e-05
mforex_sell_lag1	2.55505988567295e-05	5.64181157103852e-05	3.35193327681054e-05
vm_mpagosdolares	2.54053073561562e-05	4.56373070417882e-05	3.74627836820001e-05
vm_madelantopesos_avg6	2.50349494817131e-05	0.000175406745795434	4.04203718674212e-05
ctarjeta_debito_delta1	2.477522246728e-05	2.9828353638391e-05	3.54910582250527e-05
ctarjeta_visa_avg6	2.47555091682169e-05	2.20982982253398e-05	6.6052802807737e-05
Visa_madelantopesos_avg6	2.46445347690168e-05	0.000661517489287847	0.000124218703787685
ccajas_extracciones_delta1	2.42638185787039e-05	6.49735493169295e-05	6.01376264368949e-05
cprestamos_prendarios	2.36027439949525e-05	1.14729419519298e-05	1.97172545694737e-05
Visa_cadelantosefectivo_avg6	2.3390044462662e-05	0.000376276223797755	7.29538419070529e-05
vm_Finiciomora_lag1	2.22346216178167e-05	0.000302003290125886	4.43638227813159e-05
mforex_buy_delta1	2.17531210615558e-05	0.000239105215347079	3.64769209535264e-05
cpayroll2_trx_delta1	2.12491690016199e-05	3.259503614797e-05	1.18303527416842e-05
minversion2_delta1	2.11466869430009e-05	7.41896556030188e-05	3.74627836820001e-05
Visa_fechaalta_delta1	2.05114184491069e-05	1.07114102778885e-05	3.05617445826843e-05
cinversion2_avg6	2.03452530492633e-05	0.000439665639182778	3.54910582250527e-05
cseguro_vida_lag1	2.02971155451105e-05	5.6856713539663e-05	3.1547607311158e-05
ctarjeta_master_descuentos_lag1	2.00191771236031e-05	1.32236320215364e-05	7.8869018277895e-06
Master_msaldodolares_tend6	1.99251191417936e-05	0.00020145797635553	0.000108444900132106
ccheques_emitidos_rechazados_avg6	1.99183987171593e-05	0.000166049066792299	4.7321410966737e-05
Visa_madelantopesos_tend6	1.93054735146805e-05	0.00040599168938726	6.50669400792634e-05
Master_fechaalta_delta1	1.92215103492108e-05	1.2885893186755e-05	4.92931364236844e-05
mtarjeta_master_descuentos_delta1	1.91311919642939e-05	6.48208728573708e-05	3.35193327681054e-05
Master_mconsumosdolares	1.84795243125934e-05	6.85831909456478e-05	6.3095214622316e-05
mtarjeta_master_descuentos_lag1	1.84215928562217e-05	3.46584816317029e-05	2.76041563972632e-05
cinversion2	1.83982911305641e-05	0.000735318513902899	6.11234891653686e-05
ccheques_depositados_delta1	1.82771209348388e-05	0.000183898332882526	4.63355482382633e-05
cforex_buy_tend6	1.78785314038956e-05	7.0265407936422e-05	3.84486464104738e-05
cforex_buy_avg6	1.78429427482585e-05	0.00026787408688732	3.1547607311158e-05
ccajas_extracciones	1.71639595435075e-05	0.00112528102566025	9.06993710195792e-05
mcheques_emitidos	1.70072835729832e-05	0.000330066148704653	2.85900191257369e-05
Visa_Finiciomora_tend6	1.69534409228069e-05	0.000271025699137362	7.19679791785792e-05
Master_delinquency_tend6	1.68502213360469e-05	9.05732276814824e-05	9.36569592050003e-05
vmr_madelantopesos_lag1	1.67050971343449e-05	0.000130370891473119	3.35193327681054e-05
vmr_mpagosdolares	1.64747953565578e-05	1.60014182736287e-05	4.14062345958949e-05
cseguro_accidentes_personales_delta1	1.62731634243903e-05	3.03613332790323e-05	1.77455291125264e-05
tcuentas_lag1	1.60763915188455e-05	0.000176897423227852	8.77417828341582e-05
ccaja_ahorro_delta1	1.58624052838625e-05	0.000148941900826715	4.23920973243686e-05
cprestamos_prendarios_avg6	1.58321894023886e-05	0.000181431451420808	2.56324309403159e-05
vm_status06_delta1	1.58295663581453e-05	0.000278412463844375	2.56324309403159e-05
ccheques_emitidos_delta1	1.54385650439619e-05	1.4607898588202e-05	1.5773803655579e-05
Master_cadelantosefectivo_tend6	1.5213136843257e-05	1.4135064219508e-05	6.90103909931581e-06
Master_delinquency	1.49874207092045e-05	1.20882743495452e-05	6.21093518938423e-05
Master_mconsumosdolares_lag1	1.39833581810755e-05	2.23675639812888e-05	4.04203718674212e-05
mcheques_depositados	1.38292937790405e-05	0.000101418808181407	3.54910582250527e-05
minversion2_lag1	1.36808501648265e-05	5.24087393511859e-05	1.77455291125264e-05
ctarjeta_visa_tend6	1.36543197115297e-05	6.33736850831295e-05	6.21093518938423e-05
Master_madelantopesos_avg6	1.3653659777305e-05	1.51316251100822e-05	1.47879409271053e-05
mprestamos_prendarios_tend6	1.32454048217212e-05	0.000684476327557973	4.92931364236844e-05
ccajas_depositos_delta1	1.26967115601845e-05	7.1448881825971e-05	6.90103909931581e-05
ctarjeta_master_descuentos	1.20649797241737e-05	3.34962899153045e-05	1.5773803655579e-05
ccajas_otras_lag1	1.20588699157267e-05	9.46038862138323e-05	4.53496855097896e-05
Visa_delinquency_delta1	1.19758055706681e-05	3.47380584530486e-05	4.43638227813159e-05
vm_fechaalta_delta1	1.18800573866602e-05	9.77962121864235e-06	2.95758818542106e-05
minversion2	1.18458977764598e-05	0.000665087342505893	3.35193327681054e-05
mpayroll2_avg6	1.18417024521513e-05	9.2577453205144e-06	1.18303527416842e-05
mcheques_emitidos_rechazados_tend6	1.17638648570233e-05	7.1970757724099e-06	7.8869018277895e-06
mprestamos_prendarios_delta1	1.01718933204676e-05	0.000476262649194939	5.12648618806317e-05
ccajas_depositos	1.01317715588226e-05	5.32646528365908e-05	6.99962537216318e-05
cforex_buy_delta1	9.48910337629361e-06	6.24789084989279e-05	9.85862728473687e-06
Master_Finiciomora	9.25052947859327e-06	7.44135810770383e-05	3.35193327681054e-05
ctarjeta_visa_descuentos_lag1	8.98882248070601e-06	8.19548728673624e-06	1.47879409271053e-05
mprestamos_prendarios_lag1	8.82177175845119e-06	2.16393435347876e-05	1.08444900132106e-05
mforex_buy_tend6	8.46558095452628e-06	6.1729405879276e-05	2.16889800264211e-05
vm_cadelantosefectivo_avg6	8.21294658744002e-06	3.34528002571271e-05	1.18303527416842e-05
minversion1_pesos	8.10928834800803e-06	0.000141011978048423	2.36607054833685e-05
mcheques_emitidos_rechazados_avg6	7.87727513042536e-06	2.27127053110791e-05	1.47879409271053e-05
Visa_delinquency	7.84539189270937e-06	3.38793690320154e-05	0.000100557998304316
ctarjeta_master_descuentos_delta1	7.67847814158695e-06	9.93803461183296e-05	3.05617445826843e-05
mcheques_emitidos_rechazados_lag1	7.64396239548896e-06	7.50242869152731e-06	4.92931364236844e-06
Visa_madelantopesos_delta1	7.49835321265904e-06	0.000151565159995496	3.45051954965791e-05
ccajeros_propios_descuentos	7.45118586786341e-06	8.49528833459697e-06	2.66182936687896e-05
mcheques_emitidos_rechazados_delta1	7.42110250646599e-06	1.94990971653373e-05	6.90103909931581e-06
Master_cadelantosefectivo_avg6	7.32343337555991e-06	4.33416082771509e-06	1.97172545694737e-06
mforex_buy	7.28331391314523e-06	7.36427962842358e-05	2.07031172979474e-05
mplazo_fijo_pesos_tend6	7.27484058464849e-06	7.86700157071598e-06	6.90103909931581e-06
cinversion1	6.84546590632898e-06	0.00169954623158998	5.42224500660528e-05
ccheques_emitidos	6.53712277516739e-06	0.000334228201523411	2.66182936687896e-05
cprestamos_prendarios_tend6	6.32618917174778e-06	9.92767111882049e-05	2.95758818542106e-05
cinversion2_tend6	6.25301524717793e-06	1.40110724281089e-05	1.38020781986316e-05
ccheques_depositados	6.2356807048996e-06	7.57377023717565e-05	1.77455291125264e-05
ctarjeta_visa_descuentos	6.13280939309307e-06	8.2188976772019e-05	3.45051954965791e-05
mcheques_depositados_lag1	6.07303519811635e-06	3.06000637430696e-05	2.26748427548948e-05
vm_status04_lag1	5.99522363391293e-06	4.16575406626245e-06	2.26748427548948e-05
mplazo_fijo_pesos	5.85535901370063e-06	1.78649963921211e-05	8.87276455626319e-06
ccheques_emitidos_rechazados_tend6	5.73208199137768e-06	2.17004141186111e-05	1.47879409271053e-05
Master_delinquency_lag1	5.22272087058044e-06	7.39509251389816e-06	1.47879409271053e-05
mprestamos_prendarios	5.06748499604371e-06	0.000347500875074381	2.26748427548948e-05
ctarjeta_master_delta1	4.93384222093947e-06	5.49052307929398e-05	1.28162154701579e-05
cseguro_auto_tend6	4.88704520738013e-06	9.0577854240863e-05	2.36607054833685e-05
cinversion1_lag1	4.87658781316631e-06	1.54619614498546e-06	3.94345091389475e-06
mpagodeservicios_avg6	4.69877692486307e-06	3.54375942313904e-05	9.85862728473687e-06
cforex	4.6831527451742e-06	9.03992690487731e-05	2.56324309403159e-05
vm_madelantopesos	4.44512516164343e-06	3.50924529016001e-05	6.90103909931581e-06
mpagodeservicios_delta1	4.42410107808355e-06	2.23712652287933e-05	1.28162154701579e-05
Visa_cadelantosefectivo_delta1	4.38355557218068e-06	6.26889542948056e-05	1.08444900132106e-05
mcheques_emitidos_lag1	4.23691741210322e-06	1.44681764949089e-05	1.47879409271053e-05
mpayroll2	4.16552872032763e-06	1.27507976528424e-05	7.8869018277895e-06
ctarjeta_visa	4.09043084928461e-06	9.55042146692906e-05	0.000201115996608632
vm_status03_lag1	4.06119984890197e-06	3.81228492958714e-07	2.95758818542106e-06
Master_mpagosdolares	4.03599152955231e-06	9.01161236146824e-06	2.56324309403159e-05
vm_cadelantosefectivo_tend6	3.99743688356988e-06	1.48891933985405e-05	8.87276455626319e-06
mprestamos_hipotecarios_delta1	3.94108178326902e-06	1.59523767441947e-06	3.94345091389475e-06
ccheques_depositados_lag1	3.70968418228842e-06	1.42636825702878e-05	1.38020781986316e-05
Master_cadelantosefectivo_delta1	3.66572656947727e-06	8.28801847434757e-06	4.92931364236844e-06
cinversion1_delta1	3.57537494982616e-06	1.07817339804731e-05	1.08444900132106e-05
ccajeros_propios_descuentos_lag1	3.49026833090513e-06	5.14195809556207e-06	1.08444900132106e-05
Visa_status_lag1	3.42293344246383e-06	0.000444598476794339	3.54910582250527e-05
mplazo_fijo_pesos_avg6	3.26416795425962e-06	8.32780688502045e-06	4.92931364236844e-06
ccheques_emitidos_rechazados_lag1	3.09103409019201e-06	3.93997796849079e-06	1.97172545694737e-06
cpagodeservicios	2.58749568423395e-06	2.79074061835796e-06	4.92931364236844e-06
mprestamos_hipotecarios_lag1	2.52549442488823e-06	7.18689734177265e-06	4.92931364236844e-06
cpayroll2_trx	2.35370950733816e-06	5.73693363190298e-07	9.85862728473687e-07
vm_cadelantosefectivo	2.31301927043355e-06	6.89357347704471e-07	9.85862728473687e-07
ccheques_emitidos_rechazados_delta1	2.30926063623604e-06	3.11645039874988e-06	2.95758818542106e-06
vm_madelantopesos_delta1	2.29854352541061e-06	1.92714704438134e-05	7.8869018277895e-06
mprestamos_hipotecarios_tend6	2.14257285061147e-06	1.23020213929274e-05	5.91517637084212e-06
ctarjeta_visa_lag1	2.13830570819952e-06	1.20383075082351e-06	2.95758818542106e-06
vm_cadelantosefectivo_lag1	2.02318265321989e-06	5.94050224464792e-07	9.85862728473687e-07
cforex_sell	2.02261835087616e-06	3.60501506933774e-06	4.92931364236844e-06
ccaja_seguridad_delta1	1.9473788115823e-06	4.51182070792886e-06	1.97172545694737e-06
mpagodeservicios	1.89042470322357e-06	4.46000324286651e-07	9.85862728473687e-07
vmr_madelantopesos	1.74351053760777e-06	2.71579035639278e-06	2.95758818542106e-06
cforex_lag1	1.55997859083664e-06	1.96823089168078e-05	1.77455291125264e-05
cinversion2_delta1	1.54332462875506e-06	3.30336339772478e-06	2.95758818542106e-06
Master_madelantopesos	1.48812715714732e-06	2.01625457805106e-06	1.08444900132106e-05
mpagodeservicios_lag1	1.48352975612592e-06	2.55386077807294e-07	9.85862728473687e-07
cprestamos_hipotecarios_tend6	1.34840202071936e-06	2.71856629202112e-06	3.94345091389475e-06
Visa_cadelantosefectivo_tend6	1.32234713045275e-06	5.45110479337155e-05	1.87313918410001e-05
Visa_status_delta1	1.24605420039233e-06	3.33843271782948e-05	1.28162154701579e-05
tcuentas_delta1	1.24346657763281e-06	6.20375347340218e-05	2.66182936687896e-05
mprestamos_prendarios_avg6	1.17783861794997e-06	0.000322258367094008	1.77455291125264e-05
cforex_buy	1.14740314760938e-06	8.33613469190547e-06	1.28162154701579e-05
Visa_cadelantosefectivo_lag1	1.08367400090332e-06	2.00320768059786e-05	7.8869018277895e-06
Visa_madelantopesos	9.31254507396325e-07	9.19760004856703e-05	3.45051954965791e-05
vm_status01_lag1	8.71667032342056e-07	0.00116184194850924	6.11234891653686e-05
ccheques_emitidos_lag1	8.20326644573987e-07	1.48642099778854e-05	9.85862728473687e-06
cpagodeservicios_delta1	7.94483042122235e-07	1.21132577702003e-05	6.90103909931581e-06
Master_status_lag1	7.6557540521908e-07	2.68386709666687e-05	2.16889800264211e-05
Master_madelantopesos_lag1	7.61891101649709e-07	3.90296549344625e-06	7.8869018277895e-06
mplazo_fijo_pesos_lag1	7.32815176476421e-07	9.60473727405692e-07	1.97172545694737e-06
mforex_buy_lag1	7.29771115210655e-07	1.3204200472138e-05	3.94345091389475e-06
ccuenta_corriente_lag1	7.11844609968306e-07	3.96033482976528e-07	1.97172545694737e-06
vm_status02_lag1	6.81028330462858e-07	8.21214290050628e-06	1.08444900132106e-05
cliente_vip_lag1	6.6530447733373e-07	1.39814624480732e-06	4.92931364236844e-06
mprestamos_hipotecarios_avg6	6.57386326494612e-07	1.50825835806481e-06	1.97172545694737e-06
cprestamos_prendarios_lag1	5.65067166890757e-07	8.59984857659778e-06	1.08444900132106e-05
vm_status03	5.04843714605852e-07	3.23211438326405e-06	2.36607054833685e-05
cforex_sell_lag1	4.51076430332057e-07	3.65581469133637e-05	1.18303527416842e-05
cpagodeservicios_lag1	4.1360181380056e-07	2.35491872470856e-06	2.95758818542106e-06
ctarjeta_visa_delta1	3.96336271614788e-07	1.67435183982717e-05	7.8869018277895e-06
mplazo_fijo_pesos_delta1	3.23677226742001e-07	6.60024961231676e-06	4.92931364236844e-06
Visa_cadelantosefectivo	3.17111075140522e-07	1.52648700202425e-05	1.18303527416842e-05
Master_Finiciomora_lag1	2.24114070717053e-07	2.52674914010282e-05	9.85862728473687e-06
vm_cadelantosefectivo_delta1	1.5022057315951e-07	9.02919328711439e-06	1.97172545694737e-06
vm_status05_lag1	1.47756104819412e-07	6.7547766956277e-07	5.91517637084212e-06
vm_status06_lag1	9.7931356933989e-08	2.0190305136794e-06	3.94345091389475e-06
mprestamos_hipotecarios	9.00994469685766e-08	3.20241187204081e-05	5.91517637084212e-06
Master_madelantodolares_avg6	7.24213172559232e-08	1.70257385204863e-07	9.85862728473687e-07
cseguro_vivienda_delta1	6.27722352930165e-08	8.30559939999373e-06	4.92931364236844e-06
Master_cadelantosefectivo	5.9917010218014e-08	2.35954528408913e-07	2.95758818542106e-06
Master_madelantodolares_lag1	5.45573515960722e-08	5.82021170075318e-07	9.85862728473687e-07
ccuenta_corriente	5.37047438118248e-08	5.88498353208112e-07	1.97172545694737e-06
Master_delinquency_delta1	4.51600708369069e-08	2.39655775913366e-06	1.08444900132106e-05
Visa_madelantopesos_lag1	3.80475353549159e-08	5.6407937279748e-05	2.46465682118422e-05
ctarjeta_master_lag1	3.34283830852919e-08	8.35556624130385e-07	2.95758818542106e-06
cliente_vip_avg6	3.26088392204886e-08	6.9278100164609e-06	3.94345091389475e-06
vm_status02_delta1	3.079021374099e-08	6.51419560783822e-07	2.95758818542106e-06
cprestamos_hipotecarios	2.32532215508e-08	1.56007582312716e-06	1.97172545694737e-06
cprestamos_hipotecarios_avg6	1.33811259637138e-08	1.6656539081917e-05	1.97172545694737e-06
cprestamos_hipotecarios_lag1	8.79949852772223e-09	7.30348663816293e-06	2.95758818542106e-06
Master_madelantopesos_delta1	2.7471865717877e-09	7.42377718205767e-06	5.91517637084212e-06
Visa_Finiciomora_delta1	2.25586384561157e-09	5.48617411347625e-06	1.97172545694737e-06
ccheques_depositados_rechazados_avg6	2.18712358469923e-09	3.05556487730161e-05	9.85862728473687e-07
cpayroll2_trx_avg6	7.05959911390344e-10	6.37169757891676e-06	6.90103909931581e-06
ccheques_depositados_rechazados_tend6	1.54557358950636e-10	3.88723519155232e-06	2.95758818542106e-06
mpayroll2_lag1	1.27196520430341e-10	1.51566085307372e-06	1.97172545694737e-06
vm_madelantopesos_lag1	1.20097077046595e-10	3.1460603787855e-08	9.85862728473687e-07
Visa_madelantodolares_tend6	1.04273178860761e-10	5.05220284357907e-07	1.97172545694737e-06
Visa_madelantodolares	2.78220373901809e-11	9.72502781795166e-07	3.94345091389475e-06
Master_cadelantosefectivo_lag1	1.5389868990578e-12	3.23859156639684e-08	9.85862728473687e-07
cseguro_auto_delta1	3.49897443899458e-13	3.53931792613369e-06	2.95758818542106e-06
Visa_madelantodolares_delta1	1.4144620075991e-13	1.36020845788667e-07	9.85862728473687e-07
cforex_buy_lag1	6.25825630477819e-14	6.01452719473699e-07	1.97172545694737e-06
cliente_vip_tend6	4.5427852975813e-15	5.66290868181391e-07	9.85862728473687e-07
minversion1_dolares_avg6	8.85531864300663e-16	8.95701896077755e-07	9.85862728473687e-07
mcheques_depositados_rechazados_tend6	7.76289559764228e-16	1.2029054389474e-07	9.85862728473687e-07
