Feature	Gain	Cover	Frequency
ctrx_quarter_normalizado	0.181865711375373	0.0035901382024122	0.0035865602522416
ctrx_quarter	0.0496839534871144	0.00475264724416572	0.00613853581633659
mcuentas_saldo	0.025784491925181	0.0108934394000013	0.00709429500443394
mprestamos_personales	0.0233925045588618	0.0177416643641664	0.0030446349394029
cpayroll_trx	0.0217938395026958	0.00502180204077446	0.000699576312937235
mtarjeta_visa_consumo	0.0162997240638625	0.0033117399213741	0.00154695043846684
mcaja_ahorro	0.015970443140651	0.00607181602202591	0.00633559956645975
mcomisiones_mantenimiento_tend6	0.0152670825293304	0.00936515297439981	0.00611882944132427
mpayroll_sobre_edad	0.014037209937069	0.00115498230443231	0.000472953000295596
mpayroll	0.0135467809375445	0.00146769277767152	0.000670016750418761
mpasivos_margen	0.0125065209597816	0.0108874474100948	0.00867080500541925
mcomisiones_avg6	0.00848168739790745	0.00278711530510427	0.00441422800275889
numero_de_cliente	0.00672809999083714	0.0107579021283139	0.0157059808848162
mcomisiones_otras_avg6	0.00669794418059306	0.00271707692308392	0.00333037737708149
mcaja_ahorro_lag1	0.00642490457668447	0.00212583866902476	0.00466055769041285
mrentabilidad_annual_avg6	0.00535225436014758	0.00785131977445184	0.00837520938023451
mpasivos_margen_avg6	0.00516118580607864	0.00627418918112833	0.0078332840673958
mactivos_margen	0.00508257996608565	0.0040651521522512	0.00482806187801754
ccomisiones_mantenimiento_tend6	0.00504291820559483	0.00656880993483967	0.00227608631392255
mrentabilidad_annual_tend6	0.00496631362425773	0.00854721310221953	0.0101684895063553
mrentabilidad_annual	0.00444336409283365	0.00561661553881113	0.00626662725391664
mcuenta_corriente_tend6	0.00430573121747051	0.00896498114848926	0.00790225637993891
mpasivos_margen_lag1	0.00429242901050033	0.00390348392458133	0.00667060794166913
cliente_edad_lag1	0.00421855088527198	0.00617392835001769	0.00909449206818406
mcuentas_saldo_tend6	0.0038994025769413	0.00340665101149637	0.00632574637895359
cliente_edad	0.0038324451858501	0.0073147741782629	0.00934082175583801
mrentabilidad_annual_lag1	0.00383009602210383	0.00291538833902834	0.00540939994088087
ctrx_quarter_tend6	0.00378767582839513	0.00488623676913416	0.00650310375406444
cliente_edad_avg6	0.00374437479790131	0.00681737776612715	0.0085427135678392
mactivos_margen_delta1	0.00373186556296047	0.00577402952364727	0.00541925312838703
ccomisiones_otras_avg6	0.00371250716704236	0.00551933145268617	0.00691693762932309
mprestamos_personales_lag1	0.00369839425757229	0.00320672784826694	0.0014385653758991
mcaja_ahorro_avg6	0.00368451658393747	0.00530371781588734	0.00708444181692778
mactivos_margen_avg6	0.00368407237817655	0.00703700939615767	0.00631589319144743
vm_status01_avg6	0.0036395295250261	0.0032615395059367	0.000610897625381811
mcuenta_corriente_lag1	0.00361208664438886	0.00572006136455663	0.00643413144152133
mcuenta_corriente_avg6	0.00360186037934025	0.00697445575152929	0.00735047787959405
mrentabilidad_annual_delta1	0.00359995149847428	0.00523685392851956	0.00822741156764213
ccomisiones_otras_tend6	0.0035822978607156	0.00426054807310677	0.00604985712878116
vm_status01	0.00348581901432197	0.00204124906151596	0.000305448812690906
Master_Fvencimiento	0.00348208723638051	0.00390263867600515	0.00550793181594246
ctransferencias_recibidas_avg6	0.00337475004634096	0.00390398267374119	0.0063947186914967
mactivos_margen_tend6	0.00325504735027111	0.00377363414331329	0.00642427825401517
mcuentas_saldo_delta1	0.00323269466353091	0.00499698008258705	0.00529116169080698
mtransferencias_recibidas_avg6	0.00312375105127323	0.0038867382027895	0.00586264656616415
ccomisiones_mantenimiento_avg6	0.00307508273205091	0.00350089710273883	0.00260124150162578
chomebanking_transacciones_avg6	0.00304430169430302	0.00420524466626536	0.00768548625480343
Visa_fechaalta	0.00304385831470085	0.00262987806997039	0.00402010050251256
mactivos_margen_lag1	0.00302280688795663	0.0036911935321845	0.00440437481525273
mcomisiones_mantenimiento	0.00299118514465408	0.00476939646595165	0.00299536900187211
mrentabilidad_tend6	0.0029760899430314	0.00467041663268318	0.00641442506650902
Master_fechaalta	0.00294875271061814	0.00216000211147644	0.00427628337767268
mcomisiones_tend6	0.00292737087616418	0.00297688148544314	0.00492659375307912
mprestamos_personales_tend6	0.00290874902320814	0.00887872029379567	0.00259138831411962
mpasivos_margen_tend6	0.0028912611990235	0.00328117622285865	0.00579367425362105
vm_Fvencimiento_avg6	0.0028334373858098	0.00420545816590572	0.00559661050349788
vm_Fvencimiento_lag1	0.00277850203808389	0.00434439743186253	0.00475908956547443
mcaja_ahorro_tend6	0.00275318579538044	0.00207854849868505	0.00468026406542517
Master_Fvencimiento_avg6	0.00274295687850755	0.00363128063310777	0.00568528919105331
chomebanking_transacciones_tend6	0.00272824896003697	0.00324706878031264	0.00543895950339935
vm_Fvencimiento	0.00271466004245981	0.00279718303814517	0.00434525569021579
Master_Fvencimiento_lag1	0.00266313379671094	0.00423624061405269	0.00501527244063455
mcuentas_saldo_avg6	0.00263335366715075	0.00567722493671459	0.00633559956645975
mcuenta_corriente	0.00256236242482063	0.00489767999985804	0.00579367425362105
cliente_antiguedad	0.00253023507880449	0.00429510176490108	0.00622721450389201
cliente_antiguedad_lag1	0.00252428766512214	0.0046974645871209	0.00594147206621342
cliente_antiguedad_avg6	0.0025238050924852	0.00421463865044119	0.00509409794068381
Visa_Fvencimiento_lag1	0.00251450107198311	0.00249721079344842	0.00476894275298059
mrentabilidad	0.00251050538510366	0.00315561743436243	0.00518277662823924
ctrx_quarter_normalizado_tend6	0.00250505544090197	0.00241633117969013	0.00438466844024042
cproductos_tend6	0.0024782875913052	0.00509746666331741	0.00164548231352843
Visa_mpagominimo_avg6	0.00247481802440733	0.00157368659912492	0.00209872893881171
Visa_fechaalta_lag1	0.00240771364352588	0.00200391462440582	0.0034683220021677
mautoservicio	0.00238774117176506	0.000948389902437209	0.00110355700068972
Visa_mpagospesos_tend6	0.00238421819974929	0.00298673046885253	0.0033500837520938
mrentabilidad_lag1	0.00237179722539932	0.00252086900359616	0.00422701744014189
chomebanking_transacciones	0.00235930359565278	0.0023816392381287	0.00456202581535127
cdescubierto_preacordado	0.00234570779091665	0.00234020280792837	0.000670016750418761
mcuentas_saldo_lag1	0.00233721285470541	0.00376188291310823	0.00535028081584393
mrentabilidad_delta1	0.00233210266070535	0.0038058113391108	0.00568528919105331
mcomisiones_mantenimiento_delta1	0.00232096317457843	0.00629489689624618	0.00302492856439058
mrentabilidad_avg6	0.0022942394069088	0.00379081036437994	0.00506453837816534
ccallcenter_transacciones_avg6	0.0022897642754132	0.00181779893791769	0.00163562912602227
Visa_Fvencimiento	0.00226995974335067	0.00293882429955047	0.00506453837816534
Visa_Fvencimiento_avg6	0.00222888268992001	0.00339988727288989	0.00534042762833777
mcomisiones_delta1	0.0022127135532092	0.0020549672884076	0.00344861562715538
ctarjeta_visa_transacciones	0.00219908632295914	0.000910015967078104	0.00149768450093605
ctransferencias_recibidas_tend6	0.00216932931142623	0.00196539368929433	0.00357670706473544
cmobile_app_trx_avg6	0.00215217749968244	0.00226966042675701	0.00447334712779584
chomebanking_transacciones_lag1	0.00213023355732826	0.00150508321468733	0.00387230268992019
thomebanking_avg6	0.0021192462816853	0.00255181070147487	0.00490688737806681
mcomisiones_mantenimiento_avg6	0.00210805460053203	0.00296660900274714	0.00352744112720465
Master_mfinanciacion_limite_tend6	0.00210390185401705	0.00251407376504274	0.00435510887772194
Visa_cconsumos_avg6	0.00210278377941906	0.00132673051512245	0.00242388412651493
ccajas_consultas_tend6	0.00208268702505455	0.00623961273937234	0.00144841856340526
mcaja_ahorro_delta1	0.00208234677140074	0.00187622258950305	0.00338949650211844
Visa_cconsumos_tend6	0.00203778644720672	0.00217370633839167	0.00290669031431668
ccaja_seguridad	0.0020188796205617	0.00651621027344379	0.000768548625480343
mcuenta_corriente_delta1	0.00199974531114765	0.00510720014692135	0.00522218937826387
Visa_fechaalta_avg6	0.00199376006145846	0.00172938908684408	0.00315302000197064
mtransferencias_recibidas_tend6	0.00197748525975026	0.00239328546851063	0.00352744112720465
thomebanking_tend6	0.00197032675491834	0.00765060036256369	0.00434525569021579
ctrx_quarter_avg6	0.00196027872561879	0.00400720449986402	0.00533057444083161
vm_fechaalta	0.00194340137384209	0.00252142375266169	0.00337964331461228
tcallcenter_tend6	0.00194140464552214	0.00384053653061621	0.00147797812592374
mautoservicio_avg6	0.00193961755862732	0.00201642010334034	0.00252241600157651
mcaja_ahorro_dolares_lag1	0.00193224405355568	0.00108838791661055	0.00194107793871317
ctrx_quarter_delta1	0.00191278681042795	0.0022655811836285	0.00354714750221697
Master_fechaalta_lag1	0.0019104623938911	0.00213442590455956	0.00371465168982166
vmr_msaldopesos_lag1	0.00190265496399482	0.000532744602591717	0.000857227313035767
Master_fechaalta_avg6	0.00189830652034535	0.00233459931736745	0.00385259631490787
ccallcenter_transacciones_tend6	0.00189322414913409	0.00393756861716566	0.00160606956350379
mpasivos_margen_delta1	0.00187863432146893	0.00190024304904058	0.00366538575229087
cproductos	0.00186515046957031	0.00242962940728926	0.00227608631392255
mttarjeta_visa_debitos_automaticos_tend6	0.0018124055340954	0.0032892244593014	0.00218740762636713
Master_mfinanciacion_limite_delta1	0.00180988669066779	0.00164158648474757	0.00319243275199527
vm_mfinanciacion_limite_tend6	0.00178923431378152	0.00173299583076852	0.00315302000197064
cproductos_delta1	0.00174760467102919	0.00122476868687715	0.000275889250172431
vm_status04_tend6	0.00174518546693005	0.000644884413692205	0.000197063750123165
Master_mfinanciacion_limite	0.00172996188603041	0.00162521351232784	0.00295595625184747
ctarjeta_debito_transacciones_avg6	0.00172473223955303	0.00101354754267916	0.00239432456399645
Visa_mfinanciacion_limite_tend6	0.00172076025605182	0.00311192700795896	0.00360626662725392
ctarjeta_debito_avg6	0.00170902226651562	0.00219667154970677	0.00400039412750025
mttarjeta_visa_debitos_automaticos_avg6	0.00169962797636238	0.000761906716568136	0.00168489506355306
Visa_mpagospesos_delta1	0.00169454069802846	0.000910441216361771	0.00236476500147798
vmr_msaldopesos2	0.00169292471144702	0.00115478105477131	0.00234505862646566
cdescubierto_preacordado_avg6	0.00167331532805071	0.00692859007879001	0.00158636318849148
mcomisiones_otras_tend6	0.00167292732625281	0.00366806557114355	0.00355700068972313
cmobile_app_trx_tend6	0.00167145549711812	0.00331850365998059	0.00278845206424278
cproductos_avg6	0.00165485199505224	0.0038438492750359	0.00479850231549906
mcomisiones_lag1	0.00165160856123794	0.00139444140106346	0.00301507537688442
Master_mfinanciacion_limite_avg6	0.00164430321808567	0.0013927036539907	0.00262094787663809
ctrx_quarter_normalizado_avg6	0.00162326181059552	0.00342821972516387	0.00427628337767268
mcuenta_debitos_automaticos	0.00161982166561101	0.00178794398820835	0.0008966400630604
mtransferencias_emitidas_avg6	0.00161477451888373	0.00108516617203758	0.0023352054389595
ccomisiones_otras_lag1	0.00159868508899743	0.00139415615154396	0.0022662331264164
mtransferencias_emitidas_tend6	0.00158761333538277	0.00206364902378322	0.00187210562617007
mcaja_ahorro_dolares_delta1	0.00156294271032548	0.002123362423196	0.00159621637599764
vm_fechaalta_avg6	0.00156098186355745	0.0017970229729148	0.00277859887673662
vmr_msaldototal	0.00155106020308516	0.000691201585670929	0.000876933688048084
Visa_mlimitecompra_tend6	0.00152784794202563	0.0019685751839351	0.00297566262685979
Visa_mfinanciacion_limite_avg6	0.00150438825752147	0.00163498199587283	0.00317272637698295
Visa_msaldopesos_tend6	0.00150056258798458	0.000722330533234217	0.001556803625973
Visa_mconsumospesos_tend6	0.00149361387814339	0.00135630371530639	0.00256182875160114
mtransferencias_recibidas	0.00149011407211701	0.00191515302392473	0.00267021381416888
cliente_edad_tend6	0.00148196994295638	0.00203117782848095	0.00437481525273426
Visa_mpagominimo_delta1	0.00147964522266403	0.00113196459320564	0.00178342693861464
Visa_msaldopesos_avg6	0.001467425427217	0.000894502243210971	0.00123164843826978
Visa_cconsumos_lag1	0.00146705908129032	0.000651219403020916	0.00141885900088679
Master_fultimo_cierre_avg6	0.00145771827948504	0.00296105101210957	0.00262094787663809
Visa_mfinanciacion_limite	0.00143853601979594	0.00279804403669482	0.00359641343974776
Visa_mpagominimo	0.00143063696427921	0.000939195417925318	0.00182283968863927
vmr_msaldopesos2_tend6	0.00142399074817287	0.00225307045470282	0.00262094787663809
mtarjeta_master_consumo	0.00141837895138464	0.000374975368353992	0.000216770125135481
ccomisiones_otras	0.00141576569298019	0.00125710688240346	0.00240417775150261
mcaja_ahorro_dolares_tend6	0.00141306063580733	0.00211890693070128	0.0023352054389595
ctarjeta_visa_debitos_automaticos_avg6	0.00140017648994109	0.000838407837701997	0.00138929943836831
ctarjeta_visa_transacciones_tend6	0.00139576110270394	0.000708796056033044	0.00171445462607153
mv_status07_avg6	0.00137478447900399	0.00138468691749489	0.000788255000492659
Visa_mpagominimo_tend6	0.00136224151383407	0.00124898339608747	0.00207902256379939
vm_msaldopesos	0.00135423310713604	0.000389237844328851	0.000768548625480343
vm_mpagospesos_tend6	0.00135132694133668	0.00134540823365983	0.00164548231352843
Master_mlimitecompra_tend6	0.00135112981228972	0.00114534332066918	0.00173416100108385
mcomisiones_otras	0.00133086673363888	0.00145130930526948	0.00273918612671199
mcuenta_debitos_automaticos_lag1	0.00132787628587899	0.000861535798742947	0.000699576312937235
mcaja_ahorro_dolares_avg6	0.0013270140841437	0.00192783350256447	0.00296580943935363
Visa_msaldopesos	0.00132645432670822	0.000850876566698423	0.00110355700068972
vmr_msaldopesos_delta1	0.00131618359870091	0.00148104175518516	0.000916346438072716
mcuenta_debitos_automaticos_avg6	0.00131170966766052	0.00121530470281923	0.00109370381318357
cdescubierto_preacordado_tend6	0.00131085693950867	0.00638101425118149	0.000788255000492659
Visa_mconsumospesos_avg6	0.00130899955461311	0.00130593530015199	0.00232535225145335
Visa_mfinanciacion_limite_delta1	0.0012828345565052	0.00199214589423024	0.0031628731894768
mcomisiones_otras_lag1	0.00128105286696211	0.00171880860466691	0.00286727756429205
Visa_mpagospesos_avg6	0.00128098277728437	0.00170794812296139	0.00227608631392255
cpayroll_trx_lag1	0.00127862899900236	0.00013182727793695	0.000108385062567741
vmr_mpagado_avg6	0.00127409084265355	0.0017143671121486	0.00241403093900877
Visa_mconsumospesos	0.00126816846011476	0.000979769099578952	0.00200019706375012
chomebanking_transacciones_delta1	0.00123484585358118	0.00138077917407748	0.00263080106414425
mcomisiones	0.00123240081125163	0.00184912388515082	0.00335993693959996
mttarjeta_visa_debitos_automaticos_delta1	0.00121548674558968	0.0011650395374909	0.00133018031333136
vmr_mpagominimo	0.00121133660909229	0.0013658411992405	0.00144841856340526
ccaja_ahorro	0.00118953606632209	0.00193918048345048	0.000630604000394128
mtransferencias_recibidas_delta1	0.00118772378399421	0.00103788475168314	0.0017932801261208
vmr_mpagospesos_tend6	0.0011858937278448	0.000992437328239321	0.00176372056360233
vm_cconsumos_avg6	0.0011755340433901	0.00114547457044809	0.00139915262587447
vmr_msaldopesos2_avg6	0.00117075732694531	0.000950003399719273	0.00205931618878707
ctrx_quarter_normalizado_delta1	0.00117064436339674	0.00108934166500397	0.00201005025125628
ctransferencias_emitidas_tend6	0.00116790778055674	0.00101798728520042	0.00141885900088679
vm_mpagominimo	0.00116469572708458	0.000824868110509668	0.00142871218839295
vm_cconsumos_lag1	0.00116242591387358	0.000540292339877554	0.000906493250566558
Visa_fultimo_cierre_avg6	0.00116106243910331	0.00144443531684871	0.00216770125135481
mtransferencias_recibidas_lag1	0.00115937821063315	0.00104179949508875	0.00227608631392255
mcomisiones_otras_delta1	0.00115380347248871	0.0019834834088222	0.00218740762636713
vmr_Master_mlimitecompra	0.00114730902450174	0.00247312733401701	0.00181298650113312
cpayroll_trx_avg6	0.00114613694015934	0.00265763652321128	0.000985318750615824
vm_msaldototal	0.00113954491600987	0.000603780482931777	0.000788255000492659
Visa_msaldototal_tend6	0.00113782524024742	0.000758875721673847	0.00138929943836831
active_quarter_avg6	0.00113423123967581	0.00632138835162132	0.00606956350379348
mcuenta_debitos_automaticos_tend6	0.00112266752598144	0.00283755897013192	0.00137944625086215
mcaja_ahorro_dolares	0.0011207486401674	0.00152815867581671	0.00194107793871317
Visa_mconsumosdolares_avg6	0.00111679949013359	0.000464120218189493	0.00133018031333136
cextraccion_autoservicio_avg6	0.00111629346876755	0.000812681131038635	0.00146812493841758
Visa_cconsumos	0.00110479193546907	0.00048929217578733	0.00130062075081289
cprestamos_personales_tend6	0.00109267832386279	0.00261498034506561	0.000995171938121982
Visa_mpagospesos_lag1	0.00109162544538296	0.00130423430301732	0.00188195881367622
Visa_mpagado_avg6	0.00109047001096249	0.00088271951305898	0.00217755443886097
vm_mfinanciacion_limite	0.00108552436879939	0.000855316309219677	0.00168489506355306
vm_mlimitecompra_tend6	0.00108540720198704	0.00177868125381143	0.00262094787663809
Visa_mpagominimo_lag1	0.00106135965915678	0.000868822786468016	0.0016750418760469
ctransferencias_recibidas	0.00105013059904024	0.000745223994670181	0.00128091437580057
Master_status_avg6	0.00104798630435947	0.00118630200167428	0.000206916937629323
vm_fechaalta_lag1	0.0010399233129435	0.00156509411359897	0.00283771800177357
vm_mpagospesos_delta1	0.00103960516132442	0.000589474257030614	0.00127106118829441
vm_mpagominimo_avg6	0.00102279667082478	0.00123135392578431	0.00160606956350379
ctrx_quarter_normalizado_lag1	0.000999736247636113	0.00249298630056458	0.00322199231451375
vm_fultimo_cierre_avg6	0.000996598668846226	0.000834522844246269	0.00196078431372549
Visa_mlimitecompra_delta1	0.000986568591804756	0.00195648970429309	0.00248300325155188
vmr_mpagospesos_lag1	0.000982917262083293	0.00104826048420521	0.00130062075081289
vmr_mpagominimo_tend6	0.000981644757884984	0.00204207331012751	0.00183269287614543
matm_avg6	0.000977787623640447	0.000789339670357325	0.00129076756330673
vmr_mpagominimo_avg6	0.000970858684419241	0.00105668147002006	0.00165533550103458
mtarjeta_visa_consumo_tend6	0.000966538622536275	0.000820776617401788	0.00149768450093605
vmr_msaldototal_tend6	0.000962953819361448	0.000932193679719746	0.00123164843826978
ctarjeta_debito_transacciones_tend6	0.000961370102455236	0.0011282300994964	0.00140900581338063
Visa_fultimo_cierre_tend6	0.000954418757784146	0.00615320488492637	0.00173416100108385
vmr_Visa_mlimitecompra	0.000948108760710341	0.00155816237527548	0.00189181200118238
vmr_Visa_mlimitecompra_avg6	0.000943613003272828	0.00158839532434808	0.00168489506355306
vm_mpagado_tend6	0.00093602076018681	0.000996105322060585	0.00108385062567741
Visa_mconsumospesos_delta1	0.000933557683067516	0.000581107521124381	0.00172430781357769
vmr_mpagospesos	0.000927425107059718	0.000525147865388421	0.00116267612572667
mpagomiscuentas_tend6	0.000918818106214724	0.000817395623097073	0.00116267612572667
Master_msaldopesos_tend6	0.000909174008626146	0.000674377114011751	0.00050251256281407
vmr_msaldopesos2_delta1	0.00089294872972039	0.00187749308736289	0.00175386737609617
vm_cconsumos_tend6	0.000891521747719837	0.000768308205784827	0.0014385653758991
mextraccion_autoservicio_avg6	0.000890323959333125	0.000667044626363327	0.00144841856340526
vm_msaldototal_lag1	0.000886699253764629	0.000568565292251765	0.000541925312838703
cproductos_lag1	0.000878404942466962	0.00304738011668819	0.00192137156370086
Visa_msaldopesos_delta1	0.000875420117154989	0.00119836648135166	0.0012513548132821
ctrx_quarter_lag1	0.000872563175780551	0.00336934632433612	0.0043649620652281
mpagomiscuentas_avg6	0.00087222820423101	0.000872606280094721	0.00121194206325746
Visa_cconsumos_delta1	0.000864817661541184	0.000462042971688614	0.00104443787565277
vmr_msaldopesos2_lag1	0.000863450341960856	0.00109567140434152	0.00185239925115775
vm_mpagominimo_tend6	0.000863075461569985	0.00119832623141946	0.00134003350083752
vm_mpagospesos_lag1	0.000862318599972985	0.000524208116971427	0.00104443787565277
mv_status07	0.000860851641789108	0.00101621103819251	0.000660163562912602
vm_mfinanciacion_limite_avg6	0.000855822413113104	0.00091278971240573	0.00152724406345453
mttarjeta_visa_debitos_automaticos	0.000855311904592	0.000409560560095237	0.00126120800078826
ctarjeta_visa_transacciones_avg6	0.000854702684225741	0.000630326188215536	0.00134988668834368
cpagomiscuentas_tend6	0.000847547036079609	0.000923371944579959	0.000975465563109666
ctransferencias_emitidas_avg6	0.00083594120341002	0.00071671304269688	0.00176372056360233
vm_status04_delta1	0.000835679433881859	0.00580527222101894	0.000660163562912602
Master_mfinanciacion_limite_lag1	0.000828351314077231	0.00103422025785598	0.00190166518868854
Master_mlimitecompra_delta1	0.000825743879325765	0.00243827789272089	0.00239432456399645
mprestamos_personales_delta1	0.000824477890824428	0.00484903358180293	0.00153709725096069
ctarjeta_debito_transacciones	0.000818004166609131	0.000430023275625792	0.000807961375504976
vmr_mpagominimo_lag1	0.000816734915798807	0.00047769144532876	0.00112326337570204
vmr_mconsumospesos_avg6	0.000816728148185077	0.000669232122678489	0.00144841856340526
mextraccion_autoservicio_tend6	0.000815568833635453	0.00123426767087611	0.0010148783131343
vm_fultimo_cierre_lag1	0.000800045706004535	0.000840549834093804	0.0016750418760469
vmr_mconsumospesos	0.000797971367403082	0.000533903100640227	0.00110355700068972
Visa_mpagospesos	0.000797234792284492	0.00157419409827004	0.00184254606365159
mcomisiones_mantenimiento_lag1	0.000795937336973234	0.00269520720992345	0.00193122475120702
Master_mpagominimo	0.000794241701973112	0.000393563837041717	0.000423687062764804
mautoservicio_lag1	0.000791653619592811	0.000949432900680279	0.0011331165632082
vmr_Master_mlimitecompra_tend6	0.000790725808124102	0.0035738299798834	0.00201005025125628
vm_mconsumospesos_tend6	0.000789764137327588	0.000541072838562804	0.00114296975071436
tcallcenter_avg6	0.000787744888618237	0.000287403765868356	0.000650310375406444
ccomisiones_mantenimiento_delta1	0.000784297793882527	0.00203693181878835	0.000492659375307912
Master_msaldototal_tend6	0.000783269667688018	0.00121627245118906	0.000709429500443394
vmr_mpagominimo_delta1	0.000778961304529622	0.000599265490537281	0.000926199625578875
Visa_Fvencimiento_tend6	0.000773691308678313	0.00180831745388925	0.00139915262587447
vmr_Master_mlimitecompra_avg6	0.000769582354818743	0.00192306126060331	0.00183269287614543
Master_fultimo_cierre_tend6	0.000766553487228219	0.00554054491695209	0.00196078431372549
Visa_mconsumototal_tend6	0.000757228215297432	0.000455100733382815	0.00100502512562814
vmr_msaldopesos_tend6	0.000753147153397851	0.000868180537549885	0.00117252931323283
vmr_mpagado_tend6	0.000751398069786219	0.000397079581119446	0.000965612375603508
vm_mconsumospesos_avg6	0.000742464173229085	0.00100680480403731	0.00126120800078826
vmr_Visa_mlimitecompra_lag1	0.000741742766958536	0.00129812856330244	0.001556803625973
Visa_mfinanciacion_limite_lag1	0.000741417805124452	0.000969050367634656	0.00187210562617007
matm_tend6	0.000737326233794727	0.00119992047873395	0.000995171938121982
vmr_msaldopesos	0.000730353899385313	0.000497874161330975	0.000926199625578875
cprestamos_personales_avg6	0.000706528831693864	0.00557131161512558	0.001369593063356
ctransferencias_recibidas_lag1	0.000704982389361328	0.00080163514964559	0.00111341018819588
Visa_msaldototal_delta1	0.000704734000328784	0.000888953002558667	0.00127106118829441
Master_fultimo_cierre	0.000701508739579453	0.00314444020319048	0.0020297566262686
mpayroll_tend6	0.000699847636464119	0.000807522139728956	0.000551778500344862
Visa_msaldototal_avg6	0.000697332794787578	0.000994691324442464	0.00122179525076362
mautoservicio_tend6	0.000691631109859147	0.000981921595953072	0.001556803625973
cextraccion_autoservicio_tend6	0.000690079415449596	0.00160623654429454	0.00106414425066509
catm_trx_other_tend6	0.000679358399083041	0.00174320006357949	0.000699576312937235
vm_fultimo_cierre	0.000675905185989896	0.00111570712059136	0.00142871218839295
ccallcenter_transacciones	0.000675081586685226	0.00131840927913957	0.000453246625283279
Master_fultimo_cierre_lag1	0.000670149424410998	0.0013347420016271	0.00142871218839295
ccajas_consultas	0.000667781218299891	0.000910248716686037	0.000197063750123165
mtransferencias_emitidas	0.00066479992887348	0.00139314640324488	0.000975465563109666
Visa_mpagado_tend6	0.000658908042334734	0.000550493072694419	0.00127106118829441
ccaja_seguridad_avg6	0.000645534327997605	0.00324026479177396	0.000403980687752488
vm_mpagospesos_avg6	0.000644947016360507	0.000784952427747636	0.001369593063356
matm_other_avg6	0.000640104891533633	0.00119006449533636	0.000876933688048084
Master_msaldototal	0.000638096515444258	0.000700361070241777	0.000364567937727855
Visa_mconsumototal_avg6	0.000629695078767541	0.000562589052318741	0.0008966400630604
Visa_mconsumosdolares_tend6	0.000628488905066503	0.000572429285742868	0.00114296975071436
cprestamos_personales	0.000624673026133171	0.00414495026783127	0.000906493250566558
vmr_mconsumosdolares_avg6	0.000622980726745203	0.000226173119011381	0.00056163168785102
mtransferencias_emitidas_delta1	0.000617677667377094	0.000546634329194473	0.000610897625381811
ccaja_ahorro_avg6	0.000613967008189339	0.00108717866864753	0.000453246625283279
catm_trx_avg6	0.00061238966754769	0.000469818208591228	0.000995171938121982
mpayroll_sobre_edad_avg6	0.000612362573472713	0.000638510924428348	0.000551778500344862
mpagomiscuentas	0.000608348618237589	0.000738698255662788	0.000581338062863336
ccheques_depositados_avg6	0.000608248309890592	0.000698927822656083	0.000128091437580057
vmr_mconsumospesos_delta1	0.000604536717539177	0.000700611319820232	0.000916346438072716
Visa_mconsumospesos_lag1	0.000600875861285912	0.000514488633343897	0.00141885900088679
mpayroll_avg6	0.000600076609807301	0.00068073485330214	0.000679869937924919
vm_msaldopesos_tend6	0.000598888650756127	0.000385125351256346	0.00095575918809735
vm_mpagominimo_lag1	0.000597856815203741	0.000530242106807171	0.000945906000591191
Master_mlimitecompra_avg6	0.000597051089944552	0.000850542317261467	0.00110355700068972
cpagomiscuentas_avg6	0.000592028978407842	0.00058532151402591	0.00108385062567741
Visa_msaldototal	0.000589710207108069	0.000833856095369407	0.00137944625086215
vm_mpagado_avg6	0.000583646595277571	0.00084029958451535	0.00172430781357769
ctarjeta_visa_transacciones_lag1	0.000583108923824632	0.000342491923072356	0.000936052813085033
Visa_fultimo_cierre_lag1	0.00058201380576164	0.000825309109766805	0.00133018031333136
vmr_mconsumospesos_tend6	0.000577216821211815	0.000737058508424943	0.00110355700068972
mtarjeta_visa_consumo_avg6	0.000576281838932883	0.00104218099444611	0.0011331165632082
ccajas_transacciones_tend6	0.00057229781400541	0.000868917286308831	0.00056163168785102
vmr_msaldototal_lag1	0.000571020953234185	0.000408851811289124	0.000679869937924919
vm_mfinanciacion_limite_delta1	0.000568425367758204	0.000966999371089559	0.00199034387624397
ctarjeta_debito_transacciones_delta1	0.000564769650424598	0.000853718561911083	0.000758695437974185
vm_mpagominimo_delta1	0.000556843414974642	0.000453924735363783	0.000906493250566558
vm_cconsumos	0.000555581773504002	0.000393164837713831	0.000738989062961868
Visa_msaldototal_lag1	0.000552757694608748	0.00125347913851439	0.000995171938121982
vmr_mconsumospesos_lag1	0.000545059164221954	0.000443988252101789	0.00103458468814662
thomebanking	0.000543299806502892	0.000490891673092977	0.000857227313035767
vm_msaldototal_delta1	0.000541595122307512	0.000692116834129193	0.000601044437875653
vm_status01_tend6	0.000541177112793992	0.00228963139311592	0.00050251256281407
foto_mes	0.000539174723365321	0.00047556344891337	0.00107399743817125
ccuenta_debitos_automaticos_tend6	0.000533020906148842	0.00171619760906513	0.000768548625480343
catm_trx_tend6	0.000530756079737927	0.000730030520263589	0.000807961375504976
vm_mlimitecompra_delta1	0.000528124382409169	0.000994003575600977	0.001369593063356
Visa_fultimo_cierre	0.00052213721180225	0.00121894119669355	0.00141885900088679
vm_mconsumospesos_delta1	0.000516573591250798	0.000249759579279989	0.000689723125431077
vm_status04	0.000513635907702618	0.000248013082221963	5.91191250369495e-05
vm_msaldototal_tend6	0.000507914557524564	0.000538029593689149	0.000916346438072716
Master_cconsumos_tend6	0.00050402940064679	0.000600436238565156	0.000522218937826387
cplazo_fijo_avg6	0.000498335626853191	0.000577824526654585	0.00022662331264164
Visa_mlimitecompra_avg6	0.000497615095034683	0.000716550292971032	0.00108385062567741
ctarjeta_visa_debitos_automaticos_tend6	0.000494189946471838	0.00117988476248412	0.000975465563109666
vmr_Visa_mlimitecompra_tend6	0.00048715920842751	0.00337608556298387	0.00116267612572667
ccajas_otras_avg6	0.000485398292484814	0.00164863022288239	0.000522218937826387
Visa_mpagado_delta1	0.000484289646490454	0.000524894115815862	0.000512365750320229
Master_mpagospesos_tend6	0.000483606086331822	0.000668266124305714	0.000660163562912602
catm_trx_other_avg6	0.000479694585624123	0.000591044004386375	0.000463099812789437
Visa_msaldopesos_lag1	0.000478987380112103	0.000655888395155998	0.000798108187998818
vm_Fvencimiento_tend6	0.000475725347335021	0.00143296058617789	0.00105429106315893
ccuenta_debitos_automaticos_avg6	0.000471950241518882	0.00118602550214004	0.00102473150064046
mtarjeta_visa_consumo_lag1	0.000471497341318607	0.000331897440918761	0.000699576312937235
mextraccion_autoservicio_delta1	0.000469257816289742	0.000606048479111337	0.000610897625381811
ctarjeta_visa_transacciones_delta1	0.000467677071558463	0.0010698151978963	0.000532072125332545
mcuenta_debitos_automaticos_delta1	0.000465089861480582	0.00102271052724412	0.00072913587545571
vmr_msaldodolares2_avg6	0.000461144400128082	0.000906188723525095	0.000403980687752488
Master_mlimitecompra	0.000460042900261243	0.00142025035758827	0.00166518868854074
Master_fechaalta_tend6	0.000447634566565657	0.000518912625891682	0.000670016750418761
ccallcenter_transacciones_lag1	0.000442824264141565	0.000893471494947267	0.000275889250172431
vmr_mpagospesos_avg6	0.000436232273663469	0.000441288006650353	0.00115282293822051
ctarjeta_visa_debitos_automaticos_lag1	0.000434534250814995	0.00021702763441695	0.00039412750024633
vm_mconsumospesos	0.000431785493763334	0.000402599071821864	0.000975465563109666
Master_cconsumos_lag1	0.000430671095701209	9.32433429315888e-05	0.000137944625086215
cseguro_accidentes_personales_avg6	0.000430069127476001	0.000799200903746078	0.000709429500443394
Master_mconsumospesos_tend6	0.000429294958427287	0.000695268578820079	0.000601044437875653
ctransferencias_emitidas	0.000426216774888843	0.000325026952492099	0.000413833875258646
tcallcenter	0.000421404155516088	0.000155338488332316	7.88255000492659e-05
ctarjeta_master_transacciones_avg6	0.000420568860331653	0.00129007332687148	0.000384274312740171
vmr_msaldopesos_avg6	0.000419687633028853	0.000659276389448922	0.000975465563109666
vm_msaldopesos_avg6	0.00041673965465733	0.000540169840083904	0.000758695437974185
mtarjeta_visa_descuentos_avg6	0.000415644087671227	0.00110213939344619	0.00033500837520938
ccajas_consultas_avg6	0.000413956160308659	0.000993905575766058	0.00050251256281407
vm_mconsumospesos_lag1	0.000413000218409556	0.000294438754017919	0.000827667750517292
vmr_mconsumosdolares	0.000412467880026685	0.000317755714740499	0.000256182875160114
cprestamos_personales_lag1	0.000405702639591347	0.00216364910533308	0.000443393437777121
ccajas_transacciones_avg6	0.000404050945488787	0.000610066472343027	0.000679869937924919
Master_msaldopesos_avg6	0.00040026821193245	8.36026091714049e-05	0.000354714750221697
Master_cconsumos_avg6	0.000398705165054157	0.000524876615845341	0.000512365750320229
vm_fultimo_cierre_tend6	0.000397579040328887	0.00201646385326664	0.0010148783131343
Master_mlimitecompra_lag1	0.000396976257945982	0.0004648657169337	0.000778401812986501
tcuentas_avg6	0.000396860235751078	0.00404053844371299	0.00124150162577594
ctarjeta_debito	0.000396715273099364	0.000615587713042497	0.00105429106315893
mplazo_fijo_dolares_delta1	0.000395203115044241	0.00139194240527302	0.000236476500147798
vm_mfinanciacion_limite_lag1	0.000394432205941331	0.000609844222717407	0.00108385062567741
Visa_mlimitecompra	0.000393833018987388	0.000708535306472276	0.00104443787565277
ccomisiones_mantenimiento	0.000393151865921951	0.00193562448944055	0.000492659375307912
vm_mconsumosdolares_tend6	0.000391319643535309	0.000475062949756461	0.000453246625283279
Visa_mpagado_lag1	0.000387149973983851	0.000202534158831209	0.00039412750024633
vmr_mconsumototal_lag1	0.00038672656958996	0.000143351008525226	0.00033500837520938
Visa_mconsumototal_delta1	0.000386522579186459	0.000256677317627059	0.00056163168785102
mtarjeta_master_consumo_avg6	0.000384493865746441	0.000198962414847812	0.000256182875160114
Master_mpagado_avg6	0.000384356372702502	0.000250424578159798	0.000551778500344862
mforex_sell_tend6	0.000384308191260827	0.000498645910030965	0.000472953000295596
vm_msaldototal_avg6	0.000384118733571137	0.000445624499345531	0.0008966400630604
mttarjeta_visa_debitos_automaticos_lag1	0.00038319836337203	0.000339474928154484	0.000936052813085033
active_quarter_tend6	0.000380300695258055	0.00772851723131272	0.00242388412651493
mprestamos_personales_avg6	0.000378652348784289	0.000917189204994784	0.000738989062961868
mplazo_fijo_dolares	0.000377493815115228	0.00328432271755838	0.000443393437777121
mautoservicio_delta1	0.000376570171968596	0.000676177860978393	0.000699576312937235
Visa_mlimitecompra_lag1	0.000376061141813897	0.000684016097774883	0.000798108187998818
vmr_mconsumosdolares_tend6	0.000375963895317288	0.00023622860207292	0.000295595625184747
ctarjeta_debito_lag1	0.000374340933496866	0.000759134721237562	0.000965612375603508
thomebanking_delta1	0.000374118504549859	0.00144664031313439	0.000670016750418761
vmr_Master_mlimitecompra_lag1	0.000371854610146646	0.00155109763717603	0.00128091437580057
mpayroll_delta1	0.000371783579305676	0.000737630757460989	0.000413833875258646
Master_mconsumototal	0.000371696642375821	9.50510898864391e-05	8.86786875554242e-05
ctransferencias_recibidas_delta1	0.000370478681318843	0.000634191931703691	0.000679869937924919
ccajas_extracciones_tend6	0.000358435896125784	0.000912402963057209	0.00039412750024633
mtarjeta_visa_consumo_delta1	0.000355852708356853	0.000471044956524771	0.000876933688048084
cmobile_app_trx_lag1	0.000354099048191252	0.00105218922758725	0.00102473150064046
mpagomiscuentas_delta1	0.000353566214192349	0.000938148919688145	0.000463099812789437
vmr_msaldototal_avg6	0.000353092271820654	0.000843201079627781	0.00108385062567741
ctarjeta_debito_transacciones_lag1	0.000346258061210211	0.000203981406393321	0.000630604000394128
mpagomiscuentas_lag1	0.000344783029943948	0.000376693865459184	0.000541925312838703
Master_msaldopesos	0.000344194443148255	0.00025914306347351	0.000256182875160114
ccaja_ahorro_lag1	0.000342442310342941	0.000381025108163205	0.000236476500147798
vmr_mpagospesos_delta1	0.000338554024700185	0.000423567536500485	0.0010148783131343
matm	0.000337006990892322	0.000379798360229662	0.000354714750221697
Visa_mconsumosdolares_lag1	0.000334091765853231	0.000283952771681556	0.000443393437777121
Master_msaldopesos_lag1	0.000331216588213428	0.000842119581449565	0.000295595625184747
ctarjeta_master_transacciones	0.000330074353858619	0.000347328914924443	0.000108385062567741
vm_msaldopesos_delta1	0.000328022905985535	0.000848414320846077	0.00072913587545571
Visa_fechaalta_tend6	0.000327712161544649	0.00384320352612366	0.000876933688048084
mttarjeta_master_debitos_automaticos_tend6	0.000326562134759315	0.000723518781232613	0.000266036062666273
Master_msaldototal_delta1	0.000326505511015256	0.000194958421592539	0.000325155187703222
cpagomiscuentas_delta1	0.000324912088717739	0.000702704316294579	0.000266036062666273
cmobile_app_trx	0.000321856950996269	0.000685851844682568	0.000945906000591191
mpayroll_sobre_edad_tend6	0.000319269677207629	0.000589677256688661	0.000364567937727855
Visa_mpagosdolares_avg6	0.000317072342966072	0.000313756971476382	0.000295595625184747
ccomisiones_otras_delta1	0.000315877271087268	0.000392743088424268	0.000679869937924919
vm_mconsumosdolares_avg6	0.00031398063974645	0.000504070900892568	0.000482806187801754
vmr_msaldodolares_tend6	0.000313135739144303	0.000186530435789481	0.000157651000098532
vm_mlimitecompra_avg6	0.000312599891377933	0.000688322840520175	0.000679869937924919
Visa_status	0.00031192224701138	0.000277861031943092	4.92659375307912e-05
mv_status07_delta1	0.000311159948992677	0.0058923678243064	0.00145827175091142
Master_mpagominimo_tend6	0.000310260446893705	0.0017368353243009	0.000551778500344862
cseguro_vida	0.00031017372769608	0.00096483112474197	0.000295595625184747
ccallcenter_transacciones_delta1	0.000309508171417683	0.00155618137861247	0.000354714750221697
active_quarter	0.000308222196983881	0.00171164236673843	0.00157651000098532
matm_delta1	0.000308048328344845	0.000409947309443757	0.000384274312740171
Master_mpagospesos_avg6	0.000306013309204557	0.00043029277517182	0.000364567937727855
ctarjeta_debito_tend6	0.000303152722176202	0.00202043809657203	0.00056163168785102
Visa_mpagado	0.000302045478717183	0.000829920351999167	0.000443393437777121
vmr_mconsumototal_tend6	0.000298606919989055	0.000132004027639215	0.000344861562715538
vm_fechaalta_tend6	0.000298472157333645	0.000998481818057378	0.000679869937924919
Master_mconsumospesos_avg6	0.000296671627430354	0.00073047501951483	0.000640457187900286
Visa_mpagosdolares_tend6	0.000291666734144342	0.00071001755397543	0.000305448812690906
cextraccion_autoservicio_delta1	0.000288727867676157	0.000337339931750885	0.00033500837520938
vmr_mpagado	0.000287263426972973	0.000322517456719344	0.000256182875160114
ctarjeta_visa_descuentos_avg6	0.000286468755541591	0.000466554464089005	0.000177357375110848
matm_other	0.000282684671325411	0.00076063621870829	0.000413833875258646
mtransferencias_emitidas_lag1	0.000278976560472991	0.000441972255497736	0.000541925312838703
vm_cconsumos_delta1	0.000275405481330039	0.000300614493614886	0.000325155187703222
mcheques_emitidos_avg6	0.000275381711133797	0.00116830503199017	0.00016750418760469
Master_mpagospesos	0.000275065364287529	0.000244409838291627	0.00033500837520938
vm_mlimitecompra_lag1	0.000274597859422193	0.000294902503236733	0.000453246625283279
vm_msaldopesos_lag1	0.00027388658595218	0.000468001711651117	0.000591191250369495
Visa_fultimo_cierre_delta1	0.000273772767787032	0.00011908379940334	0.000305448812690906
mextraccion_autoservicio	0.000270535532134648	0.000320100710790353	0.000512365750320229
vmr_msaldototal_delta1	0.000269874373592918	0.000474261451106586	0.000778401812986501
ccuenta_debitos_automaticos_lag1	0.000267688848044957	5.38561592792997e-05	9.85318750615824e-05
vmr_mpagado_lag1	0.000265613026005163	0.000303374238966094	0.00033500837520938
Master_mconsumospesos_lag1	0.000265022845359421	0.000113980807999329	0.000236476500147798
Visa_mconsumosdolares_delta1	0.000263561544220132	0.000561276554529644	0.000472953000295596
vm_mpagospesos	0.000263067526622428	0.000331759191151643	0.000620750812887969
vmr_mconsumototal_avg6	0.000261093448887032	0.000222604875022088	0.000472953000295596
ccajas_otras_tend6	0.00025767794808839	0.00157960333915818	0.00033500837520938
ccomisiones_mantenimiento_lag1	0.000256865125888048	0.000649877155281932	0.00022662331264164
Master_mpagominimo_delta1	0.000255682334986016	0.000150319496786808	0.000256182875160114
Master_Fvencimiento_tend6	0.000255002577813726	0.0011037476407371	0.000936052813085033
Master_msaldototal_lag1	0.000250131399385233	0.000202675908592432	0.000236476500147798
Visa_delinquency_tend6	0.000250082772949758	0.00327315248637464	0.000581338062863336
thomebanking_lag1	0.000250053918328869	0.000243534839765562	0.000571484875357178
Master_mpagominimo_lag1	0.000247626539662933	5.91446503708365e-05	0.000256182875160114
Master_mpagominimo_avg6	0.000243664019500588	0.000367247381371786	0.000463099812789437
Master_msaldopesos_delta1	0.000243497584505358	0.000375699867133574	0.000423687062764804
Master_mpagospesos_lag1	0.000241816020947199	0.000270378044548184	0.000285742437678589
vmr_msaldodolares2	0.000240445174648113	0.00091912470173444	0.000197063750123165
cplazo_fijo_tend6	0.000234909745354053	0.00096878261808568	0.000236476500147798
vm_status06	0.00023273646863115	0.00012536103882933	2.95595625184747e-05
vm_fultimo_cierre_delta1	0.000229948805704997	0.000146592003065771	0.00039412750024633
cinversion1	0.000228189593748799	0.00167383893041832	0.000197063750123165
mtarjeta_master_consumo_delta1	0.000227729595356701	0.000733763263975782	0.000137944625086215
Master_mconsumototal_tend6	0.000213161430879673	0.000144959255816134	0.000137944625086215
cpayroll_trx_tend6	0.000212498924647217	0.000877893021189206	0.000433540250270963
mtarjeta_master_descuentos_avg6	0.000212073214484078	0.000510031390852122	6.89723125431077e-05
cseguro_vida_avg6	0.000211784646944384	0.00081627562498371	0.000482806187801754
mextraccion_autoservicio_lag1	0.000210066746922813	0.000478198944473878	0.000403980687752488
vm_mpagado_lag1	0.000208919081611616	0.000206349152404853	0.000315302000197064
Master_msaldototal_avg6	0.000206822767216176	0.000119019049512411	0.00033500837520938
Master_mpagospesos_delta1	0.000204339272911991	0.00101078079733975	0.000522218937826387
vmr_mconsumototal	0.000202333191245965	8.84098510736059e-05	0.000315302000197064
Visa_msaldodolares_avg6	0.000200570686551147	0.00028023402794578	0.000275889250172431
Visa_delinquency_avg6	0.000199910520914978	0.00139434340122854	0.000413833875258646
cpagomiscuentas	0.000195852841075453	0.000153943740681769	0.000236476500147798
matm_other_delta1	0.000195050870602893	0.000327898697654644	0.00022662331264164
mforex_sell_avg6	0.000194475368018335	0.00039742783053282	0.000374421125234013
vm_mconsumototal_lag1	0.000193707587782386	7.32916265402551e-05	0.00022662331264164
vm_mconsumosdolares	0.000193098378286675	5.68031543150866e-05	0.000118238250073899
Visa_Finiciomora	0.000191150998384902	0.00167000293688005	0.000266036062666273
mv_status07_lag1	0.000191093132670005	0.000929790933767172	0.000551778500344862
ctarjeta_master_debitos_automaticos_avg6	0.000189882692578556	0.000328619696440121	0.000137944625086215
ccuenta_debitos_automaticos	0.000189802450631471	0.00015732998497764	0.00016750418760469
matm_other_lag1	0.000185385519846851	0.000520778122749252	0.000295595625184747
cpagomiscuentas_lag1	0.000183651854205925	0.000384801601801702	0.000236476500147798
ccajas_otras_delta1	0.000181296471505253	0.000970432865305838	0.000108385062567741
mv_status07_tend6	0.000175901618121705	0.0017658800253751	0.000798108187998818
mpayroll_sobre_edad_lag1	0.000175384773007466	7.88548671689763e-05	0.000187210562617007
ccajeros_propios_descuentos_avg6	0.000173137871118012	0.000744758495454314	0.000197063750123165
matm_other_tend6	0.000173051966670696	0.000480167691157524	0.000423687062764804
Master_cconsumos	0.000172880148527291	0.000206331652434331	0.000137944625086215
vmr_mpagosdolares_tend6	0.00017234330348052	0.000249799829212188	0.000177357375110848
vm_mlimitecompra	0.000167139784111875	0.000260676060891175	0.000581338062863336
Master_mconsumospesos	0.000166859427395227	0.000265903302085888	0.000325155187703222
cdescubierto_preacordado_delta1	0.000165505618582812	0.000447640495949585	4.92659375307912e-05
ctarjeta_master_transacciones_tend6	0.000164971790251675	0.00142246410385922	0.000384274312740171
cextraccion_autoservicio_lag1	0.000164777660391869	0.000172981958611891	0.000354714750221697
ctransferencias_emitidas_lag1	0.000164460485699647	0.000234662354711264	0.000384274312740171
ccajas_extracciones	0.000164350621017918	0.00132306602129529	0.000197063750123165
vm_mconsumototal_tend6	0.000163277488177449	0.000155476738099435	0.000443393437777121
Visa_msaldodolares_tend6	0.000161556543003062	0.000264009805275483	0.000206916937629323
Master_mconsumospesos_delta1	0.000158809046669344	0.000136575019939379	0.000206916937629323
active_quarter_lag1	0.000154282007502174	0.00102965626554402	0.0011331165632082
mtarjeta_master_consumo_tend6	0.000151346154013977	0.000660034138172494	0.000364567937727855
cplazo_fijo	0.000151111690321542	2.50914577334394e-05	9.85318750615824e-06
matm_lag1	0.000151111683786025	0.000198619415425595	0.000354714750221697
mplazo_fijo_dolares_tend6	0.000149356201285468	0.000304443487164946	0.000177357375110848
Master_fultimo_cierre_delta1	0.000146972599302617	0.000188733682078113	0.000532072125332545
Visa_mconsumototal	0.000145707130513825	0.00022174387647244	0.000532072125332545
cextraccion_autoservicio	0.000140855327107709	0.000273349539542701	0.000364567937727855
cseguro_vivienda_avg6	0.000140226241945043	0.000214514638650091	0.000256182875160114
ctarjeta_visa_debitos_automaticos	0.000139488077691715	0.000179656447368714	0.000423687062764804
cseguro_accidentes_personales_tend6	0.000138630097430798	0.00164769222446245	0.000295595625184747
vm_status01_delta1	0.000137735889236452	0.000632378934757684	6.89723125431077e-05
mpayroll_sobre_edad_delta1	0.000135036409661103	0.000490613423561688	0.000305448812690906
vm_mconsumototal	0.000134911679165073	0.000194872671736984	0.000344861562715538
ctarjeta_master_debitos_automaticos_tend6	0.000133918680482092	0.00116771353298655	0.000206916937629323
Master_mpagado_tend6	0.00013341113536761	0.000269851295435493	0.000305448812690906
mtarjeta_visa_descuentos	0.000130960858305071	0.00214069264400324	0.000246329687653956
Master_mconsumototal_avg6	0.000128999458975349	0.000168358466400163	0.000177357375110848
vm_status06_tend6	0.000128804980809032	0.000822278114872516	0.00016750418760469
vm_status03	0.000125076660640359	1.12349810746744e-06	9.85318750615824e-06
vmr_mconsumosdolares_lag1	0.000124560700728599	7.20946285565982e-05	0.000108385062567741
Visa_status_avg6	0.000124532864500031	0.00123211167450788	0.00022662331264164
ccajeros_propios_descuentos_tend6	0.000123600871151557	0.000256245068355182	7.88255000492659e-05
Master_msaldodolares	0.000123103882579594	7.23973780466167e-06	1.97063750123165e-05
Visa_mconsumosdolares	0.000121093261809206	0.000497287912318512	0.000433540250270963
Visa_Finiciomora_lag1	0.000120191843107329	0.00141989685818374	0.000187210562617007
ccheques_emitidos_avg6	0.000120018064685289	0.000742817748723502	9.85318750615824e-05
ctarjeta_master_debitos_automaticos	0.000118973773730129	0.000107050819672894	4.92659375307912e-05
Master_mconsumototal_delta1	0.000117465542551289	0.00011086756324359	7.88255000492659e-05
catm_trx_lag1	0.000117421251957423	0.000106039321376763	0.000187210562617007
ccajas_extracciones_avg6	0.00011632148883998	0.000989453583265439	0.00039412750024633
vm_mconsumototal_avg6	0.000112754156687522	0.000233362106901531	0.000403980687752488
vm_status05_delta1	0.000110345139255853	0.000739879503672976	9.85318750615824e-05
mcajeros_propios_descuentos_avg6	0.000109064193886106	0.000307588231867623	9.85318750615824e-05
vmr_msaldodolares2_tend6	0.000106509155547674	0.000461274722982729	0.000206916937629323
Master_mconsumototal_lag1	0.000103704720988002	3.12374473805199e-05	9.85318750615824e-05
vm_mconsumototal_delta1	9.91689587840614e-05	4.32336771728708e-05	0.000177357375110848
cplazo_fijo_delta1	9.63045506558579e-05	1.50097247161187e-05	1.97063750123165e-05
Visa_mconsumototal_lag1	9.50822251980462e-05	0.00025390182230238	0.000492659375307912
ccajas_transacciones_lag1	9.49014154436698e-05	8.79513518459478e-05	4.92659375307912e-05
vm_Finiciomora_avg6	9.27453451423669e-05	0.00133913799422205	0.000275889250172431
mpayroll_lag1	9.24643355663401e-05	0.000127408535380322	0.000187210562617007
cforex_avg6	9.14624934317863e-05	0.000757220224462532	0.000216770125135481
vm_mpagado_delta1	8.97861761889517e-05	6.67938874856965e-05	0.000118238250073899
minversion2	8.9783611231493e-05	0.000901152232009065	0.000118238250073899
Visa_msaldodolares	8.7397722874994e-05	0.000523760117726082	0.000147797812592374
Master_Finiciomora_avg6	8.68645748311867e-05	0.00196193044512817	0.000256182875160114
mplazo_fijo_dolares_avg6	8.65606445585335e-05	0.000293266255992992	0.000177357375110848
vmr_msaldodolares2_lag1	8.1937753388492e-05	0.000665924628249964	0.00016750418760469
mcheques_depositados_tend6	8.18590703130646e-05	0.000389288594243363	6.89723125431077e-05
ccheques_depositados_tend6	8.16515150238071e-05	0.000482715686865426	8.86786875554242e-05
mttarjeta_master_debitos_automaticos_avg6	8.12118255427392e-05	0.000180477195986163	0.000187210562617007
mttarjeta_master_debitos_automaticos_delta1	8.0606983357891e-05	0.000295907001544656	9.85318750615824e-05
Master_mconsumosdolares_tend6	8.02344415460661e-05	1.72987208603047e-05	1.97063750123165e-05
vmr_Visa_mlimitecompra_delta1	7.86787694439921e-05	0.000923207444857059	0.000187210562617007
vm_msaldodolares_avg6	7.8633037465714e-05	0.000686397843762832	0.00016750418760469
cdescubierto_preacordado_lag1	7.71712664753304e-05	0.000147995500701579	0.00022662331264164
mcaja_ahorro_adicional_lag1	7.49915601837167e-05	0.000161249978374411	2.95595625184747e-05
vmr_mpagado_delta1	7.36426312941331e-05	0.000119993797870447	0.000266036062666273
vm_Finiciomora_tend6	7.34443071173892e-05	0.000807100390439392	0.000216770125135481
vm_mconsumosdolares_delta1	7.17428593154604e-05	7.7761119011395e-05	0.000108385062567741
cseguro_accidentes_personales_lag1	7.15281578067885e-05	8.61278549176284e-05	0.000108385062567741
vm_mpagado	7.09313063072898e-05	0.000158708982654719	0.000177357375110848
mtarjeta_master_descuentos_tend6	7.02567953559172e-05	0.000292039508059449	3.9412750024633e-05
ctransferencias_emitidas_delta1	6.95648452981495e-05	0.000210214895893008	0.000187210562617007
vm_status03_avg6	6.95625677078463e-05	5.67384044241577e-05	0.000157651000098532
cforex_sell_avg6	6.90504976023798e-05	0.00012453154022662	0.000118238250073899
Master_mpagado	6.90064740473326e-05	7.3384376384018e-05	8.86786875554242e-05
mcheques_depositados_avg6	6.78808010616529e-05	0.000692678583182927	0.000177357375110848
mforex_sell_lag1	6.6331620682248e-05	0.000126932536182143	7.88255000492659e-05
vm_status02_avg6	6.62328826167593e-05	0.000392517338804543	0.000147797812592374
vm_Finiciomora	6.46020770371891e-05	0.000981244347093897	0.00022662331264164
mcheques_emitidos	6.14279367650452e-05	5.8101652127767e-05	9.85318750615824e-06
vm_status01_lag1	6.12905885650503e-05	0.000464223468015568	4.92659375307912e-05
Visa_Finiciomora_avg6	6.01783428104555e-05	0.000696883826099195	0.000187210562617007
cinversion2_avg6	5.9993844550005e-05	0.000477925944933746	9.85318750615824e-05
mprestamos_prendarios_tend6	5.85688568062528e-05	0.000497501411958872	6.89723125431077e-05
vm_mconsumosdolares_lag1	5.62592331951709e-05	0.000152193743629639	0.000137944625086215
Master_Fvencimiento_delta1	5.50285869713218e-05	8.48923569988246e-05	0.000177357375110848
mcajeros_propios_descuentos_tend6	5.45113013342857e-05	0.000824652860872256	0.000108385062567741
ccajas_depositos_avg6	5.34261662322961e-05	0.000550970821889651	0.000206916937629323
cseguro_accidentes_personales	5.32906840912692e-05	0.000203976156402165	0.000147797812592374
mforex_buy_avg6	5.30994272797014e-05	0.000894005244048166	0.000118238250073899
catm_trx_other	5.27812623946091e-05	0.00033433693680943	0.000157651000098532
cpayroll_trx_delta1	5.27683422017869e-05	0.000162345476529045	6.89723125431077e-05
vm_msaldodolares_lag1	5.26506892937883e-05	1.10757313429306e-05	1.97063750123165e-05
cforex_tend6	5.18922733679329e-05	0.000104040824743231	0.000147797812592374
cliente_edad_delta1	5.06016796958423e-05	0.00050930689207254	0.00039412750024633
vm_Fvencimiento_delta1	4.9726379461097e-05	0.000111252562595058	0.00016750418760469
tcuentas	4.96624896326849e-05	0.00111496862183536	0.00039412750024633
mplazo_fijo_dolares_lag1	4.96465725619865e-05	0.000337394181659501	5.91191250369495e-05
Master_mpagosdolares_tend6	4.94784041390386e-05	3.35579434716442e-05	4.92659375307912e-05
Visa_delinquency_lag1	4.83194932864204e-05	0.00014028151369579	4.92659375307912e-05
active_quarter_delta1	4.74920834546914e-05	0.000845910075064479	0.000187210562617007
cinversion1_tend6	4.73630864537239e-05	0.000292422757413865	3.9412750024633e-05
vmr_msaldodolares_delta1	4.71232161328439e-05	4.32144272052974e-05	3.9412750024633e-05
cprestamos_personales_delta1	4.68614083234344e-05	0.001093270408386	0.00022662331264164
vmr_mpagosdolares_delta1	4.61991930374961e-05	5.50846572098949e-05	1.97063750123165e-05
vmr_mpagosdolares_avg6	4.59093973812767e-05	5.15111632294455e-05	9.85318750615824e-05
vm_mpagosdolares_avg6	4.49112285105219e-05	4.82684186918487e-05	4.92659375307912e-05
vmr_mconsumototal_delta1	4.44592847201777e-05	8.72443530368873e-05	0.000246329687653956
Master_mconsumosdolares_avg6	4.37714861457892e-05	0.000347339414906756	6.89723125431077e-05
mprestamos_prendarios	4.03306303228973e-05	0.000718386039878716	8.86786875554242e-05
vm_msaldodolares	4.01491779680855e-05	7.51676233801384e-05	1.97063750123165e-05
vm_status05_avg6	3.97903674892434e-05	0.000256038568703031	0.000147797812592374
catm_trx	3.89812428890943e-05	8.77133522468581e-05	7.88255000492659e-05
ccajas_consultas_delta1	3.82649693537841e-05	0.0011020221436437	0.000177357375110848
vm_status02	3.81475024351859e-05	7.8380617967849e-05	2.95595625184747e-05
ccuenta_debitos_automaticos_delta1	3.77635036490163e-05	5.84901514733399e-05	1.97063750123165e-05
vm_mpagosdolares_delta1	3.75702102417302e-05	4.57869228719284e-05	2.95595625184747e-05
mcaja_ahorro_adicional	3.73032057691818e-05	0.000268845047130518	6.89723125431077e-05
tcallcenter_lag1	3.70524337649398e-05	1.46124753852852e-05	2.95595625184747e-05
Master_mpagado_lag1	3.68075484775743e-05	6.41321419694069e-05	4.92659375307912e-05
Visa_mpagosdolares_lag1	3.63710845621843e-05	0.000112999059653084	9.85318750615824e-05
Visa_Fvencimiento_delta1	3.62415553574143e-05	5.3308410201983e-05	0.000147797812592374
Master_Finiciomora_tend6	3.61056924565361e-05	0.000413851552867059	5.91191250369495e-05
Master_cconsumos_delta1	3.53125473966549e-05	3.28561946537401e-05	9.85318750615824e-05
vm_mpagosdolares	3.35348156979067e-05	1.96909668305664e-05	2.95595625184747e-05
cinversion2	3.33600995511352e-05	0.000207903149787144	3.9412750024633e-05
tcuentas_tend6	3.31045747259349e-05	0.00243670114537692	0.00056163168785102
minversion1_pesos_tend6	3.21620546574376e-05	1.3963226478945e-05	1.97063750123165e-05
mtarjeta_master_consumo_lag1	3.14357689931338e-05	3.19776961335709e-05	7.88255000492659e-05
vm_status05_tend6	3.10102129732874e-05	0.000723354281509713	0.000157651000098532
vm_status03_delta1	3.00988536188283e-05	9.09455968021422e-05	9.85318750615824e-06
cforex_sell	2.95589542026913e-05	7.01748817904116e-05	9.85318750615824e-06
ccajas_extracciones_delta1	2.90932470358756e-05	4.38899260674195e-06	1.97063750123165e-05
mcheques_depositados	2.90290326653275e-05	4.1149430683784e-05	9.85318750615824e-06
ctarjeta_visa_descuentos_tend6	2.6924290010503e-05	0.000200047413020133	8.86786875554242e-05
Master_fechaalta_delta1	2.58256583609462e-05	6.78753856639129e-05	9.85318750615824e-05
mttarjeta_master_debitos_automaticos	2.54735624778359e-05	5.89189007511117e-05	5.91191250369495e-05
Visa_mpagosdolares	2.52454041734328e-05	8.99288485148547e-05	8.86786875554242e-05
mcaja_ahorro_adicional_avg6	2.47265237081201e-05	9.71528363460472e-05	3.9412750024633e-05
minversion1_pesos_avg6	2.42362285993533e-05	0.00011168131187283	1.97063750123165e-05
mcaja_ahorro_adicional_delta1	2.37715970554576e-05	0.000140391763510074	2.95595625184747e-05
ctarjeta_visa_debitos_automaticos_delta1	2.30035111121415e-05	8.90485999976333e-05	0.00016750418760469
Master_delinquency_tend6	2.2895580405804e-05	0.000102464077399262	3.9412750024633e-05
vmr_Master_mlimitecompra_delta1	2.25225934917049e-05	0.00113926383091008	0.000206916937629323
Visa_Finiciomora_tend6	2.2199142831033e-05	0.000605259230440826	9.85318750615824e-05
cmobile_app_trx_delta1	2.20089273828234e-05	0.000294830753357596	0.000137944625086215
cinversion1_avg6	2.1348605349219e-05	0.000119986797882239	1.97063750123165e-05
vm_status04_lag1	1.98827428019556e-05	2.91567008855374e-05	1.97063750123165e-05
ccajas_depositos_tend6	1.86635882921722e-05	0.000342560172957389	0.000147797812592374
vm_mpagosdolares_tend6	1.84677325114826e-05	0.000137514768356373	4.92659375307912e-05
Visa_fechaalta_delta1	1.83505028016342e-05	1.28694783213638e-05	6.89723125431077e-05
Master_msaldodolares_tend6	1.79779135358992e-05	2.00742161849828e-05	2.95595625184747e-05
catm_trx_delta1	1.77288351597691e-05	0.000155306988385378	7.88255000492659e-05
vm_msaldodolares_tend6	1.68845040041005e-05	0.000284827770207621	0.000118238250073899
catm_trx_other_lag1	1.67751764251174e-05	6.05288980390713e-05	5.91191250369495e-05
Visa_msaldodolares_lag1	1.60697945122097e-05	5.65949046658831e-05	5.91191250369495e-05
vm_status04_avg6	1.59336541406144e-05	0.000236296851957953	0.000137944625086215
vm_status06_avg6	1.52827588794326e-05	8.56501057223969e-05	0.000108385062567741
minversion2_avg6	1.45468353141175e-05	3.26759449573707e-05	9.85318750615824e-06
Visa_madelantopesos_avg6	1.43849352203225e-05	3.19111962455899e-05	9.85318750615824e-06
vm_Finiciomora_delta1	1.43669948494598e-05	7.9806865565335e-05	2.95595625184747e-05
cseguro_vivienda_lag1	1.43230299214918e-05	5.83799016590557e-06	1.97063750123165e-05
cseguro_auto_lag1	1.42957582683864e-05	4.61666722322406e-05	9.85318750615824e-06
vm_fechaalta_delta1	1.34860085689363e-05	4.13209303948928e-05	3.9412750024633e-05
vmr_mconsumosdolares_delta1	1.33406448733904e-05	8.14676127678063e-05	8.86786875554242e-05
catm_trx_other_delta1	1.28627265547031e-05	6.66993876448815e-05	7.88255000492659e-05
cseguro_vida_tend6	1.27044730923606e-05	0.000841498332496059	0.000147797812592374
vmr_msaldodolares2_delta1	1.20014817371924e-05	0.000202021409694935	4.92659375307912e-05
ccajas_otras	1.19882655831261e-05	7.32023766905965e-05	9.85318750615824e-06
Master_delinquency_avg6	1.18697983939501e-05	0.000154687489428924	3.9412750024633e-05
vm_status03_tend6	1.15584814442224e-05	0.000979963349251738	0.00016750418760469
vmr_mpagosdolares	1.11084735029242e-05	1.81299694600664e-06	9.85318750615824e-06
vm_Finiciomora_lag1	1.10288583088065e-05	0.000204854654922334	2.95595625184747e-05
ccajas_consultas_lag1	1.07929644821242e-05	0.000223511373495091	5.91191250369495e-05
mtarjeta_visa_descuentos_tend6	1.05794819694384e-05	0.000101624078814239	3.9412750024633e-05
ccaja_ahorro_tend6	9.7377234701657e-06	0.000131927027768922	1.97063750123165e-05
Master_status_tend6	8.90627019753086e-06	0.000207574150341344	4.92659375307912e-05
Visa_status_tend6	8.79221390250346e-06	0.000291075259683725	0.000108385062567741
tcuentas_delta1	8.4616329254619e-06	0.00136040220840248	0.000197063750123165
Master_Finiciomora	8.30657125258691e-06	0.000119230799155719	1.97063750123165e-05
cseguro_auto_avg6	8.13426995896833e-06	0.000208330149067864	3.9412750024633e-05
Master_mpagosdolares	7.58672230341842e-06	3.28999445800434e-06	1.97063750123165e-05
Master_mpagado_delta1	7.26866486605866e-06	5.19241625337482e-05	6.89723125431077e-05
cforex_sell_tend6	7.2206503816346e-06	8.09811135873142e-05	0.000137944625086215
Master_msaldodolares_avg6	7.05729397736579e-06	5.4022408999252e-06	9.85318750615824e-06
ccajas_transacciones_delta1	6.6851203890725e-06	0.000219726129871334	5.91191250369495e-05
vm_madelantopesos_avg6	6.04248674401858e-06	2.40169595434316e-05	9.85318750615824e-06
ccajas_extracciones_lag1	5.98129634273317e-06	0.000630299938259754	9.85318750615824e-05
mforex_sell	5.02844820418693e-06	0.000109247065973317	2.95595625184747e-05
mttarjeta_master_debitos_automaticos_lag1	4.91816012853001e-06	1.03914824955477e-05	2.95595625184747e-05
Visa_msaldodolares_delta1	4.90630673617761e-06	6.17206460315718e-05	8.86786875554242e-05
vmr_msaldodolares_avg6	4.81635127816481e-06	7.29013771976301e-05	6.89723125431077e-05
ctarjeta_visa_avg6	4.75049935605204e-06	0.000101190079545311	3.9412750024633e-05
ccajas_depositos_lag1	4.47789503955625e-06	1.60719729267616e-05	9.85318750615824e-06
ctarjeta_master_debitos_automaticos_lag1	4.40646784425361e-06	2.14269639062793e-05	1.97063750123165e-05
Master_Finiciomora_lag1	4.15050189189786e-06	5.19504124895302e-05	9.85318750615824e-06
vm_status02_tend6	3.31944744906656e-06	0.00017273520902754	4.92659375307912e-05
vm_msaldodolares_delta1	3.04367480809044e-06	3.20931959390114e-05	9.85318750615824e-06
ctarjeta_master_transacciones_delta1	2.96236551647973e-06	0.000103589325503781	6.89723125431077e-05
vm_status06_delta1	2.86226292616894e-06	2.43932089096396e-05	9.85318750615824e-06
mcaja_ahorro_adicional_tend6	2.78272671761903e-06	0.000136996769228942	4.92659375307912e-05
cseguro_vivienda	2.77375179924424e-06	5.33224101784001e-05	3.9412750024633e-05
ccajas_transacciones	2.6652287290058e-06	0.000117311052389532	6.89723125431077e-05
Visa_mpagosdolares_delta1	2.41400862311079e-06	0.000220590628415086	4.92659375307912e-05
ctarjeta_master_tend6	1.86202075976215e-06	0.000122681793342519	1.97063750123165e-05
cseguro_vivienda_tend6	1.67882479848536e-06	5.29934107325996e-05	1.97063750123165e-05
Master_mpagosdolares_lag1	1.66295665561532e-06	6.81448852099409e-06	1.97063750123165e-05
tcuentas_lag1	1.35271643173136e-06	0.000224482621859023	0.000108385062567741
vmr_madelantopesos_avg6	1.28700180566004e-06	1.99132164561869e-05	9.85318750615824e-06
mtarjeta_master_descuentos_delta1	1.05634951818992e-06	6.29946438855224e-05	1.97063750123165e-05
mforex_sell_delta1	9.58474509705351e-07	1.01867328404485e-05	1.97063750123165e-05
mtarjeta_visa_descuentos_delta1	7.13782885002984e-07	1.30637279941502e-05	1.97063750123165e-05
vm_mpagosdolares_lag1	6.76379996647286e-07	3.07124482648809e-06	9.85318750615824e-06
Master_mpagosdolares_avg6	5.98601065643071e-07	2.13709640006111e-05	3.9412750024633e-05
mforex_buy_tend6	4.74766661985862e-07	0.000188233182921203	1.97063750123165e-05
ctarjeta_master_transacciones_lag1	4.46652848284866e-07	1.38249767118267e-06	9.85318750615824e-06
cprestamos_prendarios_avg6	3.60091093575555e-07	7.44063746624619e-05	9.85318750615824e-06
Master_mconsumosdolares	3.37093517244196e-07	1.16024804556217e-06	9.85318750615824e-06
ctarjeta_master_descuentos	3.14218734341763e-07	9.41165914606017e-05	9.85318750615824e-06
Master_cadelantosefectivo	3.04026908040881e-07	4.84224184324362e-06	9.85318750615824e-06
tcallcenter_delta1	2.3971535042219e-07	0.000191874926786686	5.91191250369495e-05
cforex	2.04669930877852e-07	4.85344182437725e-05	9.85318750615824e-06
Visa_delinquency	1.84669742429565e-07	1.59792230829987e-05	9.85318750615824e-06
mprestamos_prendarios_avg6	1.71366093910732e-07	0.000154006740575646	2.95595625184747e-05
vm_status05	1.68829941946952e-07	3.04621986864263e-05	9.85318750615824e-06
Visa_status_delta1	1.65174382416837e-07	5.60401556003579e-05	9.85318750615824e-06
mcheques_emitidos_rechazados_avg6	1.59240776965656e-07	3.16399467025098e-05	9.85318750615824e-06
mprestamos_prendarios_delta1	1.46412995433816e-07	4.95494165340079e-05	9.85318750615824e-06
ctarjeta_debito_delta1	1.01521490809724e-07	5.46839078849572e-05	9.85318750615824e-06
minversion2_delta1	1.009351090292e-07	4.96981662834389e-05	9.85318750615824e-06
Master_status	7.84888826932005e-08	0.000156530236324817	1.97063750123165e-05
cseguro_vida_lag1	7.37027937213023e-08	1.09707315198028e-05	9.85318750615824e-06
ctarjeta_visa_tend6	6.91226451635273e-08	5.0870664308366e-05	1.97063750123165e-05
vmr_msaldodolares_lag1	6.47183877924611e-08	6.77633858525765e-05	1.97063750123165e-05
vm_status03_lag1	4.73099253102712e-08	1.49974747367538e-06	9.85318750615824e-06
Master_msaldodolares_delta1	3.99970764163595e-08	2.85704518730738e-05	9.85318750615824e-06
ctarjeta_master_descuentos_delta1	3.26993184641335e-08	2.66192051599489e-05	9.85318750615824e-06
Master_mconsumosdolares_lag1	1.73757296247623e-08	2.23859622908465e-05	1.97063750123165e-05
mcajeros_propios_descuentos_lag1	1.65188221086287e-08	1.73249708160867e-06	9.85318750615824e-06
Master_madelantopesos_delta1	1.49503316774231e-08	1.44374756800722e-06	9.85318750615824e-06
Visa_delinquency_delta1	1.37251365125897e-08	2.4641708491042e-05	2.95595625184747e-05
ccajas_otras_lag1	1.24774742926662e-08	0.000145559504805014	1.97063750123165e-05
ccajas_depositos	7.85464942910191e-09	2.44579588005684e-05	9.85318750615824e-06
cpagodeservicios_tend6	7.61739336536006e-09	3.29961944179105e-05	9.85318750615824e-06
cforex_buy_tend6	2.3705429403102e-09	8.90328500241641e-05	9.85318750615824e-06
Master_msaldodolares_lag1	1.98048490138862e-09	4.28609278007671e-05	9.85318750615824e-06
