Feature	Gain	Cover	Frequency
ctrx_quarter_normalizado	0.181050478103612	0.00743608047640317	0.00307558594056257
ctrx_quarter	0.0492584419810378	0.00558332355009868	0.00701060364067539
mcaja_ahorro	0.0267336579320337	0.00817639698424775	0.00695684248803628
cpayroll_trx	0.0261802638017505	0.0121748419507039	0.000724282195276934
mpasivos_margen	0.0210302645991857	0.00723685531824093	0.00934100027104581
ctrx_quarter_normalizado_lag1	0.0187628638664821	0.00214487414485427	0.00209369822222322
mprestamos_personales	0.0147231851879987	0.0241994945774156	0.00339964622174833
mpayroll_sobre_edad	0.0142155836055182	0.00808059625875367	0.000793723684102454
mtarjeta_visa_consumo	0.013531663494023	0.00735490874963098	0.00262160287383228
mcomisiones_avg6	0.0118997360019872	0.00379495545546814	0.00572556275606549
mcomisiones_mantenimiento_tend6	0.0113557006383201	0.0144626949950143	0.00669699691694723
mcuentas_saldo	0.0103753049253646	0.0120689812621344	0.00682915975051839
mprestamos_personales_lag1	0.00830418589444404	0.00242963070912075	0.00169422299080759
ccomisiones_mantenimiento_tend6	0.00736734730735868	0.00601569682935207	0.00251109383785188
mpayroll	0.00720563996098361	0.00398830476018243	0.000916926325567087
numero_de_cliente	0.00577216620246069	0.00468579674007385	0.0124815476043806
mcomisiones_otras_avg6	0.00538312327907836	0.00394776746504796	0.00248271989618124
mcaja_ahorro_lag1	0.00506632207180928	0.00213524858104806	0.00493034570661195
cliente_edad	0.00500355100936085	0.00339129295124584	0.0102631533753417
ctrx_quarter_normalizado_avg6	0.00480619016854068	0.0030444414247796	0.00227140869900251
mrentabilidad_annual_tend6	0.0046213231260991	0.0034093917141303	0.00902366013393994
mrentabilidad_annual_avg6	0.0046196435882647	0.00470094882791572	0.00731525017229703
mactivos_margen	0.00445621215910934	0.00391961235908202	0.00471828782675767
vm_msaldopesos	0.00433145925058275	0.000925973928832821	0.00114989132033657
ctrx_quarter_tend6	0.0043063963046174	0.00424186964692496	0.0074391994964372
ccomisiones_otras_tend6	0.00378541045821329	0.00283082618749351	0.00604738298922462
mcuenta_corriente_avg6	0.00372512169618052	0.00539399786861516	0.00685380027881131
mrentabilidad_annual_delta1	0.0036453356262762	0.00262746458295698	0.00802086530068538
mcuenta_corriente_tend6	0.00349842708532663	0.00480023500421264	0.00697550955492486
mrentabilidad_annual	0.00336840855934901	0.00446284915848825	0.00568524189158616
mcomisiones_tend6	0.0033521101321331	0.00359137665129703	0.00663054215882389
mpasivos_margen_avg6	0.00327012854133372	0.00280086772122817	0.00682169292376295
mcuentas_saldo_tend6	0.00324553599978382	0.00302440174182716	0.00619671952433327
chomebanking_transacciones_tend6	0.00323484481096177	0.0024512462960886	0.00595703438548389
mrentabilidad_annual_lag1	0.00321493643268126	0.00241767447256894	0.00555681247139272
mactivos_margen_avg6	0.00317615730298444	0.00462044438668758	0.00554710559661066
ctrx_quarter_delta1	0.00305506384925658	0.00316573776738053	0.00507520214566734
mcaja_ahorro_avg6	0.00304661588386654	0.00368945857628661	0.00654691369916304
cliente_antiguedad	0.00301731029977275	0.00250248429322049	0.00637592336646364
mcuentas_saldo_lag1	0.00300521538892707	0.00274933288459567	0.00511328296212004
mactivos_margen_tend6	0.00298394011039721	0.00241442251137328	0.00626317428245662
Master_Fvencimiento	0.00297428118354927	0.00200673155726167	0.00579873765826873
cliente_edad_lag1	0.0029449261175124	0.00671719976249558	0.00614967851577405
ctarjeta_visa_transacciones	0.00293306855544018	0.00438599729111512	0.0020675643285792
mrentabilidad_tend6	0.00291189545847757	0.00408988963261208	0.00659694143842444
mactivos_margen_delta1	0.00288634713881753	0.00504992951413325	0.00613997164099198
chomebanking_transacciones_avg6	0.00287319837679632	0.00287096407663326	0.00554859896196175
mrentabilidad	0.00282714871912572	0.00205427474727628	0.00483327695879133
Master_fechaalta	0.00277175359896867	0.00182734818905147	0.00505280166540104
mcuenta_corriente	0.00276650909387789	0.00228999909736659	0.00508042892439614
mcuentas_saldo_delta1	0.0027359724859991	0.00617677569835728	0.00537536858123572
ccomisiones_otras_avg6	0.00271673235853887	0.0039405926371187	0.00543883660865689
cliente_antiguedad_lag1	0.00268876639610606	0.00212305040823661	0.00491690541845217
mcuenta_corriente_lag1	0.00267467509259634	0.00291296867596585	0.00510581613536461
mcuenta_corriente_delta1	0.00265900821349755	0.00335059577304702	0.00532086074592106
mpasivos_margen_tend6	0.00260452557992792	0.00341821786261475	0.00595703438548389
Master_Fvencimiento_avg6	0.00259756879681477	0.00226613609751306	0.00493034570661195
mtransferencias_recibidas_avg6	0.00257976141779049	0.00217427633872214	0.0043733204306567
mpasivos_margen_lag1	0.00257743440311264	0.00181401816481088	0.0063094686083403
Visa_fechaalta	0.00254557669465238	0.0020642436071716	0.00440841451640723
cpayroll_trx_avg6	0.00252321278352265	0.00329515978964437	0.00121709276113547
mrentabilidad_delta1	0.00249614527590425	0.00269196985776836	0.00556054588477044
ctransferencias_recibidas_avg6	0.00248261666178066	0.00362533279750344	0.00468170037565605
mcaja_ahorro_tend6	0.00244775370319458	0.00216664599489256	0.00494453267744727
mactivos_margen_lag1	0.00244052864340057	0.00213059145888308	0.00434942658503932
mcomisiones_delta1	0.00243890744272204	0.00198880293409098	0.00465556648201204
mcomisiones_mantenimiento	0.00243788056054702	0.00495753278957904	0.00261861614313011
vm_Fvencimiento	0.00242722677833262	0.00221757025921893	0.00437780052670996
Visa_Fvencimiento	0.00237672415121252	0.00141674434650709	0.00504010805991681
mrentabilidad_avg6	0.00233307212025559	0.00250807054715566	0.00498261349389998
ctransferencias_recibidas_tend6	0.00231769875674893	0.0022759637776459	0.00433150620082628
mcomisiones_mantenimiento_delta1	0.00230994329323315	0.00486414539335817	0.00335708530924236
mcuentas_saldo_avg6	0.0023007749734898	0.00307323183967671	0.005095362577907
mttarjeta_visa_debitos_automaticos_tend6	0.00224976095319721	0.00380802966680577	0.00265221686352955
mrentabilidad_lag1	0.00221285675709618	0.00206905457907775	0.00438601403614094
vm_status01_avg6	0.00220824510607353	0.00369084744728334	0.000466676672214519
Master_mfinanciacion_limite_tend6	0.0022007945854128	0.00245968751855398	0.00436660028657681
ctrx_quarter_lag1	0.00218078446874439	0.00173842122865982	0.00433001283547519
thomebanking_tend6	0.00217566951337606	0.00368002969881617	0.00396189827643238
mtransferencias_recibidas_tend6	0.0021754527995571	0.00221198702194535	0.00432179932604422
Master_mfinanciacion_limite_delta1	0.00217248404373889	0.00112633878174434	0.00400445918893834
vm_Fvencimiento_avg6	0.00217017192753768	0.00240018386866133	0.00403805990933779
Visa_Fvencimiento_avg6	0.00215566780259859	0.0019916615226151	0.00447412259185504
cproductos_tend6	0.00214746119135845	0.00669758422216291	0.00206383091520149
Master_mfinanciacion_limite	0.00213665731073066	0.00112942844654637	0.00458836504121315
chomebanking_transacciones	0.00213361332773401	0.00309866652021941	0.00394472457489489
mcomisiones_lag1	0.00210005438167366	0.0011116096298576	0.00424190427976109
ccallcenter_transacciones_avg6	0.00204309717286521	0.00344595425595179	0.00202052332001998
mcomisiones_mantenimiento_avg6	0.00203870584016782	0.00356188275091678	0.00305318546029627
Master_Fvencimiento_lag1	0.00203613493009949	0.00203824903423751	0.00416499596418014
Visa_mfinanciacion_limite_tend6	0.00200709018147969	0.00216985270616434	0.00404328668806659
mcaja_ahorro_delta1	0.00198971785763901	0.00244945620910019	0.00395517813235249
Visa_Fvencimiento_lag1	0.00198003697396773	0.00144092831915395	0.00384541577904764
mpasivos_margen_delta1	0.00197051430017197	0.0021750431740987	0.00436660028657681
mprestamos_personales_tend6	0.00194989693530332	0.00921546434948186	0.00239162460976497
Visa_mfinanciacion_limite	0.00194170467766903	0.00123952875131655	0.00442484153526918
ccallcenter_transacciones_tend6	0.00192086672190782	0.00402251792595644	0.00212207216389386
cliente_edad_avg6	0.00189326996204935	0.00336696779883649	0.00476308878729027
ccomisiones_mantenimiento_avg6	0.00188768289685488	0.00415109467964234	0.00212132548121832
cmobile_app_trx_avg6	0.00184708603547151	0.00287579616517055	0.00370503943604551
ctrx_quarter_avg6	0.0018275525187482	0.00295256175602217	0.00453236384054741
Visa_cconsumos_avg6	0.00182446249389061	0.00159533433271873	0.00243642557029756
mcomisiones	0.00181505697800571	0.0013686841006957	0.00393725774813945
tcallcenter_tend6	0.00181053571791185	0.00520043981091874	0.00168376943334998
chomebanking_transacciones_delta1	0.00180008629133627	0.0013582018049975	0.00361095741892706
vm_fechaalta	0.00179155533917184	0.00143469167297965	0.00322790920637338
thomebanking_avg6	0.00175568617807368	0.0017173504507754	0.00344668723030755
Visa_mfinanciacion_limite_delta1	0.00174942410652319	0.000914249371891237	0.00349970170027112
ctrx_quarter_normalizado_tend6	0.00174032726115987	0.0021158773903043	0.00361767756300695
cproductos_avg6	0.00173761175471563	0.00428205881931176	0.00356690314107001
vm_Fvencimiento_lag1	0.0017342693186294	0.00370245616441981	0.00364530482200205
vm_mpagospesos_tend6	0.00171772739898015	0.00215852031522965	0.00220271389285253
mcaja_ahorro_dolares_avg6	0.00171731382600211	0.00266193597496323	0.00280902022539363
cmobile_app_trx_tend6	0.00170568125913413	0.00234015773298103	0.00304945204691855
vmr_msaldopesos2_tend6	0.00170515337760949	0.00191082102528566	0.0028015533986382
mautoservicio_tend6	0.00169900236055235	0.00117602500815355	0.00218852692201721
ctarjeta_debito_avg6	0.00169297130675061	0.00177345975304527	0.0028948887330811
Master_fechaalta_lag1	0.00165788461087803	0.00178966948244112	0.00314726747741472
vm_status01	0.00163853173494652	0.00645937172959192	0.000539851574417756
Visa_mpagospesos_tend6	0.00163739229942144	0.00347358687613007	0.00321894901426687
vmr_msaldopesos2	0.00160551710762241	0.000966523893945975	0.00236026393739215
cproductos	0.00159535043139455	0.00207542275169744	0.00247077297337255
cdescubierto_preacordado	0.00158770958601205	0.00213190250001075	0.000767589790458441
mcaja_ahorro_dolares_tend6	0.00157830276217143	0.00247841616037874	0.00267611070914694
mv_status07_avg6	0.00157809337977873	0.000549912671508253	0.000618253255349795
mtransferencias_recibidas_delta1	0.00155211994619146	0.00139714811280861	0.00281947378285124
Visa_cconsumos_tend6	0.00153866516181496	0.0030586553308665	0.00270597801616867
ccomisiones_otras_lag1	0.00151543746126972	0.00170190092010061	0.0022004738448259
mcuenta_debitos_automaticos	0.00151429056516594	0.00279891654451078	0.00121111929973112
ctarjeta_debito_transacciones_tend6	0.00149942816685426	0.00131265443829184	0.00229679590997098
ccomisiones_otras	0.00149229169214442	0.0022964933664408	0.00269776450673769
cprestamos_personales	0.00149015126006834	0.00321018827593152	0.000922153104295889
ctarjeta_debito_transacciones_avg6	0.00148055025410151	0.00163610089413415	0.00233637009177477
mtransferencias_recibidas_lag1	0.00147652523337658	0.000923470099711863	0.0021228188465694
vm_mfinanciacion_limite_tend6	0.00146171312262218	0.00101255392650628	0.00333095141559835
Visa_fechaalta_lag1	0.00145854938426099	0.0011179023859375	0.00220196721017699
mcaja_ahorro_dolares_delta1	0.00144444549688308	0.00298405328970832	0.00224900821873621
chomebanking_transacciones_lag1	0.00143731884059895	0.00122493776253071	0.00302630488397671
cliente_edad_tend6	0.00143330511856928	0.000903742942900306	0.0033369248770027
mtransferencias_recibidas	0.0014235692948438	0.00146989430375569	0.00250064028039428
ccajas_consultas_tend6	0.00141747837044095	0.00724887188802457	0.00174201068204236
Visa_mpagominimo_avg6	0.0014026653495685	0.00133860436463438	0.00192793466825262
vmr_mpagominimo	0.00139220220968815	0.000891129074121542	0.00175097087414888
vmr_msaldopesos2_avg6	0.00139100149029936	0.00135490580054261	0.00249466681898993
ctransferencias_emitidas_tend6	0.00136752243405436	0.00209552156121707	0.00230500941940195
Visa_mpagospesos_delta1	0.00136718941021935	0.00119811421099127	0.0023714641775253
vm_msaldototal	0.00136414421273944	0.000882926167921893	0.00155832674385872
cprestamos_personales_tend6	0.00136240496511632	0.00171834232910669	0.000994581323823583
mtransferencias_emitidas_tend6	0.00136198904591949	0.00270712858226573	0.00232516985164162
mttarjeta_visa_debitos_automaticos_delta1	0.0013616513502964	0.00109240495883369	0.0019742289941363
mcaja_ahorro_dolares_lag1	0.00134906886791228	0.00146708337848471	0.00210265841432974
vmr_msaldopesos2_lag1	0.00132853770952258	0.00105347132100128	0.00213775250008027
vmr_mpagominimo_avg6	0.00132518692790224	0.00115654401092786	0.00184206616056515
ctarjeta_visa_debitos_automaticos_avg6	0.0013226302495025	0.0015346216048602	0.00144184424647398
vmr_Master_mlimitecompra	0.00132198653467126	0.00116771953545979	0.00243045210889321
cdescubierto_preacordado_avg6	0.00131549019833646	0.00601960762943931	0.000791483636075824
Visa_mconsumospesos_avg6	0.00130214625755107	0.000946889046979118	0.00220346057552807
vm_status01_tend6	0.001301411415652	0.00189894804859378	0.000442782826597136
cproductos_delta1	0.00129780268398685	0.00430045381836451	0.000590625996354695
mautoservicio_avg6	0.00128617652684688	0.0040615517169537	0.00228634235251337
ctarjeta_visa_transacciones_tend6	0.00128531891971007	0.0015507571243809	0.00230948951545521
mcuenta_debitos_automaticos_tend6	0.00127807114513492	0.00220471204085126	0.0019085209186885
mtarjeta_visa_consumo_tend6	0.00127609163131858	0.00141906717593256	0.00178307822919723
ctarjeta_visa_debitos_automaticos_tend6	0.00126584779004088	0.00126873968883951	0.00159491419496034
Visa_mconsumospesos_tend6	0.00126491554683233	0.0018632331886795	0.00274555219797246
Master_fultimo_cierre_avg6	0.00126354992780497	0.00126843379935413	0.0018861204384222
mautoservicio	0.00125968251416175	0.00200989241527726	0.00145005775590495
Visa_mpagominimo_tend6	0.00123667478923988	0.00118869498683792	0.00223034115184763
vmr_mpagospesos_tend6	0.00123511670623204	0.00109352414028415	0.00225498168014056
Visa_mpagado_tend6	0.00123217488593616	0.00127124170796352	0.00201081644523792
Visa_mconsumospesos	0.00122496567350935	0.000872185042659143	0.00212431221192049
Visa_mpagominimo	0.00121115661116416	0.000948703870592574	0.00206159086717486
Visa_cconsumos_lag1	0.00119888521433262	0.000905755659514165	0.00141869708353214
mttarjeta_visa_debitos_automaticos_avg6	0.00118439293592222	0.00133549056653962	0.00136493593089303
mcuenta_debitos_automaticos_avg6	0.00116662880237123	0.00184005919433348	0.00129624112474305
ccaja_ahorro	0.00116341477150961	0.00323526035375092	0.000735482435410082
vm_mpagominimo	0.00116317720146217	0.0016285538101645	0.0015993942910136
vmr_msaldopesos2_delta1	0.00116070602169266	0.00129157038709642	0.00216537975907537
Master_fechaalta_avg6	0.00115219116935932	0.00170081854192157	0.00219599374877264
Visa_cconsumos	0.00111596795276566	0.00076633340407445	0.00139778996861693
cpagomiscuentas_tend6	0.0011089225337477	0.00199818052831436	0.00148739188968211
cliente_antiguedad_avg6	0.0011038678589482	0.00192805943628422	0.00237594427357856
vmr_mconsumospesos_avg6	0.00107486305314697	0.000585036265750588	0.00150456559121961
mcaja_ahorro_dolares	0.00106977360104108	0.00211820564972063	0.00219076697004384
vmr_Visa_mlimitecompra	0.00106689409898187	0.00078866574983644	0.00198542923426945
Visa_cconsumos_delta1	0.00106552980813846	0.000793672804746038	0.00128130747123218
active_quarter_avg6	0.00105967345853986	0.00101946268488316	0.00289190200237893
Visa_mconsumospesos_delta1	0.00105342629488915	0.000812347749994475	0.00186073322745373
Visa_msaldototal_tend6	0.00105311051254549	0.000744706353792556	0.00192868135092816
Visa_fechaalta_avg6	0.00105190046865984	0.00130367444006622	0.00170094313488748
ctarjeta_visa_transacciones_delta1	0.00104199063264746	0.00328738102606449	0.00131042809557837
vmr_mpagominimo_delta1	0.00103987873198011	0.000704745844354385	0.00140525679537236
vm_mpagominimo_avg6	0.00101717105984276	0.00102111641876763	0.00153667294626797
Visa_mpagospesos_avg6	0.00101495175247422	0.000843579247451436	0.00201454985861564
matm_tend6	0.0010126611473578	0.00125777714061595	0.00143064400634083
vm_cconsumos_tend6	0.0010065840714675	0.000865696203575792	0.00167630260659455
vm_mfinanciacion_limite_delta1	0.0010002903903749	0.000716908420559058	0.00235354379331226
ctarjeta_visa_transacciones_avg6	0.000998594627227778	0.000704027878895604	0.0013783762190528
cpayroll_trx_lag1	0.000997769805472496	0.00092888983392718	0.000355420953558578
vm_mpagospesos_delta1	0.000992168313497832	0.000747820755219637	0.00154563313837449
Visa_mfinanciacion_limite_avg6	0.000991250132681858	0.00095086319695978	0.00197721572483847
tcallcenter_avg6	0.000990113257164831	0.000575574808334958	0.000893779162625247
ccuenta_debitos_automaticos_avg6	0.000984028896208441	0.00117830801764601	0.00116706502187407
vmr_Master_mlimitecompra_tend6	0.000983372914260539	0.00140459323361647	0.00169422299080759
ccajas_transacciones_tend6	0.000979975535998108	0.00132721707045873	0.00114615790695886
mpagomiscuentas_avg6	0.00097953214942082	0.00155461543455645	0.00110733040783061
vm_mconsumospesos_avg6	0.000977163665894442	0.00108998800956657	0.00144483097717615
ctransferencias_emitidas_avg6	0.000974010237505269	0.00122940543834774	0.00165390212632826
vmr_mpagado_avg6	0.000957098604429653	0.00124418225348762	0.00170392986558965
cproductos_lag1	0.000954809311876442	0.00378964552773475	0.00133432194119575
vmr_mconsumospesos_tend6	0.000954531021940341	0.000708618634505573	0.00160387438706686
mtransferencias_emitidas_avg6	0.000954455878289293	0.00124958147440412	0.00185102635267167
Visa_mpagominimo_delta1	0.000948156370999415	0.00145044769647214	0.00183235928578309
vmr_mpagospesos_lag1	0.000947464613681945	0.000578508813398866	0.00157998054144948
mttarjeta_visa_debitos_automaticos	0.00093844330376673	0.000719139543472142	0.00126562713504578
mextraccion_autoservicio_tend6	0.000935723085644779	0.00116177248879828	0.00145827126533593
Visa_msaldototal	0.000934088178982808	0.000648582242175865	0.00197273562878521
mcomisiones_otras	0.000933052756911572	0.0012410533720849	0.00160835448312012
vmr_msaldototal	0.000931090222380745	0.000626783845515573	0.00130594799952511
Master_fultimo_cierre_lag1	0.000928189864928752	0.000938281304793887	0.00174649077809562
ctrx_quarter_normalizado_delta1	0.00092329774839545	0.000972564457116826	0.00172558366318041
vmr_mpagominimo_tend6	0.000922279306542131	0.00126490913195061	0.00184355952591624
vmr_mpagospesos_avg6	0.00091555120959629	0.00055794543799414	0.00145901794801147
ctarjeta_debito_transacciones_delta1	0.000913586929934331	0.00165056699313011	0.00131714823965826
ctarjeta_debito_transacciones	0.000913296776487037	0.00124015742359222	0.00113346430147462
ccuenta_debitos_automaticos_tend6	0.000912744468040579	0.00312100912263081	0.00121485271310884
mprestamos_personales_avg6	0.000908565049118679	0.00105310811494566	0.00121261266508221
Visa_fultimo_cierre_avg6	0.000901312582016135	0.000908551501477182	0.00178681164257495
Visa_mpagado_avg6	0.000885103753878389	0.0012286820428981	0.00185401308337384
vm_fechaalta_lag1	0.000873855754617333	0.000759329922523587	0.00189956072658198
mcuenta_debitos_automaticos_lag1	0.000873033617523614	0.00141430386727956	0.000828071087177442
vmr_mpagospesos_delta1	0.000871845845636875	0.000579961034289022	0.00161582130987555
cextraccion_autoservicio_avg6	0.000866609519275697	0.00094261081751003	0.00141347030480334
mautoservicio_delta1	0.000861448145930102	0.00133387363592656	0.00149336535108646
vmr_msaldopesos_delta1	0.000856119441612038	0.00227808207741546	0.00101772848676542
Visa_mpagospesos_lag1	0.000853403595991344	0.0012055484718174	0.00205263067506834
ccaja_seguridad	0.000852778092767389	0.0105771365219742	0.00043456931716616
Master_fultimo_cierre	0.000851097184958464	0.000953706702175943	0.00195182851387
vm_mpagominimo_tend6	0.00084987386764892	0.00148359899736594	0.00168974289475433
mtransferencias_emitidas_delta1	0.000849595004464276	0.00170414410966006	0.0013402954026001
vm_mpagominimo_lag1	0.000848560409824175	0.000605921820613287	0.00108492992756431
vmr_msaldototal_avg6	0.000845612954090809	0.000925161843532385	0.00125144016421045
vmr_msaldototal_tend6	0.000841566589169079	0.00104950441100843	0.0015717670320185
ctarjeta_debito	0.000839613831708997	0.000378216963697866	0.00140675016072345
mcomisiones_otras_lag1	0.000838499250356141	0.00105477512214113	0.00177785145046843
Visa_msaldototal_delta1	0.00083250404099111	0.000838182439864215	0.00151352578332613
mextraccion_autoservicio_avg6	0.000829324441946759	0.000698661841256616	0.00140525679537236
ccallcenter_transacciones	0.000825321175719915	0.00304965361267742	0.0007720698865117
mautoservicio_lag1	0.000824130023584105	0.00126991015353702	0.00127384064447675
Master_mlimitecompra	0.000822169392120814	0.000445127121130001	0.00147917838025114
vm_mpagominimo_delta1	0.000816398583232722	0.0010060017375295	0.00124322665477948
Visa_mconsumospesos_lag1	0.00081197838466732	0.000599641131179751	0.00159342082960925
ctarjeta_visa_transacciones_lag1	0.000811410100804764	0.000653656266972794	0.0012193328091621
vm_fultimo_cierre_avg6	0.000807976565148998	0.000847132271473923	0.00155085991710329
Visa_fultimo_cierre_lag1	0.000802082314073073	0.000485111763860905	0.00143288405436746
vm_cconsumos_avg6	0.000800790180984163	0.00134786008572947	0.00122381290521535
vm_status04	0.000799109782404732	0.00214020797270451	0.000179950524805919
vmr_mpagado_tend6	0.000793734179259697	0.000796775742859071	0.00154189972499677
vm_mpagado_avg6	0.000791531944141693	0.000857674900403952	0.00134178876795118
Visa_mlimitecompra_tend6	0.000788458172600809	0.00120090703629269	0.00187342683293796
Visa_mlimitecompra	0.000788284973266226	0.000344623420214748	0.00114989132033657
vmr_msaldopesos	0.000778627663385931	0.000677180797395751	0.00107746310080888
vmr_mconsumospesos	0.000774581144085422	0.000868531262139499	0.00120066574227351
mtarjeta_visa_consumo_avg6	0.000773283701136893	0.000861017361447352	0.00118647877143819
Master_mlimitecompra_tend6	0.00076964251905966	0.000719028530325575	0.00137538948835063
ccaja_seguridad_avg6	0.000769001160163562	0.00139969115853025	0.000218031341258623
Master_mfinanciacion_limite_avg6	0.000767879980595839	0.000714648941027012	0.00155832674385872
ccallcenter_transacciones_delta1	0.000765752075697404	0.00461569495467789	0.000955753824695335
Visa_mconsumosdolares_tend6	0.000761528942358589	0.000919168340282362	0.00109090338896866
catm_trx_other_tend6	0.00075967945177294	0.00194609424594294	0.00100951497733445
vm_mpagado_tend6	0.00075672401923141	0.00177455962786154	0.00135224232540879
mtransferencias_emitidas	0.000753182992005517	0.00177567518931808	0.00124397333745502
cpagomiscuentas_avg6	0.000752761036912659	0.00137931119615029	0.00110285031177735
vm_mpagospesos_lag1	0.000751405625121453	0.000565883481306055	0.00137912290172835
matm_avg6	0.000748221619720315	0.000769859278142613	0.00122381290521535
cprestamos_personales_avg6	0.000747177472281297	0.00181918872277874	0.00113122425344799
Visa_msaldopesos_tend6	0.000746294145240911	0.000981726661702577	0.00125442689491263
mcomisiones_otras_tend6	0.000745811901029577	0.00286138677941252	0.0020675643285792
mpagomiscuentas_tend6	0.000745768454759989	0.00125185362391485	0.00135000227738216
vm_mfinanciacion_limite	0.000741492564248104	0.000483143090506282	0.0017927851039793
vm_fultimo_cierre_lag1	0.00074139894613033	0.000483316246881635	0.0015217392927571
Master_msaldototal_tend6	0.00074114196140191	0.00299089206153629	0.000884072287843185
Visa_fultimo_cierre	0.000733717522409478	0.000796160343894402	0.00146947150546908
Visa_mpagominimo_lag1	0.00073150615676619	0.00104047674952966	0.00160910116579566
cextraccion_autoservicio_tend6	0.000730803966420333	0.00192626331597263	0.00138434968045715
vmr_msaldopesos_tend6	0.000730201084237603	0.000913413756630387	0.00137240275764846
Visa_mpagospesos	0.000726947050507808	0.000788221093917851	0.00195257519654555
ctransferencias_recibidas_delta1	0.000724858473655597	0.00124633856319324	0.00117303848327841
vm_fultimo_cierre	0.000720809156594086	0.000473811952871406	0.00136344256554194
Visa_msaldopesos	0.000716316249851336	0.00077432997062124	0.00110807709050615
vm_msaldototal_tend6	0.00070619871319667	0.000793278225409868	0.00134328213330227
vmr_msaldototal_delta1	0.000694722492785069	0.000916254848517276	0.00121186598240666
mttarjeta_visa_debitos_automaticos_lag1	0.000689487662949432	0.000537219162863473	0.00104311569773389
mcomisiones_mantenimiento_lag1	0.000689168160979184	0.00156820971835246	0.0016098478484712
vm_mpagospesos	0.000689093767797054	0.000442477285588014	0.00118946550214037
vm_fechaalta_avg6	0.000688080002215145	0.000916923340725956	0.00148515184165549
Visa_msaldototal_avg6	0.000687353180676839	0.000501165230186315	0.0013402954026001
ccajas_consultas	0.000685640240339646	0.00217856603150527	0.000521931190204718
vm_mconsumospesos_tend6	0.000681928293730473	0.000712064265375402	0.00137464280567509
catm_trx_avg6	0.000670540747811877	0.000626104493325163	0.00102892872689857
ccajas_consultas_avg6	0.000669780982003846	0.00173438493545037	0.00081836421239538
ccajas_transacciones_avg6	0.000660920075067077	0.000816975912208178	0.000812390750991035
Master_fultimo_cierre_tend6	0.000660390975797604	0.00300915010415278	0.00135149564273325
mpagomiscuentas_lag1	0.00065689723366632	0.000717351266480692	0.000689934792201945
ccajas_extracciones_tend6	0.000654948442126008	0.00177194659559097	0.000786256857347022
mtransferencias_emitidas_lag1	0.000654208312712451	0.00102096317235878	0.000933353344429038
vmr_mconsumospesos_delta1	0.000645666577872726	0.00108496164802279	0.00120514583832677
Visa_mfinanciacion_limite_lag1	0.000645099311135549	0.000645194531208593	0.00127608069250338
Master_mfinanciacion_limite_lag1	0.000644002106199211	0.000529249746271007	0.00125293352956154
vmr_mpagospesos	0.000637142221763427	0.000410825868837514	0.00131490819163163
ccomisiones_mantenimiento_delta1	0.000636492262329835	0.00323150099007557	0.000592866044381325
Master_cconsumos_avg6	0.000635834553605123	0.000961443232493544	0.000709348541766069
vmr_Master_mlimitecompra_avg6	0.000632908741470608	0.00100382491452507	0.00130594799952511
Visa_msaldopesos_delta1	0.000631852809646372	0.00108339901731838	0.000910206181487198
Visa_Fvencimiento_tend6	0.000625404790638034	0.00152968755316112	0.00118349204073602
mtarjeta_visa_consumo_delta1	0.000620715524253978	0.000752196121191971	0.0012297863666197
Master_mpagospesos_lag1	0.000615112284401616	0.000678129235800124	0.000583905852274806
Master_mlimitecompra_delta1	0.000613823487849735	0.000970709813570362	0.00139778996861693
Master_mpagospesos	0.000613646116478992	0.000460638191701257	0.000534624795688953
cprestamos_personales_lag1	0.000613255701723229	0.00163952359837589	0.000554038545253077
Visa_msaldopesos_avg6	0.000612287711495466	0.000738387051090649	0.000923646469646976
vm_mpagospesos_avg6	0.000611464488572022	0.000614895182183409	0.00139629660326584
vmr_msaldopesos_avg6	0.000609005699812892	0.000585605811459066	0.000924393152322519
mpagomiscuentas_delta1	0.000607907028329798	0.00205876414305677	0.000948286997939902
vmr_mpagominimo_lag1	0.000607677493406153	0.000545726751883865	0.00115138468568766
Master_mpagospesos_tend6	0.000606207046996194	0.00144572300108751	0.000837031279283961
mprestamos_personales_delta1	0.00060585297540122	0.00302946912996859	0.00109986358107518
catm_trx_tend6	0.000602896849007822	0.000885142207527021	0.00131042809557837
vm_cconsumos	0.000597880282243604	0.000501883195645095	0.000753402819623119
ctransferencias_recibidas	0.000595784676672938	0.00151060234193624	0.00121261266508221
ccaja_ahorro_avg6	0.000594497612877207	0.00172289145478669	0.000602572919163387
vmr_msaldopesos_lag1	0.000592806004890267	0.000596581029661318	0.0007996971455068
cpayroll_trx_tend6	0.000591127325420745	0.00179557369250804	0.0007996971455068
vm_mlimitecompra_delta1	0.000590953019592594	0.000417045621706901	0.000990101227770323
vm_msaldototal_avg6	0.000588273484305868	0.000542174934526015	0.00112823752274582
vmr_msaldototal_lag1	0.000587922192742357	0.000462376392110288	0.00105058252448933
mv_status07	0.000587744847045018	0.000527261766282198	0.00050849090204494
Master_mpagospesos_avg6	0.000582163708707469	0.000733616502449826	0.000717562051197044
ccomisiones_otras_delta1	0.000580187123312134	0.000833331648025058	0.00108567661023986
Visa_mlimitecompra_delta1	0.000579685440285224	0.000827554741077305	0.00166286231843477
vm_msaldopesos_tend6	0.000578506866936462	0.00078739995863264	0.00104162233238281
Visa_fultimo_cierre_tend6	0.000577945546479501	0.00501340558558013	0.00126488045237023
mcuenta_debitos_automaticos_delta1	0.000573696804179669	0.00103001979378883	0.00113421098415017
vm_msaldototal_delta1	0.000569327385475796	0.000939028833536265	0.000987861179743694
matm_other_tend6	0.000568477910192736	0.000807199515322394	0.00082060426042201
vm_mlimitecompra_tend6	0.000566346937706611	0.000855647100482135	0.00142392386226094
ctarjeta_debito_transacciones_lag1	0.000565289337076478	0.000405914743766526	0.000841511375337221
vm_status03_delta1	0.000562429266964335	0.000101946268488316	3.8827499128248e-05
mcomisiones_otras_delta1	0.000561915237097302	0.00163722490224315	0.0014888852550332
Master_mpagominimo_delta1	0.000555818537759752	0.000218161346304502	0.000401715279442258
vmr_mconsumospesos_lag1	0.00055410726282537	0.000702374145011135	0.00113570434950125
ctransferencias_recibidas_lag1	0.00055399517205179	0.00178608448180576	0.00102967540957411
Master_mconsumospesos_avg6	0.000553516175045221	0.00102971692096504	0.000670521042637821
ctarjeta_visa_debitos_automaticos	0.000552015919085916	0.000430638095505952	0.000698894984308464
ccajas_otras_tend6	0.000550461920655823	0.00174407203915304	0.000501024075289508
mpayroll_avg6	0.000549840339558264	0.001110175508937	0.000701881715010637
Visa_mconsumosdolares_avg6	0.000548917226010504	0.000463186667413769	0.000964714016801854
ctarjeta_visa_debitos_automaticos_lag1	0.000538094604237924	0.000335589725412795	0.00058017243889709
vm_mconsumospesos_lag1	0.000536771774750209	0.000257273570503139	0.000951273728642075
mpayroll_tend6	0.000536753143044102	0.00184626326056259	0.000807163972262232
Master_Fvencimiento_tend6	0.000535180471063459	0.000732412251142493	0.00108866334094203
vm_fultimo_cierre_tend6	0.000531619944598303	0.00091581984591578	0.000863165172927974
vm_mconsumospesos	0.000531000125301391	0.000471763639650766	0.000986367814392607
mpayroll_delta1	0.000529295692332186	0.001387578658908	0.000621239986051968
Visa_status	0.000528044648153531	0.0013683444246005	0.000185923986210264
matm_other_avg6	0.000527827452050126	0.00231987973376287	0.000910952864162741
Master_mconsumospesos_tend6	0.000526052284086749	0.00125080020568709	0.000678734552068796
vmr_mconsumosdolares_avg6	0.00052148814260071	0.00051304243020443	0.000615266524647622
vm_msaldototal_lag1	0.000519033686843837	0.000598429639884599	0.000958740555397508
vm_mfinanciacion_limite_lag1	0.000518703830054876	0.000326254967784009	0.000940073488508927
vmr_Visa_mlimitecompra_tend6	0.000515947478029891	0.00153406231580113	0.00100204815057902
vm_cconsumos_lag1	0.000515820942212596	0.000813053648806889	0.000713081955143785
Master_mpagominimo_tend6	0.000503849093992673	0.00186088803595826	0.000674254456015537
Visa_msaldototal_lag1	0.000503329898314549	0.000777938501217011	0.00104012896703172
vmr_Master_mlimitecompra_lag1	0.000502324672643101	0.000579235828842421	0.000986367814392607
vmr_Visa_mlimitecompra_avg6	0.000497488916178881	0.000653965776452083	0.00117527853130504
mpagomiscuentas	0.000496212795526735	0.000969815071742318	0.00072353551260139
mplazo_fijo_dolares_delta1	0.000492435452706695	0.00307274193383424	0.000518197776827002
vm_mfinanciacion_limite_avg6	0.000486516582406398	0.00041834700951748	0.000914686277540457
vm_status04_tend6	0.000485653210956952	0.00061934656802785	0.0002867261474086
mextraccion_autoservicio_delta1	0.000483179771931399	0.000874625521886679	0.000792977001426911
mpayroll_sobre_edad_avg6	0.000482461979878329	0.00118511963951966	0.0006287068128074
mpayroll_lag1	0.000476615691912867	0.000585876707669984	0.00045995652813463
ctarjeta_visa_debitos_automaticos_delta1	0.00047229043909389	0.00054962910531865	0.000594359409732411
vmr_mconsumosdolares_tend6	0.000471238259869502	0.000814687472724854	0.000625720082105227
Master_mconsumospesos	0.000470237152187781	0.000699371963395259	0.000486090421778643
cpagomiscuentas_delta1	0.000470212092187913	0.0011557904488623	0.000589879313679152
cextraccion_autoservicio_delta1	0.000466383836353526	0.000487573359719582	0.000486090421778643
vm_cconsumos_delta1	0.000466255039532458	0.000867629883655954	0.00069814830163292
mtarjeta_visa_consumo_lag1	0.000464630555576931	0.000613547941116639	0.000922899786971433
thomebanking	0.000460551057185891	0.000381007979002336	0.000637667004913919
vm_mconsumospesos_delta1	0.000451863638559479	0.00035086609971223	0.000927379883024692
mplazo_fijo_dolares	0.000440159152334808	0.00302033709199875	0.000412915519575406
Master_mconsumospesos_lag1	0.00043179705096619	0.000756223967748963	0.000409928788873233
Master_msaldototal	0.000429351247709306	0.00048247882162383	0.000502517440640594
ctransferencias_emitidas_delta1	0.00042903888649346	0.00055764678849658	0.000621239986051968
Master_mpagado_avg6	0.000428530449478083	0.00060585666072291	0.00055478522792862
Master_cconsumos_lag1	0.000424281287520171	0.00138920463950583	0.000315846771754786
catm_trx_delta1	0.000422991188311283	0.00110227909555504	0.000521931190204718
matm_other_delta1	0.000419566346442014	0.000516776453922408	0.00050849090204494
cpagomiscuentas	0.000419261905982071	0.000459076767661488	0.000512970998098199
Master_mpagominimo_avg6	0.000418178970435609	0.000250145802494706	0.000468170037565605
Master_cconsumos_tend6	0.000418050306832177	0.00107383499340864	0.000601826236487844
vm_msaldopesos_delta1	0.000417856288337273	0.00170732849763606	0.000813137433666578
vm_msaldopesos_lag1	0.000416103763825917	0.000495236886826668	0.000751909454272033
vm_status05_tend6	0.00040883361382465	0.000396614979412202	0.000175470428752659
cpagomiscuentas_lag1	0.000407486905000506	0.000939678019110759	0.000502517440640594
Master_mpagado_tend6	0.000405443466601657	0.000413673597379904	0.00050625085401831
thomebanking_delta1	0.000401739730914317	0.00173188894964955	0.000675747821366624
cmobile_app_trx	0.000400904806267724	0.000424929968442486	0.000808657337613319
mforex_sell_tend6	0.000399147379731419	0.000780876126274829	0.000644387148993808
ccajas_otras_avg6	0.000398287536637746	0.00156250702127985	0.00040918210619769
cplazo_fijo_tend6	0.000397664699945736	0.00170241737256508	0.000419635663655295
Visa_mpagado_delta1	0.000396637500442581	0.000542878420009156	0.000736975800761168
ctarjeta_visa_descuentos_avg6	0.000395967710000678	0.00118762527863757	0.000282992734030884
Master_msaldopesos_tend6	0.000395868341613751	0.0017112555876959	0.000601826236487844
ctarjeta_debito_lag1	0.00039411050818014	0.000402002737014649	0.000824337673799726
foto_mes	0.000388631807220919	0.000494384378260906	0.00106103608194693
tcuentas_avg6	0.00038278243200967	0.000635419944319764	0.000598839505785671
Visa_mconsumototal_delta1	0.000382394074777418	0.000205481110970725	0.000518197776827002
cpayroll_trx_delta1	0.000380784458180737	0.00182475808340899	0.000439049413219419
cseguro_vivienda_avg6	0.000379790634638668	0.000181933653919672	0.000327793694563478
cmobile_app_trx_lag1	0.000375211525323815	0.000641765793643676	0.000754896184974206
matm_delta1	0.000375096693237344	0.000541781561854481	0.000601826236487844
Visa_mlimitecompra_avg6	0.000374014975408397	0.000398479276275758	0.000632440226185116
vm_mconsumosdolares_avg6	0.00037372650990072	0.000530580697365184	0.000445769557299309
cseguro_vida_tend6	0.000370909254169008	0.000469464340185713	0.00038827499128248
Master_msaldototal_avg6	0.000369651066559989	0.000222597045508667	0.000471156768267778
mcaja_ahorro_adicional_tend6	0.000361174522515677	0.000768875846463779	0.000280006003328711
cextraccion_autoservicio	0.00036113672265065	0.000529936941781554	0.000481610325725384
cextraccion_autoservicio_lag1	0.000358861776836379	0.000373213528782178	0.000450996336028111
vm_Fvencimiento_tend6	0.000358521553389164	0.000600767552618023	0.00086913863433232
mv_status07_delta1	0.000357263171665152	0.00293154708804335	0.000865405220954604
cprestamos_personales_delta1	0.000354925478961492	0.00050748513622054	0.000241178504200463
ccajas_depositos_avg6	0.000354768209022367	0.00103537617811073	0.000311366675701527
catm_trx_other_avg6	0.000352070832271557	0.00106541187091281	0.000592119361705782
vmr_Visa_mlimitecompra_lag1	0.000351818153054217	0.000622077853432808	0.000966954064828483
mextraccion_autoservicio_lag1	0.000351201082374002	0.000492279955134664	0.0004853437391031
Master_msaldototal_delta1	0.000350650201825334	0.000397863877311089	0.000591372679030239
mextraccion_autoservicio	0.000349157793341195	0.000828410266304659	0.000623480034078597
vmr_mpagado_lag1	0.000348394156002761	0.00042823502288215	0.000496543979236248
Visa_mconsumototal_tend6	0.000346926012686494	0.000469937352723263	0.000718308733872588
ctransferencias_emitidas_lag1	0.000343869831612132	0.000205092564957738	0.000439796095894963
Master_mpagospesos_delta1	0.00034073566787658	0.00216789730612072	0.00058017243889709
vmr_mpagado_delta1	0.000340478464896371	0.000580910679358031	0.000644387148993808
mtarjeta_master_consumo	0.000340015726996325	0.00132579984284303	0.000338247252021083
Visa_delinquency_tend6	0.000335390868490751	0.00158585055200732	0.00040918210619769
vmr_mconsumototal_lag1	0.000335203329521841	0.000159077615705395	0.000317340137105873
active_quarter_tend6	0.00033379848383969	0.00183057481028975	0.00116109156046972
vm_status03_tend6	0.000333797787824981	0.000313627222361925	0.000176963794103746
vmr_mconsumototal_tend6	0.000331979172698497	0.000182611196113127	0.000456969797432457
Visa_mpagado_lag1	0.000331170710051674	0.000366356656984663	0.000589879313679152
Visa_mconsumosdolares_delta1	0.000330852746281767	0.000372727242933626	0.000488330469805273
tcallcenter	0.000327390172320099	0.000397754674161476	0.000171737015374943
ccuenta_debitos_automaticos	0.00032711964280103	0.000581002385870413	0.000361394414962924
vm_msaldopesos_avg6	0.000322424594101091	0.000535359692658463	0.000810150702964405
vm_status04_delta1	0.000322132766493404	0.00235332244416641	0.000155309996512992
Visa_status_tend6	0.000319585007598056	0.000409496124407974	0.000203844370423302
ctarjeta_master_debitos_automaticos_tend6	0.000319384862096781	0.000704531058049069	0.000313606723728157
cforex_tend6	0.000319037439007774	0.000441172277783524	0.00043680936519279
Visa_msaldopesos_lag1	0.000316303089095322	0.00048936224004335	0.00072801560865465
mttarjeta_master_debitos_automaticos_tend6	0.000313131733897505	0.00133363531966084	0.000383048212553677
mplazo_fijo_dolares_tend6	0.00031275361058036	0.000826177936726937	0.000403208644793344
vm_mpagado_delta1	0.000311736326131607	0.000273273943584538	0.00043232926913953
mv_status07_tend6	0.00030739960495349	0.00105079011217874	0.000627213447456314
mforex_sell_avg6	0.000306594227976415	0.000993970687770221	0.000459209845459087
ccaja_ahorro_lag1	0.00030640471661245	0.000441487820585997	0.00026805908052002
Master_msaldototal_lag1	0.000304659603722891	0.00035282873974367	0.000347954126803145
ctarjeta_visa_descuentos_tend6	0.000304448332523343	0.000318998086659459	0.000291952926137403
ctarjeta_master_transacciones_tend6	0.00030332793575301	0.00149447285573872	0.00046219657616126
matm_other	0.000300150896587257	0.000686781021244591	0.00041366220225095
cdescubierto_preacordado_tend6	0.000299307834823135	0.00663120077384465	0.000342727348074343
ccajas_depositos_tend6	0.00029608579719119	0.00136077924066129	0.000440542778570506
Visa_mconsumototal_avg6	0.00029485503010517	0.000275856809239194	0.000598092823110128
ccomisiones_mantenimiento	0.000294281151510245	0.00153735168360052	0.000500277392613964
vm_status02_avg6	0.000292595568688659	0.000473126567357813	0.000168003601997227
ctarjeta_master	0.000289750935603487	2.18967398281755e-05	8.21350943097553e-05
cplazo_fijo_avg6	0.000287572870410526	0.00118521918935218	0.000297926387541749
Master_mpagominimo	0.00028261660870847	0.000509939492091397	0.000401715279442258
Visa_mpagosdolares_tend6	0.000278238019156884	0.00118233043421214	0.000441289461246049
ccajeros_propios_descuentos_tend6	0.000276230370210469	0.000509039320272489	0.000270299128546649
thomebanking_lag1	0.000275546285866445	0.000129778591663958	0.000470410085592235
catm_trx_other_delta1	0.000274858575134639	0.000308774017193494	0.000309873310350441
Master_fechaalta_tend6	0.000269906820510273	0.000177933560649322	0.000410675471548777
Master_mconsumospesos_delta1	0.000267430205197506	0.000808578129669717	0.000361394414962924
cforex_avg6	0.000265608032020832	0.00117167075881236	0.000332273790616738
ctransferencias_emitidas	0.000265045600513239	0.000943156229925776	0.000583159169599263
Master_msaldopesos_avg6	0.000261483494435658	0.000260816941208533	0.000321073550483589
ccaja_seguridad_tend6	0.000259895762522808	0.000165450011651312	9.25886517673606e-05
ctarjeta_master_transacciones_avg6	0.000259292371710507	0.000659512813786563	0.000336007203994454
ccallcenter_transacciones_lag1	0.000258737671112767	0.00109127250407224	0.000338247252021083
cseguro_accidentes_personales_avg6	0.000254012408015497	0.000410355269629237	0.000495050613885162
Master_mpagominimo_lag1	0.00025340237610065	0.000206052466676158	0.0002867261474086
mtarjeta_master_consumo_tend6	0.000252940157360978	0.00097877455666912	0.000389768356633566
vm_mconsumosdolares_tend6	0.000250371190442186	0.000567686238273144	0.000464436624187889
vm_mconsumototal_avg6	0.000248762462537712	0.000384382416658606	0.000394248452686826
vm_mconsumototal_tend6	0.000248637604016329	0.000190752562416309	0.000401715279442258
mpayroll_sobre_edad_lag1	0.000247620941651579	0.000199909940343514	0.000340487300047713
mpayroll_sobre_edad_tend6	0.000245899385913743	0.00160910780621327	0.000610039745918819
Visa_mpagado	0.00024409285058704	0.00116810265148192	0.000420382346330839
vmr_Master_mlimitecompra_delta1	0.000243941727078005	0.000391347284941097	0.000246405282929266
vmr_msaldodolares2_tend6	0.000238654673015347	0.000825108228526586	0.000308379944999354
Master_status_avg6	0.000235124333014247	0.00117934092257495	0.000141123025677671
ctarjeta_debito_tend6	0.000234818849207644	0.00130984351302087	0.000634680274211746
mplazo_fijo_dolares_avg6	0.000234468055034265	0.000704998640595754	0.000324806963861305
ccajas_extracciones_avg6	0.000233840347824521	0.000978176654341681	0.000445022874623765
catm_trx_lag1	0.000225399021219815	0.000175503338071197	0.000280006003328711
vm_status06_avg6	0.000223866643928775	4.62013789386988e-05	8.7361873038558e-05
mttarjeta_master_debitos_automaticos_delta1	0.000221741840959681	0.00103159630113656	0.000352434222856405
Master_cconsumos_delta1	0.000219118360484463	0.000165097062245105	0.000206831101125475
mtarjeta_visa_descuentos_avg6	0.000218018538824209	0.000990470756991744	0.00031211335837707
ccaja_seguridad_lag1	0.000217695943130451	0.000341559698702405	5.45078353146558e-05
Visa_mconsumosdolares	0.000216696240784371	0.000702302348465257	0.000489823835156359
Visa_mconsumototal_lag1	0.000215834661808173	0.000162572719825325	0.000399475231415628
vm_status06	0.000214219006597952	0.000500668687688351	4.853437391031e-05
vmr_msaldodolares2_avg6	0.000214040271018625	0.00130115432097267	0.000303153166270551
mcheques_depositados_avg6	0.000213701752343124	0.00166153497134454	0.000220271389285253
Visa_mconsumosdolares_lag1	0.000212382387309382	0.000358600216700558	0.000403955327468888
ccajas_consultas_delta1	0.000212382274150432	0.000991792054768828	0.000350194174829775
vmr_mconsumototal_avg6	0.00021113030071715	0.000125516652167465	0.000380061481851504
ccuenta_debitos_automaticos_lag1	0.000211020230729529	0.000157971707565945	0.000229231581391772
Visa_mlimitecompra_lag1	0.00021071872442079	0.000272791277729895	0.00043456931716616
mpayroll_sobre_edad_delta1	0.000207857888394818	0.0010303021533138	0.000418142298304209
cforex_sell_tend6	0.000204382139669547	0.000390547869619345	0.000271045811222193
cseguro_vida_avg6	0.000203527192623098	0.000753286342691145	0.000493557248534075
Visa_mconsumototal	0.000203517568814917	0.000207733350514951	0.000499530709938421
Master_mconsumototal_tend6	0.000203204325479469	0.000395904253941241	0.000224004802662969
ccheques_depositados_avg6	0.000201357033567771	0.00147431371298726	0.000188164034236894
mplazo_fijo_dolares_lag1	0.000201301099943785	0.00138745919910898	0.000269552445871106
mtarjeta_master_consumo_avg6	0.000198301517927061	0.000343800474932582	0.000268805763195563
ctarjeta_master_debitos_automaticos_avg6	0.000198053667456059	0.00058874012285265	0.000216537975907537
mcajeros_propios_descuentos_avg6	0.000196530146116824	0.000229796610062978	0.000155309996512992
vm_mpagado_lag1	0.000192384901946695	0.000318513007475543	0.00038827499128248
active_quarter	0.00019034175752302	0.000199279458070887	0.000842258058012764
Visa_fechaalta_tend6	0.000189918198838319	0.00113542918978421	0.000450996336028111
Master_mlimitecompra_avg6	0.000189377452357662	0.000371365521891216	0.000539851574417756
mcheques_depositados_tend6	0.000188588044554986	0.000507765685748551	0.000108268987953768
mtarjeta_visa_descuentos_tend6	0.000187775544031341	0.000635935793451913	0.00019637754366787
Master_cconsumos	0.00018719923836858	0.000236680631814817	0.000252378744333612
Master_msaldopesos_delta1	0.000186308972009387	0.000500691614316447	0.000294939656839576
vmr_msaldodolares_tend6	0.000185862099461969	0.00071124373342251	0.000228484898716229
Master_fultimo_cierre_delta1	0.000184551150447697	5.93347168435213e-05	0.000315100089079243
vm_mpagosdolares_tend6	0.000183083399028959	0.00029536736974848	0.000205337735774388
ccheques_depositados_tend6	0.000181960243427751	0.00127505356155056	0.000204591053098845
Master_msaldopesos_lag1	0.000181796151191219	0.00200608237168718	0.000251632061658069
Master_status	0.000181734878987744	0.000238292735769323	0.000224751485338512
Visa_msaldodolares_tend6	0.000181348022941335	0.000553139896078856	0.000279259320653168
vm_status05_delta1	0.000178221047168099	0.000782403160372454	6.57080754478043e-05
ctarjeta_master_transacciones	0.000178165361995908	0.000396796582440011	0.000249392013631439
Master_msaldopesos	0.000177449077279358	0.000271253383650541	0.000280752686004255
matm	0.000175707184727893	0.00104218478332278	0.00046219657616126
vm_status02	0.000174460271954942	0.000397645471011863	7.69083155809527e-05
cforex_sell_avg6	0.000174339357879361	0.000181926413931853	0.000176217111428202
Visa_mpagosdolares_avg6	0.000174106302073774	0.00110227668222577	0.000326300329212392
Master_mconsumototal_avg6	0.000173826385550473	0.00035625627064395	0.000199364274370043
vmr_mconsumototal	0.000170635690956248	0.000261129467349414	0.000332273790616738
cdescubierto_preacordado_lag1	0.000169831199091631	0.000321503122445054	0.000338993934696627
catm_trx_other	0.000166492930757912	0.000181823244105423	0.00021728465858308
mcajeros_propios_descuentos_tend6	0.000166074771725433	0.000763195472686955	0.00019189744761461
vm_mlimitecompra	0.000165867218787994	0.000105250719595663	0.000452489701379198
ctarjeta_master_descuentos_avg6	0.000165188401868428	0.000949733758859917	0.000144109756379843
active_quarter_lag1	0.000164381351061731	0.000168749032767794	0.000548065083848731
vm_mconsumototal	0.000164343768854143	0.000117121282958277	0.000252378744333612
vmr_mpagado	0.000164191877812616	0.000556777386625906	0.00026357898446676
Master_mlimitecompra_lag1	0.000162489779780751	0.000235865529852789	0.000419635663655295
catm_trx	0.000160858878807132	0.00084810423983871	0.000309873310350441
matm_lag1	0.000160131548605649	0.00029629891484794	0.000338993934696627
Master_mconsumototal_delta1	0.000158630112812345	0.00033140320245609	0.000110509035980398
cplazo_fijo_delta1	0.000157002697241268	0.000359276552229376	0.000132162833571152
Master_Fvencimiento_delta1	0.000155936325260896	0.000159329205282127	0.000308379944999354
vm_mlimitecompra_avg6	0.000155341713564541	0.000180198470172232	0.000303899848946095
cplazo_fijo	0.000153619050968029	0.000216414095910696	0.000126189372166806
vm_mconsumosdolares	0.000152874594294051	0.000410281663086404	0.000189657399587981
vmr_mconsumototal_delta1	0.000152528732460211	0.000353108685939363	0.000336007203994454
matm_other_lag1	0.000151648880057297	0.000589550398156132	0.000254618792360242
vm_mlimitecompra_lag1	0.000151200050923729	0.000123552805471388	0.0002867261474086
Visa_msaldodolares_avg6	0.000151015931158885	0.000500476828011131	0.000253872109684698
cliente_edad_delta1	0.000150205283472637	9.46006975129758e-05	0.000287472830084144
cinversion1_tend6	0.000149882022538512	0.000175309668397022	5.30144699635694e-05
vmr_mconsumosdolares_delta1	0.000149521923030604	0.000173616717911864	0.000209817831827648
vmr_msaldodolares_avg6	0.000149417125006276	0.000760250004308999	0.000230724946742858
Master_msaldodolares_avg6	0.000147874619725864	0.000878666641754673	0.000130669468220065
catm_trx_other_lag1	0.000147294731087264	0.00019379215063592	0.000189657399587981
vmr_mconsumosdolares_lag1	0.000143933961902593	0.000230894071549971	0.000223258119987426
Visa_delinquency_avg6	0.000142905797653243	0.000309757448872328	0.000253872109684698
vm_status02_tend6	0.000141176577214609	0.000149273465532969	0.000162776823268424
vm_fechaalta_tend6	0.000140510238906959	0.000426898038464791	0.000367367876367269
vm_mconsumosdolares_delta1	0.00013948507846549	0.000266111182301643	0.000191150764939067
vm_mconsumototal_delta1	0.000137402101346291	0.000102255777967606	0.000259845571089044
vmr_mpagosdolares_tend6	0.000132296134182661	0.000513020106908653	0.000220271389285253
Master_mpagado	0.000129918151234573	0.000197845337150281	0.000123949324140176
ctarjeta_master_avg6	0.000129536879096546	3.43000456278512e-05	6.04812967190017e-05
cseguro_accidentes_personales	0.000129427523668334	8.24224346680272e-05	0.000169496967348313
Visa_Finiciomora_lag1	0.000124824842049501	0.000723544472728074	0.000126189372166806
mforex_sell_delta1	0.00012287808600129	0.00035698871607837	0.000165016871295054
Visa_mpagosdolares_delta1	0.000122052261079318	0.000462046972664494	0.000159043409890708
vmr_Visa_mlimitecompra_delta1	0.000121315216843037	0.000384209863615571	0.000187417351561351
mcaja_ahorro_adicional	0.000121185891710864	0.000226646612029117	0.000112749084007028
cseguro_accidentes_personales_tend6	0.000120570234568143	0.00136159796261723	0.000225498168014056
vm_msaldodolares_avg6	0.000120377366847753	0.00163476209971984	0.000218778023934166
mcaja_ahorro_adicional_delta1	0.000119223967080111	0.000411386364561217	0.000150829900459733
Visa_Fvencimiento_delta1	0.000118211163029289	3.97101265260754e-05	0.000203844370423302
vmr_msaldodolares2	0.000116983059338233	0.00151145183384041	0.000178457159454832
mtarjeta_master_descuentos_avg6	0.000116407364229044	0.00118768862853099	8.58685076874715e-05
Master_msaldodolares_lag1	0.000116313489109112	0.000693573939816366	0.000125442689491263
Master_mpagosdolares_tend6	0.000115469090051557	5.90203807056854e-05	9.70687478206199e-05
vmr_mconsumosdolares	0.000113484282818368	0.000512187508309394	0.000247151965604809
Master_mconsumototal	0.000113125293659886	0.000244078089369531	0.00012021591076246
mttarjeta_master_debitos_automaticos	0.000111850197058575	0.000176684662750435	0.00014784316975756
vm_mpagado	0.000111640386445923	0.000248557228500614	0.000189657399587981
minversion2_tend6	0.00011154515731741	0.000118952999876645	0.000115735814709201
Visa_mpagosdolares_lag1	0.000107813758328185	0.000465524580147194	0.000135149564273325
mv_status07_lag1	0.000106761664576749	0.000164762816140765	0.000323313598510219
ccajas_otras_delta1	0.000106568363966865	0.000973624512000084	0.000139629660326584
mtarjeta_visa_descuentos_delta1	0.000105813511166686	0.000161813727768899	0.000129922785544522
vmr_msaldodolares2_delta1	0.000105269115109994	0.000298937890408198	0.000157550044539622
mtarjeta_master_consumo_delta1	0.00010522464510948	0.000670875371337165	0.000275525907275452
Master_status_tend6	0.000103983497284244	0.00011756111221832	0.000125442689491263
ctarjeta_master_transacciones_lag1	0.000102957700107175	0.000122982053098273	0.000132909516246695
vmr_msaldodolares2_lag1	0.00010232629979996	0.000852122433078609	0.000141123025677671
cseguro_vivienda	0.00010166204365144	7.06327178360657e-05	0.000119469228086917
ccajeros_propios_descuentos_avg6	0.000100819625852638	0.000888828567991853	0.000142616391028757
tcuentas_tend6	9.93821922189362e-05	0.000403684827518078	0.000254618792360242
mcajeros_propios_descuentos_lag1	9.71565994801677e-05	0.000621641644166675	0.000123202641464633
vm_msaldodolares_tend6	9.67287315547682e-05	0.000427747530368961	0.00014560312173093
tcallcenter_delta1	9.6139449611829e-05	0.000291403476417229	0.000163523505943967
vm_status04_avg6	9.58981830101379e-05	4.17011231764757e-05	0.000228484898716229
Visa_fultimo_cierre_delta1	9.5464860919476e-05	7.09729972635887e-05	0.000260592253764587
vm_mconsumosdolares_lag1	9.53104662425165e-05	0.000251101480886898	0.000158296727215165
vm_mpagosdolares_avg6	9.34157431983625e-05	0.000140288640648799	0.000124696006815719
Master_msaldodolares	9.31445314859567e-05	0.000332815603413237	0.000102295526549423
Visa_msaldodolares_lag1	9.23840394774752e-05	0.000193762587352323	0.00012245595878909
vm_fultimo_cierre_delta1	9.18011894216387e-05	4.48082846157369e-05	0.00019189744761461
cseguro_accidentes_personales_lag1	9.17765333267382e-05	5.2097142353157e-05	0.000116482497384744
vm_msaldodolares_delta1	9.13740043026928e-05	0.000111020989887914	0.000102295526549423
mttarjeta_master_debitos_automaticos_lag1	9.10323046514523e-05	0.00015189011779745	0.00011797586273583
cseguro_auto_avg6	9.0411071296622e-05	0.000450184252622018	7.39215848787798e-05
Master_mpagado_delta1	9.02059467552052e-05	0.0001684624499166	0.000192644130290153
vmr_mpagosdolares_avg6	8.93967570064664e-05	0.000185556664491083	0.000132162833571152
vm_status01_delta1	8.92798400422102e-05	0.000281436426518861	5.60012006657423e-05
mtarjeta_master_descuentos	8.83310990994515e-05	0.000477453666744683	8.06417289586689e-05
cseguro_auto_lag1	8.78470434748514e-05	9.72710463537855e-05	3.50940857505318e-05
Master_mconsumosdolares_tend6	8.59934287567329e-05	0.000191154985072617	7.61616329054095e-05
mttarjeta_master_debitos_automaticos_avg6	8.53059790933004e-05	0.000280559181328048	0.00014784316975756
cplazo_fijo_lag1	8.48074879913965e-05	0.000388042833833751	0.000100055478522793
ccajas_consultas_lag1	8.42645905720105e-05	0.000227473780637511	8.06417289586689e-05
ccuenta_debitos_automaticos_delta1	8.33301067061722e-05	0.000300950003689739	0.000146349804406473
ccomisiones_mantenimiento_lag1	8.2344307976552e-05	0.000427539380719147	0.000294939656839576
cpagodeservicios_tend6	8.13235287924837e-05	0.000184577456138477	9.33353344429038e-05
ccajas_transacciones	8.11232888838504e-05	5.11450839548746e-05	8.4375142336385e-05
ccheques_emitidos_avg6	7.92341059777262e-05	0.000765314375788836	7.98950462831256e-05
cdescubierto_preacordado_delta1	7.90778995932083e-05	0.00265359430233038	0.000191150764939067
Master_mpagado_lag1	7.89625435002352e-05	0.000139936897907228	0.000141123025677671
ccajas_otras	7.77492944884175e-05	6.15398964669193e-05	5.15211046124829e-05
Visa_msaldodolares	7.74874349902419e-05	0.000972028094685854	0.00016875028467277
cseguro_vida	7.74301914908969e-05	0.00160388536166604	0.000229231581391772
mcaja_ahorro_adicional_lag1	7.68232811306853e-05	9.8480124319665e-05	5.74945660168287e-05
vm_mconsumototal_lag1	7.67438665189871e-05	9.16431624886539e-05	0.000261338936440131
cseguro_vivienda_tend6	7.62352897559762e-05	0.000246883584649641	0.000118722545411374
tcallcenter_lag1	7.50990449776517e-05	5.40157391253609e-05	8.88552383896444e-05
vm_status06_tend6	7.39640736318892e-05	0.000518179804894781	0.000150829900459733
Master_delinquency_avg6	7.3889452612748e-05	0.000413662134065857	0.000112749084007028
vmr_msaldodolares_delta1	7.25154587243106e-05	0.000115031339807675	9.70687478206199e-05
Visa_delinquency_lag1	7.16422471384105e-05	6.98743291119587e-05	5.8241248692372e-05
vm_Finiciomora_avg6	7.13015090826636e-05	0.000355196215760692	0.000158296727215165
ccajas_transacciones_delta1	6.9694236969347e-05	0.000143201529081566	9.70687478206199e-05
Visa_msaldodolares_delta1	6.89777951780481e-05	0.000152993612607626	0.000138136294975498
ctarjeta_master_debitos_automaticos_lag1	6.88671817022803e-05	3.61673591529994e-05	6.27213447456314e-05
vm_status05	6.85714187405352e-05	7.30285504720474e-05	2.24004802662969e-05
cmobile_app_trx_delta1	6.82514845524526e-05	0.00012058682379461	0.000236698408147204
cseguro_vivienda_lag1	6.81031954243036e-05	2.56488635157027e-05	7.61616329054095e-05
Visa_Finiciomora_avg6	6.65547649874259e-05	0.000524265617989505	0.000102295526549423
ctarjeta_visa_avg6	6.62105723435237e-05	1.98164499946663e-05	7.4668267554323e-05
mcaja_ahorro_adicional_avg6	6.58669669143406e-05	0.000179251841764815	0.000106775622602682
Master_madelantopesos_tend6	6.53965978012139e-05	3.57969131095613e-05	2.16537975907537e-05
cseguro_vida_delta1	6.53166811188611e-05	0.000898470421770655	9.33353344429038e-05
ctarjeta_master_transacciones_delta1	6.38131455993102e-05	0.000161379328499721	0.000114989132033657
mpayroll2_delta1	6.33546110630149e-05	8.46439042640193e-05	5.07744219369397e-05
vmr_msaldodolares	6.32875273502818e-05	9.26374541492175e-05	6.42147100967178e-05
vm_status06_delta1	6.27911975386418e-05	0.000436321485944367	3.36007203994454e-05
ctarjeta_master_debitos_automaticos_delta1	6.05285442868334e-05	0.00013233430736429	0.000120962593438003
mcheques_emitidos_avg6	6.04368861554405e-05	0.00160544557904117	0.000147096487082016
mtarjeta_visa_descuentos_lag1	6.02442477386552e-05	4.64541751800678e-05	6.4961392772261e-05
mtarjeta_master_descuentos_tend6	5.96616041634472e-05	0.000641325361051315	7.4668267554323e-05
vmr_mpagosdolares_delta1	5.93700031755927e-05	0.000383410448293819	8.06417289586689e-05
mtarjeta_master_consumo_lag1	5.92655530739635e-05	9.07701406240693e-05	0.000114242449358114
minversion1_pesos_delta1	5.8861968447984e-05	5.81926087649735e-05	3.95741818037912e-05
Master_mconsumosdolares_avg6	5.87642709990269e-05	0.000925306643288778	0.000120962593438003
cinversion1_avg6	5.78445731237813e-05	7.89677538134235e-05	2.83739416706428e-05
Master_delinquency_tend6	5.76965720209546e-05	0.000104715563829328	7.7654998256496e-05
cpagodeservicios_avg6	5.73349828439766e-05	4.00552326121448e-05	2.61338936440131e-05
vmr_mpagosdolares_lag1	5.71297795693114e-05	0.000106064614893054	5.37611526391126e-05
mtarjeta_visa_descuentos	5.71178890371336e-05	0.0030166730548297	0.000175470428752659
minversion1_pesos_avg6	5.68672678840923e-05	0.000323176162963708	5.22677872880261e-05
Visa_Finiciomora_tend6	5.67263833373381e-05	0.000204646702374512	7.31749022032366e-05
vm_Finiciomora_tend6	5.64507107694774e-05	0.0002377744733079	0.000170243650023857
vmr_msaldodolares_lag1	5.63170836513524e-05	0.000139216519119174	6.57080754478043e-05
Visa_mpagosdolares	5.60491941223089e-05	4.15798533804968e-05	9.55753824695335e-05
ctarjeta_master_tend6	5.54813528478682e-05	0.00012771579846768	7.7654998256496e-05
cseguro_accidentes_personales_delta1	5.45782260927724e-05	3.79073695589857e-05	2.53872109684698e-05
Visa_status_avg6	5.33555414777218e-05	0.00108249703550252	0.000126189372166806
ctarjeta_master_descuentos_tend6	5.12747537702496e-05	0.000194784632299529	0.000124696006815719
Master_Finiciomora_avg6	5.01154238331304e-05	0.000676004902707379	6.94414888255204e-05
cforex_sell_delta1	5.00261536954789e-05	0.00039164834776793	7.01881715010637e-05
Master_msaldodolares_tend6	4.93264986908374e-05	0.000156247383800235	6.42147100967178e-05
vmr_madelantopesos_avg6	4.86735749913802e-05	0.00027259398806181	4.10675471548777e-05
vm_msaldodolares_lag1	4.86395102857519e-05	0.000109746148699339	7.31749022032366e-05
mcajeros_propios_descuentos_delta1	4.83733505405602e-05	0.000311192173125253	8.81085557141012e-05
ccajeros_propios_descuentos_delta1	4.82389990399247e-05	0.000205476887644497	7.91483636075824e-05
ccajas_transacciones_lag1	4.74328458998129e-05	4.87969145720388e-05	7.69083155809527e-05
Master_msaldodolares_delta1	4.74298647238634e-05	3.95357634860858e-05	5.30144699635694e-05
ccaja_ahorro_tend6	4.73693996391314e-05	0.000219413864197299	9.78154304961632e-05
ctarjeta_master_debitos_automaticos	4.71631231983284e-05	9.26392641461724e-05	7.09348541766069e-05
Master_mpagosdolares_delta1	4.65118429515601e-05	7.67637808546621e-05	4.03208644793344e-05
vm_status02_delta1	4.56217555125763e-05	6.9401316574409e-06	2.98673070217292e-06
minversion1_pesos_tend6	4.52721768536215e-05	4.33892470030879e-05	5.00277392613964e-05
Master_mconsumototal_lag1	4.52123819491591e-05	0.00011253716400381	9.48286997939902e-05
mforex_sell_lag1	4.47351467865062e-05	6.48708941962708e-05	5.22677872880261e-05
vmr_madelantopesos_tend6	4.35685362254939e-05	0.000387852784153485	4.03208644793344e-05
vm_madelantopesos_avg6	4.28401360208616e-05	5.32965670019436e-05	2.01604322396672e-05
vm_status03_avg6	4.26036521083545e-05	1.61355195206989e-05	0.000106775622602682
mpagodeservicios_tend6	4.23997841555e-05	0.000241127191000711	5.30144699635694e-05
Visa_madelantopesos_avg6	4.23097535887183e-05	0.00033089459331176	5.37611526391126e-05
vm_status05_avg6	4.22304876281766e-05	7.45845445209512e-05	0.000190404082263524
cseguro_auto	4.19855364969341e-05	7.81285185586638e-05	6.86948061499772e-05
Master_mpagosdolares_avg6	4.12269097888204e-05	0.000365664634815569	6.7948123474434e-05
Visa_delinquency_delta1	4.09702928728659e-05	3.11283276305317e-05	3.58407684260751e-05
cinversion2_avg6	4.00035896804362e-05	0.000345202015908001	4.33075951815074e-05
vm_mpagosdolares_delta1	3.91709777985999e-05	0.000136021271161441	5.67478833412855e-05
cpayroll2_trx_tend6	3.88488911723541e-05	1.07405219304323e-05	1.34402881597781e-05
ccaja_ahorro_delta1	3.76610211997363e-05	0.000197986516912764	7.84016809320392e-05
mpayroll2_tend6	3.62752283893854e-05	2.07829883685879e-05	2.01604322396672e-05
vm_mpagosdolares_lag1	3.57979640559113e-05	0.000112331427683268	4.92810565858532e-05
Master_mconsumosdolares_lag1	3.53577402226477e-05	6.73077534298972e-06	2.24004802662969e-05
vm_Fvencimiento_delta1	3.52379504269217e-05	0.000103478732576806	0.000137389612299954
mtarjeta_master_descuentos_delta1	3.47742901479364e-05	7.76470593686579e-05	3.8827499128248e-05
vm_msaldodolares	3.40670946983861e-05	0.000297751739070414	8.36284596608418e-05
vm_Finiciomora	3.34748805766973e-05	0.000528126341494327	0.000121709276113547
Visa_fechaalta_delta1	3.10791959139256e-05	2.12560009061376e-05	3.80808164527048e-05
Master_mpagosdolares	3.04451755140463e-05	1.29523382093316e-05	2.98673070217292e-05
ccajas_otras_lag1	3.04393678573651e-05	3.61715824792275e-05	4.48009605325938e-05
vmr_madelantopesos_delta1	3.01616066897462e-05	0.000309651865716625	3.58407684260751e-05
mcheques_emitidos_tend6	2.93254953818754e-05	0.000187895180556825	4.853437391031e-05
Master_Finiciomora_tend6	2.91072464315509e-05	0.000805068545574147	7.01881715010637e-05
mprestamos_prendarios_tend6	2.89897677481752e-05	0.000434789625188196	6.04812967190017e-05
ccajas_extracciones	2.88567096137765e-05	0.0011250717838759	9.55753824695335e-05
mcheques_depositados	2.87691322516601e-05	0.000102192428074184	3.73341337771615e-05
vm_Finiciomora_lag1	2.86390684994986e-05	0.00017409455710796	5.22677872880261e-05
Master_mconsumosdolares_delta1	2.86058273222308e-05	5.07963578748954e-05	2.38938456173834e-05
Visa_Finiciomora	2.82683089540235e-05	0.000895022377571553	0.000107522305278225
minversion2_delta1	2.79385956394868e-05	5.47614578707836e-05	3.28540377239021e-05
Master_mconsumosdolares	2.78993436614512e-05	1.12738676998123e-05	3.8827499128248e-05
ctarjeta_debito_delta1	2.70107033010922e-05	3.1381727204219e-05	4.25609125059641e-05
mforex_sell	2.68446905267708e-05	0.000233034694615311	5.60012006657423e-05
tcuentas	2.66261962751245e-05	8.80599718502516e-05	0.000159043409890708
active_quarter_delta1	2.61980872467995e-05	0.000139448802061721	0.000106028939927139
cseguro_vida_lag1	2.57448572621705e-05	3.23289589439549e-05	4.48009605325938e-05
ccajas_extracciones_delta1	2.565721809722e-05	4.38296795954492e-05	4.03208644793344e-05
Master_cadelantosefectivo_tend6	2.52880383609613e-05	1.54127274033718e-05	7.4668267554323e-06
Visa_madelantopesos_tend6	2.42477103896958e-05	0.000426292896149533	6.04812967190017e-05
vm_madelantopesos_tend6	2.42340489182701e-05	2.27408017414816e-05	1.12002401331485e-05
vmr_mpagosdolares	2.38894851585016e-05	3.15868601924421e-05	2.01604322396672e-05
ccajas_extracciones_lag1	2.37477474544128e-05	0.00026383661946164	6.72014407988907e-05
minversion2_avg6	2.33589064268825e-05	0.00028115587699085	3.36007203994454e-05
cinversion2_lag1	2.23302019055824e-05	2.31034044647818e-05	2.24004802662969e-05
ccajas_depositos	2.20230134771826e-05	2.69713679574231e-05	3.65874511016183e-05
minversion1_pesos_lag1	2.19234287275889e-05	6.84685648103124e-05	1.64270188619511e-05
mcheques_depositados_delta1	2.18252019436551e-05	0.000352229027419277	8.51218250119283e-05
mforex_buy_avg6	2.14444864681463e-05	0.00054849122056633	6.34680274211746e-05
Master_mpagosdolares_lag1	2.11900933079442e-05	2.41562193602207e-05	2.9120624346186e-05
vm_mpagosdolares	2.09952968572734e-05	4.05077318508721e-05	3.50940857505318e-05
ccheques_depositados_delta1	2.08708847878439e-05	0.000259521586721136	6.19746620700881e-05
ctarjeta_master_descuentos_delta1	2.04133548319174e-05	0.000144338810501568	2.76272589950995e-05
mcheques_emitidos_delta1	1.9864985519782e-05	9.55986091674492e-05	5.07744219369397e-05
Visa_cadelantosefectivo_avg6	1.98123236754009e-05	0.000194977095309068	2.24004802662969e-05
ccajas_depositos_lag1	1.97018861267476e-05	2.83855789115257e-05	4.55476432081371e-05
ctarjeta_master_descuentos	1.94430590228377e-05	4.75220733834643e-05	3.65874511016183e-05
Visa_status_delta1	1.92921298196796e-05	2.9709893350201e-05	1.19469228086917e-05
Master_madelantopesos	1.92410282626788e-05	5.04506484565077e-06	1.64270188619511e-05
Visa_delinquency	1.89084465520332e-05	9.64306044343892e-06	5.8241248692372e-05
Visa_madelantodolares_lag1	1.88760729750711e-05	1.74966372307908e-08	7.4668267554323e-07
ccajeros_propios_descuentos	1.87075066622637e-05	5.16193031570609e-05	3.80808164527048e-05
mpagodeservicios_avg6	1.8503091939929e-05	1.25631888640261e-05	1.26936054842349e-05
ctarjeta_visa_descuentos_delta1	1.79716102569862e-05	0.000143366842136781	3.8827499128248e-05
cpayroll2_trx_delta1	1.79528752543232e-05	3.47893481379951e-05	2.01604322396672e-05
minversion2	1.77401520319147e-05	0.000652576302123031	4.853437391031e-05
Master_status_delta1	1.73963212908455e-05	8.17153291909759e-06	1.49336535108646e-05
mprestamos_hipotecarios_delta1	1.68811300024024e-05	2.32331209132169e-05	1.86670668885808e-05
ccheques_emitidos_tend6	1.64629704434218e-05	5.87030279062579e-05	3.28540377239021e-05
cinversion2	1.58512359893745e-05	0.000583017515813545	5.74945660168287e-05
mforex_buy_delta1	1.57500186446315e-05	0.000206616582393772	3.73341337771615e-05
cforex_delta1	1.56327750248337e-05	0.000139457852046495	3.36007203994454e-05
ctarjeta_visa_tend6	1.55047899011614e-05	1.20636297044711e-05	3.95741818037912e-05
mforex_buy	1.54773560513255e-05	8.73444197207441e-05	2.76272589950995e-05
mcheques_depositados_lag1	1.53835675284343e-05	4.07001948604108e-05	2.24004802662969e-05
Master_Finiciomora	1.49080285249954e-05	4.71057740838352e-05	3.73341337771615e-05
Master_delinquency	1.48229418045468e-05	5.65503381945524e-06	4.25609125059641e-05
cforex_buy_tend6	1.46197737617564e-05	3.13787105426275e-05	2.98673070217292e-05
mcheques_emitidos_rechazados_lag1	1.45855327478187e-05	2.4982784636296e-05	1.49336535108646e-05
mcajeros_propios_descuentos	1.44527644923829e-05	9.92288597266792e-05	3.73341337771615e-05
mcheques_emitidos	1.36262117348351e-05	0.000402652525921461	3.58407684260751e-05
Master_madelantopesos_avg6	1.35873218031092e-05	1.32135811031568e-05	1.04535574576052e-05
mtarjeta_master_descuentos_lag1	1.33221310694688e-05	1.15538138955049e-05	2.01604322396672e-05
cinversion1	1.329272020971e-05	0.00187186446082515	6.94414888255204e-05
minversion1_pesos	1.31182032551105e-05	0.000305348296290169	2.61338936440131e-05
tcuentas_lag1	1.31106687501909e-05	3.58337163809778e-05	6.42147100967178e-05
vm_status03	1.29574205007096e-05	1.96324336375838e-06	1.04535574576052e-05
vm_madelantodolares_avg6	1.2516025026035e-05	1.39780031504469e-05	2.98673070217292e-06
ccajas_depositos_delta1	1.23504301706196e-05	4.42115889529351e-05	4.62943258836803e-05
vm_status05_lag1	1.20819118693753e-05	2.16946235015439e-05	1.56803361864078e-05
vm_fechaalta_delta1	1.20294173310089e-05	8.55585560585669e-06	2.53872109684698e-05
Visa_madelantopesos_delta1	1.185128532346e-05	0.000112816506867184	2.98673070217292e-05
cprestamos_prendarios	1.17736856707266e-05	4.35485267351199e-06	8.21350943097554e-06
cforex_buy_delta1	1.15536243345354e-05	0.000103037093319809	1.64270188619511e-05
ctarjeta_visa_descuentos	1.01997818343249e-05	6.34735765470808e-05	2.98673070217292e-05
Master_fechaalta_delta1	9.85094693666394e-06	1.40890162970147e-05	3.65874511016183e-05
mplazo_fijo_pesos_avg6	9.20163500617122e-06	4.92982837285488e-06	8.21350943097554e-06
mforex_buy_tend6	9.10922418609707e-06	5.72568403392853e-05	2.76272589950995e-05
cseguro_auto_tend6	8.9615423263345e-06	7.19455689606933e-05	1.26936054842349e-05
ccheques_emitidos_delta1	8.79611803161038e-06	1.15037373130858e-05	2.09071149152105e-05
Visa_status_lag1	8.79164926895005e-06	0.000431514134032128	2.83739416706428e-05
vmr_madelantopesos_lag1	8.71517547167766e-06	5.70625673327917e-05	1.34402881597781e-05
ccheques_depositados	8.66338790520885e-06	2.9037177815293e-05	2.09071149152105e-05
mcheques_emitidos_rechazados_delta1	8.61997725421888e-06	1.79515497987913e-05	1.04535574576052e-05
cprestamos_prendarios_tend6	8.61660730028551e-06	7.3477429716865e-05	3.50940857505318e-05
mpagodeservicios_delta1	8.60806560727461e-06	1.45849554626599e-05	1.19469228086917e-05
ctarjeta_master_delta1	8.43155024732712e-06	7.78672756648386e-05	1.41869708353214e-05
cforex_sell_lag1	8.2001181898308e-06	2.37459533837746e-05	1.26936054842349e-05
minversion2_lag1	8.10247319105974e-06	2.0454775587431e-05	2.01604322396672e-05
mprestamos_prendarios_delta1	8.05437876251321e-06	0.00047665847474916	5.00277392613964e-05
ctarjeta_visa_delta1	8.01372428963095e-06	3.21515792423738e-06	7.4668267554323e-06
ctarjeta_visa_descuentos_lag1	7.88319580441302e-06	1.53403275251754e-05	1.41869708353214e-05
ccheques_emitidos_rechazados_tend6	7.54110843884656e-06	1.06198554667717e-05	1.86670668885808e-05
mcheques_emitidos_rechazados_avg6	7.45963262696251e-06	4.02881188870098e-05	1.64270188619511e-05
mprestamos_hipotecarios_lag1	7.38524011999305e-06	4.04111986799436e-06	6.72014407988907e-06
cforex_buy	7.12076817818547e-06	1.18904733291181e-05	1.34402881597781e-05
mcheques_emitidos_rechazados_tend6	7.11509957318431e-06	7.20620120981258e-06	8.21350943097554e-06
Master_cadelantosefectivo_avg6	6.78014996553372e-06	6.23543950966285e-06	2.98673070217292e-06
cinversion1_delta1	6.77676960562453e-06	1.23562458788481e-05	9.70687478206199e-06
mcheques_emitidos_lag1	6.72635850354883e-06	9.57186722987915e-06	1.56803361864078e-05
ccheques_emitidos_rechazados_avg6	6.55229463993584e-06	0.000203131131590934	6.57080754478043e-05
vm_madelantopesos_delta1	6.3767964908457e-06	1.00141098191953e-05	4.48009605325938e-06
ccheques_emitidos	6.35801471446426e-06	0.000458461368696819	1.9413749564124e-05
Master_madelantopesos_delta1	6.1153768837108e-06	2.78317198433234e-06	4.48009605325938e-06
Visa_cadelantosefectivo_delta1	6.09232114218046e-06	8.40797885464059e-05	1.79203842130375e-05
cforex_buy_avg6	6.06186285965703e-06	0.000201890680344503	1.9413749564124e-05
cseguro_vivienda_delta1	5.58899884282035e-06	8.1920462179199e-06	6.72014407988907e-06
vm_Finiciomora_delta1	4.96639372500659e-06	0.000152187560630373	2.01604322396672e-05
ccheques_emitidos_lag1	4.96366308876993e-06	9.21891782367183e-07	5.22677872880261e-06
vm_madelantopesos_lag1	4.94295660884886e-06	4.09481644432334e-06	3.73341337771615e-06
mpayroll2	4.86247697410074e-06	1.37801101500435e-05	6.72014407988907e-06
mprestamos_prendarios	4.79597180180571e-06	0.000396284353301772	2.68805763195563e-05
cprestamos_prendarios_avg6	4.69555681774865e-06	0.000204377616160549	3.28540377239021e-05
cinversion2_tend6	4.51299112701047e-06	1.17269702708579e-05	8.21350943097554e-06
ctarjeta_master_descuentos_lag1	4.4100723640039e-06	2.63264057091571e-05	1.26936054842349e-05
vmr_madelantopesos	4.28537643503588e-06	1.91618344293074e-06	3.73341337771615e-06
cinversion1_lag1	4.1072094777197e-06	1.1952013225585e-06	2.98673070217292e-06
mprestamos_hipotecarios	4.10387296455797e-06	4.36287699334542e-05	1.41869708353214e-05
Visa_Finiciomora_delta1	3.97103448267427e-06	1.53825607874566e-05	7.4668267554323e-06
ctarjeta_visa	3.72573523683323e-06	5.88230910376003e-05	0.000144109756379843
cinversion2_delta1	3.66312221645902e-06	6.03090985375809e-06	2.98673070217292e-06
mplazo_fijo_pesos_tend6	3.57749355835184e-06	1.47750051429253e-05	8.21350943097554e-06
vm_cadelantosefectivo_avg6	3.53711537646966e-06	1.08841150221885e-06	2.98673070217292e-06
ccheques_depositados_lag1	3.44183051195177e-06	4.12196639864698e-05	1.26936054842349e-05
mplazo_fijo_pesos_lag1	3.44120384750757e-06	5.87042345708945e-07	7.4668267554323e-07
cpagodeservicios_lag1	3.39551307802511e-06	4.68004879307738e-06	8.21350943097554e-06
Master_cadelantosefectivo_delta1	3.37491033144849e-06	1.255112221766e-05	1.19469228086917e-05
vm_madelantodolares_tend6	3.30375765227039e-06	3.59465395245005e-06	7.4668267554323e-07
cprestamos_hipotecarios_tend6	3.17198709422281e-06	1.97772333939766e-06	2.24004802662969e-06
vmr_madelantodolares_tend6	3.14840736054045e-06	3.61637391590896e-06	7.4668267554323e-07
mplazo_fijo_pesos	3.13026242418483e-06	6.7283620137165e-06	7.4668267554323e-06
Master_madelantopesos_lag1	3.02108399515803e-06	9.64125044648402e-06	1.49336535108646e-05
cforex_lag1	2.94647157744295e-06	7.39142423153164e-06	2.38938456173834e-05
cforex	2.87015511806837e-06	0.00010141895604212	2.09071149152105e-05
vm_status02_lag1	2.84882564409389e-06	7.45296412799856e-06	5.97346140434584e-06
cpagodeservicios	2.80142291558712e-06	5.04808150724229e-06	8.21350943097554e-06
Visa_madelantopesos_lag1	2.76093734148662e-06	3.28273114388733e-06	1.04535574576052e-05
cforex_sell	2.7291111594581e-06	4.45808283317366e-05	7.4668267554323e-06
ccheques_emitidos_rechazados_delta1	2.69715281256573e-06	1.03471492588987e-06	2.98673070217292e-06
mprestamos_hipotecarios_tend6	2.61985942482171e-06	1.70109547145567e-05	6.72014407988907e-06
Visa_cadelantosefectivo_tend6	2.54119863740943e-06	4.11599340869578e-05	5.22677872880261e-06
Visa_madelantopesos	2.4777953517943e-06	4.25711283794688e-06	2.24004802662969e-05
ccajeros_propios_descuentos_lag1	2.37843307893775e-06	1.24521757174583e-05	1.26936054842349e-05
tcuentas_delta1	1.98565405700213e-06	4.20136493173568e-05	1.56803361864078e-05
vm_status01_lag1	1.81212259387714e-06	0.00115440761118875	6.72014407988907e-05
mplazo_fijo_pesos_delta1	1.60821801395296e-06	4.56601898491809e-06	4.48009605325938e-06
cpagodeservicios_delta1	1.49413887392354e-06	1.53065409153504e-06	4.48009605325938e-06
ccheques_emitidos_rechazados_lag1	1.25690364533404e-06	3.32436107385025e-06	5.22677872880261e-06
vm_cadelantosefectivo_delta1	1.19896396013261e-06	1.17921301612347e-05	5.22677872880261e-06
mprestamos_prendarios_lag1	1.16164893103116e-06	4.3674019857327e-05	7.4668267554323e-06
Master_status_lag1	1.02365206066819e-06	1.58181667212715e-05	1.71737015374943e-05
mpayroll2_avg6	9.97035453924755e-07	6.32895601899983e-07	2.24004802662969e-06
Master_cadelantosefectivo	9.39683113919453e-07	2.0814964981458e-07	5.97346140434584e-06
vm_cadelantosefectivo_lag1	9.30125527814037e-07	2.95029503650231e-07	7.4668267554323e-07
ccaja_seguridad_delta1	8.6798865849327e-07	2.33127607792329e-06	2.24004802662969e-06
minversion1_dolares_tend6	7.79828412765797e-07	2.17199634589127e-07	7.4668267554323e-07
vm_cadelantosefectivo_tend6	5.22059739104456e-07	3.59405062013175e-06	2.24004802662969e-06
vm_status03_lag1	4.89448200794795e-07	5.48429077337545e-07	2.24004802662969e-06
ctarjeta_master_lag1	4.7596738695977e-07	1.7737970158112e-07	2.98673070217292e-06
Master_madelantodolares_lag1	4.50448152815778e-07	1.69053715588537e-06	1.49336535108646e-06
cprestamos_hipotecarios_avg6	4.44984649747578e-07	6.17812293942405e-06	2.98673070217292e-06
cpayroll2_trx_avg6	4.24699948773997e-07	1.11314812726927e-06	2.24004802662969e-06
Master_delinquency_lag1	4.08403633925136e-07	7.07105477051268e-07	8.21350943097554e-06
mprestamos_prendarios_avg6	3.54494747585745e-07	0.000254424031963793	1.86670668885808e-05
Visa_madelantodolares_tend6	2.8563884731047e-07	3.68032714164909e-08	1.49336535108646e-06
ccheques_emitidos_rechazados	2.82725156401893e-07	3.90959342260428e-07	7.4668267554323e-07
mcheques_depositados_rechazados_avg6	2.5613314302876e-07	1.21873128297232e-07	7.4668267554323e-07
vm_status04_lag1	2.54164823089912e-07	2.09838980305829e-06	1.26936054842349e-05
ccheques_depositados_rechazados_avg6	2.31792732457464e-07	7.23395449645453e-07	1.49336535108646e-06
Master_delinquency_delta1	2.1458856278745e-07	2.15389637634217e-07	2.98673070217292e-06
cliente_vip_avg6	2.10459467224199e-07	1.92463009538698e-07	7.4668267554323e-07
mpagodeservicios	1.70408907568529e-07	1.13426475840988e-07	1.49336535108646e-06
cprestamos_hipotecarios	1.58773396523566e-07	7.07708809369571e-07	2.98673070217292e-06
ccuenta_corriente	1.49374586199868e-07	2.31196944373759e-06	2.98673070217292e-06
Visa_cadelantosefectivo	1.21999109530127e-07	3.10112811607809e-07	1.49336535108646e-06
ccheques_depositados_rechazados_tend6	9.47878086895279e-08	8.20531952892257e-08	7.4668267554323e-07
cforex_buy_lag1	9.24670107047488e-08	3.34849436658237e-07	1.49336535108646e-06
cprestamos_prendarios_lag1	8.6802306457708e-08	1.11978478277061e-06	4.48009605325938e-06
Visa_cadelantosefectivo_lag1	8.31851923670148e-08	9.14048462229242e-07	1.49336535108646e-06
cliente_vip	6.99544213158388e-08	2.52796241369011e-07	1.49336535108646e-06
Master_madelantodolares_delta1	6.94263296192472e-08	9.35165093369851e-08	7.4668267554323e-07
cseguro_auto_delta1	5.38481672784437e-08	8.67591873719901e-07	7.4668267554323e-07
vm_cadelantosefectivo	4.96621658352862e-08	4.84837850988395e-06	2.98673070217292e-06
ccuenta_corriente_lag1	4.55774358818499e-08	2.74938537450736e-06	2.24004802662969e-06
ctarjeta_visa_lag1	3.7678978216875e-08	4.07852647172916e-07	4.48009605325938e-06
mprestamos_hipotecarios_avg6	3.30020636421632e-08	6.32895601899983e-07	7.4668267554323e-07
mpagodeservicios_lag1	3.00338631880187e-08	6.14795632350889e-07	2.24004802662969e-06
cliente_vip_lag1	2.350522366685e-08	5.61099056021911e-08	1.49336535108646e-06
Master_Finiciomora_lag1	2.13031667174671e-08	1.10590813944964e-06	2.98673070217292e-06
cpayroll2_trx	2.08148929552162e-08	2.36506268774827e-07	7.4668267554323e-07
cliente_vip_delta1	1.78917885184276e-08	5.37569095608089e-07	7.4668267554323e-07
mpayroll2_lag1	1.78486382470731e-08	1.73759707671301e-07	7.4668267554323e-07
vm_madelantopesos	1.16441020817708e-08	1.0174596215864e-05	3.73341337771615e-06
cprestamos_hipotecarios_lag1	5.06447571133043e-09	4.68909877785193e-06	7.4668267554323e-07
Visa_madelantodolares	4.63375970586735e-09	8.68798538356507e-08	2.98673070217292e-06
mcheques_emitidos_rechazados	4.47346886996771e-09	2.47366250504283e-08	7.4668267554323e-07
Visa_madelantodolares_delta1	1.41535835881602e-09	1.68933049124876e-08	7.4668267554323e-07
vm_status06_lag1	1.00880340537254e-09	5.52049071247364e-07	3.73341337771615e-06
